Airline,Date_of_Journey,Source,Destination,Route,Dep_Time,Arrival_Time,Duration,Total_Stops,Additional_Info,Price,Day,Month,Year,Dep_Hr,Dep_Min,Arr_Hr,Arr_Min,Duration_Hr,Duration_Min
IndiGo,24/03/2019,Banglore,New Delhi,BLR → DEL,22:20,01:10,2:50,0,No Info,3897,24,03,2019,22,20,01,10,2,50
Air India,1/05/2019,Kolkata,Banglore,CCU → IXR → BBI → BLR,05:50,13:15,7:25,2,No Info,7662,1,05,2019,05,50,13,15,7,25
Jet Airways,9/06/2019,Delhi,Cochin,DEL → LKO → BOM → COK,09:25,04:25,19h,2,No Info,13882,9,06,2019,09,25,04,25,19h,
IndiGo,12/05/2019,Kolkata,Banglore,CCU → NAG → BLR,18:05,23:30,5:25,1,No Info,6218,12,05,2019,18,05,23,30,5,25
IndiGo,01/03/2019,Banglore,New Delhi,BLR → NAG → DEL,16:50,21:35,4:45,1,No Info,13302,01,03,2019,16,50,21,35,4,45
SpiceJet,24/06/2019,Kolkata,Banglore,CCU → BLR,09:00,11:25,2:25,0,No Info,3873,24,06,2019,09,00,11,25,2,25
Jet Airways,12/03/2019,Banglore,New Delhi,BLR → BOM → DEL,18:55,10:25,15:30,1,In-flight meal not included,11087,12,03,2019,18,55,10,25,15,30
Jet Airways,01/03/2019,Banglore,New Delhi,BLR → BOM → DEL,08:00,05:05,21:5,1,No Info,22270,01,03,2019,08,00,05,05,21,5
Jet Airways,12/03/2019,Banglore,New Delhi,BLR → BOM → DEL,08:55,10:25,25:30,1,In-flight meal not included,11087,12,03,2019,08,55,10,25,25,30
Multiple carriers,27/05/2019,Delhi,Cochin,DEL → BOM → COK,11:25,19:15,7:50,1,No Info,8625,27,05,2019,11,25,19,15,7,50
Air India,1/06/2019,Delhi,Cochin,DEL → BLR → COK,09:45,23:00,13:15,1,No Info,8907,1,06,2019,09,45,23,00,13,15
IndiGo,18/04/2019,Kolkata,Banglore,CCU → BLR,20:20,22:55,2:35,0,No Info,4174,18,04,2019,20,20,22,55,2,35
Air India,24/06/2019,Chennai,Kolkata,MAA → CCU,11:40,13:55,2:15,0,No Info,4667,24,06,2019,11,40,13,55,2,15
Jet Airways,9/05/2019,Kolkata,Banglore,CCU → BOM → BLR,21:10,09:20,12:10,1,In-flight meal not included,9663,9,05,2019,21,10,09,20,12,10
IndiGo,24/04/2019,Kolkata,Banglore,CCU → BLR,17:15,19:50,2:35,0,No Info,4804,24,04,2019,17,15,19,50,2,35
Air India,3/03/2019,Delhi,Cochin,DEL → AMD → BOM → COK,16:40,19:15,26:35,2,No Info,14011,3,03,2019,16,40,19,15,26,35
SpiceJet,15/04/2019,Delhi,Cochin,DEL → PNQ → COK,08:45,13:15,4:30,1,No Info,5830,15,04,2019,08,45,13,15,4,30
Jet Airways,12/06/2019,Delhi,Cochin,DEL → BOM → COK,14:00,12:35,22:35,1,In-flight meal not included,10262,12,06,2019,14,00,12,35,22,35
Air India,12/06/2019,Delhi,Cochin,DEL → CCU → BOM → COK,20:15,19:15,23h,2,No Info,13381,12,06,2019,20,15,19,15,23h,
Jet Airways,27/05/2019,Delhi,Cochin,DEL → BOM → COK,16:00,12:35,20:35,1,In-flight meal not included,12898,27,05,2019,16,00,12,35,20,35
GoAir,6/03/2019,Delhi,Cochin,DEL → BOM → COK,14:10,19:20,5:10,1,No Info,19495,6,03,2019,14,10,19,20,5,10
Air India,21/03/2019,Banglore,New Delhi,BLR → COK → DEL,22:00,13:20,15:20,1,No Info,6955,21,03,2019,22,00,13,20,15,20
IndiGo,3/04/2019,Banglore,Delhi,BLR → DEL,04:00,06:50,2:50,0,No Info,3943,3,04,2019,04,00,06,50,2,50
IndiGo,1/05/2019,Banglore,Delhi,BLR → DEL,18:55,21:50,2:55,0,No Info,4823,1,05,2019,18,55,21,50,2,55
Jet Airways,6/05/2019,Kolkata,Banglore,CCU → BOM → BLR,18:55,08:15,13:20,1,In-flight meal not included,7757,6,05,2019,18,55,08,15,13,20
Jet Airways,9/06/2019,Delhi,Cochin,DEL → IDR → BOM → COK,21:25,12:35,15:10,2,No Info,13292,9,06,2019,21,25,12,35,15,10
IndiGo,1/06/2019,Delhi,Cochin,DEL → LKO → COK,21:50,03:35,5:45,1,No Info,8238,1,06,2019,21,50,03,35,5,45
GoAir,15/05/2019,Delhi,Cochin,DEL → BOM → COK,07:00,12:55,5:55,1,No Info,7682,15,05,2019,07,00,12,55,5,55
Vistara,18/06/2019,Banglore,Delhi,BLR → DEL,09:45,12:35,2:50,0,No Info,4668,18,06,2019,09,45,12,35,2,50
Vistara,15/06/2019,Chennai,Kolkata,MAA → CCU,07:05,09:20,2:15,0,No Info,3687,15,06,2019,07,05,09,20,2,15
Vistara,18/06/2019,Chennai,Kolkata,MAA → CCU,07:05,09:20,2:15,0,No Info,3687,18,06,2019,07,05,09,20,2,15
Air India,1/05/2019,Kolkata,Banglore,CCU → GAU → DEL → BLR,09:50,23:15,13:25,2,No Info,13227,1,05,2019,09,50,23,15,13,25
IndiGo,6/04/2019,Banglore,Delhi,BLR → DEL,04:00,06:50,2:50,0,No Info,4423,6,04,2019,04,00,06,50,2,50
Jet Airways,15/06/2019,Delhi,Cochin,DEL → NAG → BOM → COK,14:35,12:35,22h,2,In-flight meal not included,10919,15,06,2019,14,35,12,35,22h,
Jet Airways,18/05/2019,Delhi,Cochin,DEL → BOM → COK,07:05,12:35,5:30,1,In-flight meal not included,12373,18,05,2019,07,05,12,35,5,30
IndiGo,27/06/2019,Delhi,Cochin,DEL → BOM → COK,10:35,21:00,10:25,1,No Info,5894,27,06,2019,10,35,21,00,10,25
SpiceJet,21/05/2019,Kolkata,Banglore,CCU → MAA → BLR,15:05,20:20,5:15,1,No Info,4649,21,05,2019,15,05,20,20,5,15
Air India,18/05/2019,Kolkata,Banglore,CCU → BLR,14:15,16:45,2:30,0,No Info,6245,18,05,2019,14,15,16,45,2,30
Jet Airways,06/03/2019,Banglore,New Delhi,BLR → BOM → DEL,07:00,13:15,6:15,1,No Info,19225,06,03,2019,07,00,13,15,6,15
Jet Airways,3/06/2019,Delhi,Cochin,DEL → BOM → COK,07:05,19:00,11:55,1,No Info,14924,3,06,2019,07,05,19,00,11,55
Multiple carriers,21/05/2019,Delhi,Cochin,DEL → HYD → COK,07:05,18:10,11:5,1,No Info,9646,21,05,2019,07,05,18,10,11,5
Air India,15/03/2019,Banglore,New Delhi,BLR → BOM → DEL,06:45,15:15,8:30,1,No Info,8714,15,03,2019,06,45,15,15,8,30
Jet Airways,18/05/2019,Delhi,Cochin,DEL → BOM → COK,20:55,19:00,22:5,1,In-flight meal not included,12373,18,05,2019,20,55,19,00,22,5
Air Asia,6/05/2019,Banglore,Delhi,BLR → DEL,11:10,13:55,2:45,0,No Info,3383,6,05,2019,11,10,13,55,2,45
Multiple carriers,21/03/2019,Delhi,Cochin,DEL → BOM → COK,09:00,21:00,12h,1,No Info,13062,21,03,2019,09,00,21,00,12h,
SpiceJet,24/03/2019,Banglore,New Delhi,BLR → DEL,05:45,08:35,2:50,0,No check-in baggage included,3527,24,03,2019,05,45,08,35,2,50
IndiGo,27/05/2019,Banglore,Delhi,BLR → DEL,04:00,06:50,2:50,0,No Info,3943,27,05,2019,04,00,06,50,2,50
Air India,3/05/2019,Chennai,Kolkata,MAA → CCU,11:40,13:55,2:15,0,No Info,4667,3,05,2019,11,40,13,55,2,15
Air India,15/05/2019,Kolkata,Banglore,CCU → HYD → BLR,19:00,11:05,16:5,1,No Info,6117,15,05,2019,19,00,11,05,16,5
Jet Airways,27/06/2019,Delhi,Cochin,DEL → AMD → BOM → COK,23:05,19:00,19:55,2,In-flight meal not included,11150,27,06,2019,23,05,19,00,19,55
Jet Airways,9/03/2019,Delhi,Cochin,DEL → COK,11:00,14:15,3:15,0,In-flight meal not included,7202,9,03,2019,11,00,14,15,3,15
Jet Airways,1/05/2019,Kolkata,Banglore,CCU → DEL → BLR,09:35,10:55,25:20,1,No Info,12121,1,05,2019,09,35,10,55,25,20
IndiGo,24/03/2019,Banglore,New Delhi,BLR → DEL,22:20,01:10,2:50,0,No Info,4377,24,03,2019,22,20,01,10,2,50
IndiGo,18/06/2019,Banglore,Delhi,BLR → DEL,21:15,00:15,3h,0,No Info,3943,18,06,2019,21,15,00,15,3h,
Air Asia,3/04/2019,Banglore,Delhi,BLR → DEL,23:55,02:45,2:50,0,No Info,4483,3,04,2019,23,55,02,45,2,50
Jet Airways,24/03/2019,Kolkata,Banglore,CCU → BOM → BLR,19:45,12:00,16:15,1,No Info,14231,24,03,2019,19,45,12,00,16,15
Air India,01/03/2019,Banglore,New Delhi,BLR → BOM → AMD → DEL,08:50,23:55,15:5,2,No Info,17345,01,03,2019,08,50,23,55,15,5
Vistara,6/03/2019,Chennai,Kolkata,MAA → CCU,07:05,09:20,2:15,0,No Info,7414,6,03,2019,07,05,09,20,2,15
Multiple carriers,6/05/2019,Delhi,Cochin,DEL → BOM → COK,19:00,01:30,6:30,1,No Info,8073,6,05,2019,19,00,01,30,6,30
Vistara,6/03/2019,Mumbai,Hyderabad,BOM → DEL → HYD,15:40,16:45,25:5,1,No Info,12395,6,03,2019,15,40,16,45,25,5
Air India,6/06/2019,Kolkata,Banglore,CCU → BOM → BLR,09:25,21:50,12:25,1,No Info,8366,6,06,2019,09,25,21,50,12,25
Air India,3/04/2019,Delhi,Cochin,DEL → MAA → COK,06:05,09:25,27:20,1,No Info,5117,3,04,2019,06,05,09,25,27,20
Multiple carriers,3/06/2019,Delhi,Cochin,DEL → BOM → COK,08:45,19:00,10:15,1,No Info,12524,3,06,2019,08,45,19,00,10,15
IndiGo,15/05/2019,Delhi,Cochin,DEL → BOM → COK,15:00,01:30,10:30,1,No Info,7191,15,05,2019,15,00,01,30,10,30
Vistara,24/05/2019,Chennai,Kolkata,MAA → CCU,07:05,09:20,2:15,0,No Info,3687,24,05,2019,07,05,09,20,2,15
IndiGo,24/06/2019,Delhi,Cochin,DEL → BOM → COK,10:35,21:00,10:25,1,No Info,5894,24,06,2019,10,35,21,00,10,25
Vistara,24/04/2019,Banglore,Delhi,BLR → DEL,09:45,12:35,2:50,0,No Info,5403,24,04,2019,09,45,12,35,2,50
Air India,6/05/2019,Mumbai,Hyderabad,BOM → HYD,13:55,15:25,1:30,0,No Info,3625,6,05,2019,13,55,15,25,1,30
Air India,21/05/2019,Delhi,Cochin,DEL → BHO → BOM → COK,05:55,19:15,13:20,2,No Info,10861,21,05,2019,05,55,19,15,13,20
IndiGo,12/03/2019,Chennai,Kolkata,MAA → CCU,13:20,15:35,2:15,0,No Info,6297,12,03,2019,13,20,15,35,2,15
Jet Airways,1/06/2019,Mumbai,Hyderabad,BOM → HYD,07:05,08:30,1:25,0,No Info,5678,1,06,2019,07,05,08,30,1,25
Jet Airways,09/03/2019,Banglore,New Delhi,BLR → BOM → DEL,05:45,08:15,26:30,1,In-flight meal not included,9134,09,03,2019,05,45,08,15,26,30
Multiple carriers,24/06/2019,Delhi,Cochin,DEL → BOM → COK,11:40,19:00,7:20,1,In-flight meal not included,10791,24,06,2019,11,40,19,00,7,20
Jet Airways,24/06/2019,Delhi,Cochin,DEL → AMD → BOM → COK,23:05,12:35,13:30,2,No Info,12819,24,06,2019,23,05,12,35,13,30
IndiGo,21/03/2019,Delhi,Cochin,DEL → BLR → COK,05:05,10:05,5h,1,No Info,6893,21,03,2019,05,05,10,05,5h,
Vistara,09/03/2019,Banglore,New Delhi,BLR → DEL,09:50,12:35,2:45,0,No Info,7240,09,03,2019,09,50,12,35,2,45
GoAir,3/04/2019,Banglore,Delhi,BLR → DEL,11:40,14:30,2:50,0,No Info,3898,3,04,2019,11,40,14,30,2,50
IndiGo,3/04/2019,Mumbai,Hyderabad,BOM → HYD,06:25,07:55,1:30,0,No Info,4049,3,04,2019,06,25,07,55,1,30
Jet Airways,15/06/2019,Delhi,Cochin,DEL → BOM → COK,17:30,12:35,19:5,1,In-flight meal not included,10262,15,06,2019,17,30,12,35,19,5
SpiceJet,21/03/2019,Chennai,Kolkata,MAA → CCU,08:20,10:35,2:15,0,No check-in baggage included,3332,21,03,2019,08,20,10,35,2,15
Jet Airways,9/06/2019,Kolkata,Banglore,CCU → BOM → BLR,21:10,12:00,14:50,1,In-flight meal not included,10844,9,06,2019,21,10,12,00,14,50
Jet Airways,24/03/2019,Banglore,New Delhi,BLR → DEL,19:55,22:35,2:40,0,No Info,7229,24,03,2019,19,55,22,35,2,40
Jet Airways,6/05/2019,Kolkata,Banglore,CCU → BOM → BLR,06:30,04:40,22:10,1,No Info,13941,6,05,2019,06,30,04,40,22,10
IndiGo,27/06/2019,Delhi,Cochin,DEL → BOM → COK,11:25,21:00,9:35,1,No Info,5894,27,06,2019,11,25,21,00,9,35
Multiple carriers,18/05/2019,Delhi,Cochin,DEL → BOM → COK,09:00,19:00,10h,1,No Info,10197,18,05,2019,09,00,19,00,10h,
Jet Airways,06/03/2019,Banglore,New Delhi,BLR → BOM → DEL,14:05,11:25,21:20,1,In-flight meal not included,13712,06,03,2019,14,05,11,25,21,20
IndiGo,24/06/2019,Delhi,Cochin,DEL → MAA → COK,02:00,07:25,5:25,1,No Info,5636,24,06,2019,02,00,07,25,5,25
Jet Airways,6/06/2019,Delhi,Cochin,DEL → JAI → BOM → COK,09:40,04:25,18:45,2,No Info,13014,6,06,2019,09,40,04,25,18,45
Jet Airways,1/04/2019,Kolkata,Banglore,CCU → BOM → BLR,08:25,20:45,12:20,1,In-flight meal not included,7064,1,04,2019,08,25,20,45,12,20
Jet Airways,24/05/2019,Kolkata,Banglore,CCU → DEL → BLR,20:25,14:25,18h,1,In-flight meal not included,10703,24,05,2019,20,25,14,25,18h,
Multiple carriers,27/05/2019,Delhi,Cochin,DEL → HYD → COK,13:15,22:30,9:15,1,No Info,9646,27,05,2019,13,15,22,30,9,15
Multiple carriers,6/03/2019,Delhi,Cochin,DEL → BOM → COK,02:15,13:20,11:5,1,No Info,17057,6,03,2019,02,15,13,20,11,5
Jet Airways,12/03/2019,Banglore,New Delhi,BLR → BOM → DEL,16:55,10:25,17:30,1,No Info,13817,12,03,2019,16,55,10,25,17,30
Air India,6/03/2019,Delhi,Cochin,DEL → BHO → BOM → COK,05:55,19:15,13:20,2,No Info,13748,6,03,2019,05,55,19,15,13,20
Air India,21/04/2019,Kolkata,Banglore,CCU → BLR,20:45,23:20,2:35,0,No Info,4880,21,04,2019,20,45,23,20,2,35
IndiGo,21/06/2019,Chennai,Kolkata,MAA → CCU,05:15,07:40,2:25,0,No Info,3540,21,06,2019,05,15,07,40,2,25
SpiceJet,15/05/2019,Banglore,Delhi,BLR → DEL,05:55,08:35,2:40,0,No check-in baggage included,3257,15,05,2019,05,55,08,35,2,40
Jet Airways,3/06/2019,Banglore,Delhi,BLR → DEL,19:50,22:50,3h,0,In-flight meal not included,6478,3,06,2019,19,50,22,50,3h,
Jet Airways,18/06/2019,Mumbai,Hyderabad,BOM → HYD,07:05,08:30,1:25,0,No Info,8040,18,06,2019,07,05,08,30,1,25
Jet Airways,12/06/2019,Delhi,Cochin,DEL → ATQ → BOM → COK,20:00,12:35,16:35,2,No Info,14300,12,06,2019,20,00,12,35,16,35
Jet Airways,15/05/2019,Kolkata,Banglore,CCU → BOM → BLR,08:25,20:45,12:20,1,No Info,14781,15,05,2019,08,25,20,45,12,20
Jet Airways,9/06/2019,Kolkata,Banglore,CCU → BOM → BLR,20:00,08:15,12:15,1,No Info,14939,9,06,2019,20,00,08,15,12,15
Jet Airways,24/06/2019,Delhi,Cochin,DEL → BOM → COK,20:55,04:25,7:30,1,In-flight meal not included,10262,24,06,2019,20,55,04,25,7,30
Air India,12/05/2019,Kolkata,Banglore,CCU → MAA → BLR,14:35,14:35,24h,1,No Info,6528,12,05,2019,14,35,14,35,24h,
Air India,1/05/2019,Banglore,Delhi,BLR → DEL,06:10,08:55,2:45,0,No Info,6121,1,05,2019,06,10,08,55,2,45
Jet Airways,18/05/2019,Delhi,Cochin,DEL → JAI → BOM → COK,19:30,04:25,8:55,2,In-flight meal not included,13029,18,05,2019,19,30,04,25,8,55
Multiple carriers,27/03/2019,Delhi,Cochin,DEL → BOM → COK,11:40,18:50,7:10,1,No Info,11421,27,03,2019,11,40,18,50,7,10
Multiple carriers,27/03/2019,Delhi,Cochin,DEL → BOM → COK,04:45,19:15,14:30,1,No Info,7574,27,03,2019,04,45,19,15,14,30
Air India,9/05/2019,Delhi,Cochin,DEL → JDH → BOM → COK,12:55,19:15,30:20,2,No Info,11596,9,05,2019,12,55,19,15,30,20
Jet Airways,24/05/2019,Delhi,Cochin,DEL → AMD → BOM → COK,23:05,19:00,19:55,2,No Info,15129,24,05,2019,23,05,19,00,19,55
Jet Airways,18/03/2019,Banglore,New Delhi,BLR → BOM → DEL,14:05,05:05,15h,1,No Info,13555,18,03,2019,14,05,05,05,15h,
IndiGo,12/04/2019,Banglore,Delhi,BLR → DEL,18:55,21:50,2:55,0,No Info,5780,12,04,2019,18,55,21,50,2,55
Vistara,12/05/2019,Kolkata,Banglore,CCU → DEL → BLR,20:20,09:05,12:45,1,No Info,9397,12,05,2019,20,20,09,05,12,45
Jet Airways,6/03/2019,Delhi,Cochin,DEL → BOM → COK,18:15,04:25,10:10,1,No Info,17024,6,03,2019,18,15,04,25,10,10
GoAir,27/06/2019,Delhi,Cochin,DEL → BOM → COK,07:00,12:55,5:55,1,No Info,5281,27,06,2019,07,00,12,55,5,55
Multiple carriers,18/05/2019,Delhi,Cochin,DEL → HYD → COK,07:05,22:30,15:25,1,No Info,10348,18,05,2019,07,05,22,30,15,25
Air India,6/03/2019,Delhi,Cochin,DEL → MAA → COK,17:20,09:25,16:5,1,No Info,12677,6,03,2019,17,20,09,25,16,5
Multiple carriers,3/03/2019,Delhi,Cochin,DEL → BOM → COK,15:25,01:35,10:10,1,No Info,15147,3,03,2019,15,25,01,35,10,10
Vistara,12/06/2019,Banglore,Delhi,BLR → DEL,07:00,09:40,2:40,0,No Info,4668,12,06,2019,07,00,09,40,2,40
Jet Airways,9/05/2019,Delhi,Cochin,DEL → BOM → COK,07:05,19:00,11:55,1,No Info,15554,9,05,2019,07,05,19,00,11,55
SpiceJet,9/04/2019,Banglore,Delhi,BLR → DEL,05:55,08:35,2:40,0,No Info,3971,9,04,2019,05,55,08,35,2,40
Air India,3/05/2019,Mumbai,Hyderabad,BOM → HYD,15:00,16:25,1:25,0,No Info,3100,3,05,2019,15,00,16,25,1,25
Jet Airways,6/05/2019,Kolkata,Banglore,CCU → BOM → BLR,20:00,10:05,14:5,1,In-flight meal not included,9663,6,05,2019,20,00,10,05,14,5
Air India,1/03/2019,Delhi,Cochin,DEL → BOM → COK,23:00,19:15,20:15,1,No Info,27430,1,03,2019,23,00,19,15,20,15
IndiGo,12/05/2019,Chennai,Kolkata,MAA → CCU,05:15,07:40,2:25,0,No Info,3540,12,05,2019,05,15,07,40,2,25
Air India,21/05/2019,Kolkata,Banglore,CCU → BBI → BOM → BLR,12:00,11:10,23:10,2,No Info,10676,21,05,2019,12,00,11,10,23,10
Jet Airways,12/06/2019,Kolkata,Banglore,CCU → BOM → BLR,14:05,08:15,18:10,1,No Info,13044,12,06,2019,14,05,08,15,18,10
Jet Airways,6/05/2019,Kolkata,Banglore,CCU → BOM → BLR,20:00,12:00,16h,1,No Info,14388,6,05,2019,20,00,12,00,16h,
IndiGo,24/06/2019,Banglore,Delhi,BLR → DEL,04:00,06:50,2:50,0,No Info,3943,24,06,2019,04,00,06,50,2,50
IndiGo,3/06/2019,Chennai,Kolkata,MAA → CCU,14:45,17:05,2:20,0,No Info,3597,3,06,2019,14,45,17,05,2,20
Air India,21/03/2019,Banglore,New Delhi,BLR → MAA → DEL,11:50,19:50,8h,1,No Info,5932,21,03,2019,11,50,19,50,8h,
Jet Airways,15/06/2019,Delhi,Cochin,DEL → BOM → COK,11:30,04:25,16:55,1,In-flight meal not included,10262,15,06,2019,11,30,04,25,16,55
Vistara,12/05/2019,Delhi,Cochin,DEL → COK,14:40,17:50,3:10,0,No Info,6216,12,05,2019,14,40,17,50,3,10
IndiGo,15/06/2019,Kolkata,Banglore,CCU → BLR,20:25,23:10,2:45,0,No Info,4804,15,06,2019,20,25,23,10,2,45
Multiple carriers,21/05/2019,Delhi,Cochin,DEL → BOM → COK,11:30,01:30,14h,1,No Info,14067,21,05,2019,11,30,01,30,14h,
Jet Airways,18/05/2019,Delhi,Cochin,DEL → AMD → BOM → COK,19:10,19:00,23:50,2,No Info,15129,18,05,2019,19,10,19,00,23,50
Jet Airways,6/06/2019,Delhi,Cochin,DEL → NAG → BOM → COK,06:45,04:25,21:40,2,No Info,13376,6,06,2019,06,45,04,25,21,40
Air India,27/06/2019,Delhi,Cochin,DEL → GOI → BOM → COK,22:00,19:15,21:15,2,No Info,10441,27,06,2019,22,00,19,15,21,15
Jet Airways,24/05/2019,Banglore,Delhi,BLR → DEL,06:00,08:45,2:45,0,In-flight meal not included,4030,24,05,2019,06,00,08,45,2,45
Jet Airways,3/03/2019,Delhi,Cochin,DEL → BOM → COK,08:00,18:50,10:50,1,No Info,17024,3,03,2019,08,00,18,50,10,50
Multiple carriers,9/04/2019,Delhi,Cochin,DEL → BOM → COK,17:30,01:30,8h,1,No Info,13017,9,04,2019,17,30,01,30,8h,
GoAir,6/06/2019,Kolkata,Banglore,CCU → BOM → BLR,23:30,07:45,8:15,1,No Info,6686,6,06,2019,23,30,07,45,8,15
IndiGo,15/06/2019,Delhi,Cochin,DEL → MAA → COK,02:00,07:25,5:25,1,No Info,5636,15,06,2019,02,00,07,25,5,25
IndiGo,9/06/2019,Delhi,Cochin,DEL → HYD → COK,07:35,16:10,8:35,1,No Info,6442,9,06,2019,07,35,16,10,8,35
Multiple carriers,21/05/2019,Delhi,Cochin,DEL → HYD → COK,13:05,00:55,11:50,1,No Info,9486,21,05,2019,13,05,00,55,11,50
Jet Airways,21/05/2019,Kolkata,Banglore,CCU → BOM → BLR,20:00,23:35,27:35,1,In-flight meal not included,10844,21,05,2019,20,00,23,35,27,35
Jet Airways,3/06/2019,Delhi,Cochin,DEL → ATQ → BOM → COK,20:00,04:25,8:25,2,In-flight meal not included,15318,3,06,2019,20,00,04,25,8,25
Air India,3/04/2019,Delhi,Cochin,DEL → MAA → COK,12:30,09:25,20:55,1,No Info,5117,3,04,2019,12,30,09,25,20,55
IndiGo,24/06/2019,Delhi,Cochin,DEL → BLR → COK,15:10,20:00,4:50,1,No Info,6147,24,06,2019,15,10,20,00,4,50
Multiple carriers,9/06/2019,Delhi,Cochin,DEL → BOM → COK,12:50,21:00,8:10,1,No Info,7005,9,06,2019,12,50,21,00,8,10
SpiceJet,3/04/2019,Kolkata,Banglore,CCU → BLR,22:20,00:40,2:20,0,No Info,3873,3,04,2019,22,20,00,40,2,20
Jet Airways,21/03/2019,Delhi,Cochin,DEL → BDQ → BOM → COK,18:25,18:50,24:25,2,In-flight meal not included,9270,21,03,2019,18,25,18,50,24,25
GoAir,27/06/2019,Banglore,Delhi,BLR → DEL,11:40,14:30,2:50,0,No Info,3898,27,06,2019,11,40,14,30,2,50
Jet Airways,12/05/2019,Kolkata,Banglore,CCU → BOM → BLR,08:25,20:45,12:20,1,No Info,14781,12,05,2019,08,25,20,45,12,20
Jet Airways,24/05/2019,Kolkata,Banglore,CCU → BOM → BLR,20:00,08:15,12:15,1,In-flight meal not included,8586,24,05,2019,20,00,08,15,12,15
Air India,9/05/2019,Kolkata,Banglore,CCU → JAI → BOM → BLR,08:20,07:55,23:35,2,No Info,10697,9,05,2019,08,20,07,55,23,35
Jet Airways,27/06/2019,Delhi,Cochin,DEL → ATQ → BOM → COK,20:00,12:35,16:35,2,No Info,14300,27,06,2019,20,00,12,35,16,35
IndiGo,03/03/2019,Banglore,New Delhi,BLR → DEL,18:55,21:45,2:50,0,No Info,8855,03,03,2019,18,55,21,45,2,50
Jet Airways,12/05/2019,Kolkata,Banglore,CCU → BOM → BLR,16:30,18:15,25:45,1,In-flight meal not included,10844,12,05,2019,16,30,18,15,25,45
Jet Airways,6/03/2019,Delhi,Cochin,DEL → BOM → COK,02:15,04:25,26:10,1,No Info,17024,6,03,2019,02,15,04,25,26,10
Jet Airways,1/05/2019,Kolkata,Banglore,CCU → DEL → BLR,09:35,14:25,28:50,1,In-flight meal not included,9314,1,05,2019,09,35,14,25,28,50
IndiGo,24/03/2019,Banglore,New Delhi,BLR → DEL,00:40,03:25,2:45,0,No Info,4777,24,03,2019,00,40,03,25,2,45
Air India,9/06/2019,Kolkata,Banglore,CCU → BBI → BLR,12:00,13:15,25:15,1,No Info,7662,9,06,2019,12,00,13,15,25,15
IndiGo,9/05/2019,Delhi,Cochin,DEL → HYD → COK,06:50,16:10,9:20,1,No Info,6442,9,05,2019,06,50,16,10,9,20
SpiceJet,12/06/2019,Delhi,Cochin,DEL → PNQ → COK,08:45,13:15,4:30,1,No Info,5264,12,06,2019,08,45,13,15,4,30
Jet Airways,27/05/2019,Delhi,Cochin,DEL → BOM → COK,13:00,04:25,15:25,1,In-flight meal not included,12898,27,05,2019,13,00,04,25,15,25
Air India,3/03/2019,Mumbai,Hyderabad,BOM → HYD,13:55,15:25,1:30,0,No Info,6092,3,03,2019,13,55,15,25,1,30
SpiceJet,21/05/2019,Banglore,Delhi,BLR → DEL,05:55,08:35,2:40,0,No Info,3311,21,05,2019,05,55,08,35,2,40
Jet Airways,27/03/2019,Delhi,Cochin,DEL → BOM → COK,19:15,04:25,9:10,1,In-flight meal not included,6540,27,03,2019,19,15,04,25,9,10
IndiGo,27/05/2019,Banglore,Delhi,BLR → DEL,01:30,04:15,2:45,0,No Info,3419,27,05,2019,01,30,04,15,2,45
Jet Airways,3/04/2019,Delhi,Cochin,DEL → BOM → COK,14:00,12:35,22:35,1,In-flight meal not included,5177,3,04,2019,14,00,12,35,22,35
Air India,18/04/2019,Delhi,Cochin,DEL → COK,18:05,21:10,3:5,0,No Info,8246,18,04,2019,18,05,21,10,3,5
Jet Airways,9/06/2019,Kolkata,Banglore,CCU → DEL → BLR,09:35,21:05,11:30,1,No Info,14676,9,06,2019,09,35,21,05,11,30
Multiple carriers,27/06/2019,Delhi,Cochin,DEL → BOM → COK,11:30,21:00,9:30,1,No Info,13587,27,06,2019,11,30,21,00,9,30
Jet Airways,6/05/2019,Kolkata,Banglore,CCU → BOM → BLR,21:10,09:20,12:10,1,In-flight meal not included,9663,6,05,2019,21,10,09,20,12,10
Jet Airways,12/06/2019,Kolkata,Banglore,CCU → BOM → BLR,16:30,10:05,17:35,1,No Info,13044,12,06,2019,16,30,10,05,17,35
IndiGo,3/04/2019,Delhi,Cochin,DEL → BOM → COK,20:25,01:30,5:5,1,No Info,5073,3,04,2019,20,25,01,30,5,5
Vistara,21/05/2019,Kolkata,Banglore,CCU → DEL → BLR,17:00,18:50,25:50,1,No Info,9345,21,05,2019,17,00,18,50,25,50
Jet Airways,6/05/2019,Kolkata,Banglore,CCU → BOM → BLR,14:05,10:05,20h,1,In-flight meal not included,9663,6,05,2019,14,05,10,05,20h,
Multiple carriers,21/05/2019,Delhi,Cochin,DEL → BOM → COK,08:00,21:00,13h,1,No Info,14277,21,05,2019,08,00,21,00,13h,
Jet Airways,1/06/2019,Delhi,Cochin,DEL → BOM → COK,10:00,04:25,18:25,1,In-flight meal not included,10262,1,06,2019,10,00,04,25,18,25
Jet Airways,27/03/2019,Mumbai,Hyderabad,BOM → HYD,19:35,21:05,1:30,0,No Info,5678,27,03,2019,19,35,21,05,1,30
Multiple carriers,15/05/2019,Delhi,Cochin,DEL → BOM → COK,16:00,01:30,9:30,1,No Info,13727,15,05,2019,16,00,01,30,9,30
Jet Airways,6/05/2019,Kolkata,Banglore,CCU → BOM → BLR,20:00,12:00,16h,1,In-flight meal not included,9663,6,05,2019,20,00,12,00,16h,
IndiGo,12/05/2019,Chennai,Kolkata,MAA → CCU,14:45,17:05,2:20,0,No Info,3858,12,05,2019,14,45,17,05,2,20
SpiceJet,24/06/2019,Delhi,Cochin,DEL → PNQ → COK,08:45,13:15,4:30,1,No Info,4812,24,06,2019,08,45,13,15,4,30
IndiGo,27/06/2019,Delhi,Cochin,DEL → LKO → COK,21:50,03:35,5:45,1,No Info,5775,27,06,2019,21,50,03,35,5,45
Jet Airways,6/06/2019,Kolkata,Banglore,CCU → DEL → BLR,09:35,09:45,24:10,1,In-flight meal not included,10539,6,06,2019,09,35,09,45,24,10
IndiGo,3/06/2019,Kolkata,Banglore,CCU → BLR,15:30,18:05,2:35,0,No Info,4804,3,06,2019,15,30,18,05,2,35
Air Asia,12/06/2019,Banglore,Delhi,BLR → DEL,11:10,13:55,2:45,0,No Info,3383,12,06,2019,11,10,13,55,2,45
IndiGo,03/03/2019,Banglore,New Delhi,BLR → HYD → DEL,12:10,17:05,4:55,1,No Info,8738,03,03,2019,12,10,17,05,4,55
Air India,27/03/2019,Delhi,Cochin,DEL → TRV → COK,05:15,06:50,25:35,1,No Info,7165,27,03,2019,05,15,06,50,25,35
IndiGo,24/06/2019,Delhi,Cochin,DEL → HYD → COK,16:10,22:30,6:20,1,No Info,6412,24,06,2019,16,10,22,30,6,20
Jet Airways,27/06/2019,Banglore,Delhi,BLR → DEL,18:55,22:00,3:5,0,No Info,8016,27,06,2019,18,55,22,00,3,5
Jet Airways,12/03/2019,Banglore,New Delhi,BLR → BOM → DEL,20:35,15:15,18:40,1,In-flight meal not included,11087,12,03,2019,20,35,15,15,18,40
SpiceJet,27/06/2019,Chennai,Kolkata,MAA → CCU,09:45,12:00,2:15,0,No check-in baggage included,3543,27,06,2019,09,45,12,00,2,15
Jet Airways,12/06/2019,Kolkata,Banglore,CCU → BOM → BLR,16:30,04:40,12:10,1,No Info,12471,12,06,2019,16,30,04,40,12,10
Jet Airways,24/06/2019,Delhi,Cochin,DEL → BOM → COK,09:00,04:25,19:25,1,In-flight meal not included,10262,24,06,2019,09,00,04,25,19,25
Air India,18/03/2019,Banglore,New Delhi,BLR → DEL,13:20,16:10,2:50,0,No Info,4441,18,03,2019,13,20,16,10,2,50
Multiple carriers,27/03/2019,Delhi,Cochin,DEL → BOM → COK,07:05,15:30,8:25,1,No Info,12537,27,03,2019,07,05,15,30,8,25
GoAir,24/03/2019,Kolkata,Banglore,CCU → BOM → BLR,22:25,07:40,9:15,1,No Info,10091,24,03,2019,22,25,07,40,9,15
Air India,3/06/2019,Banglore,Delhi,BLR → DEL,21:05,23:55,2:50,0,No Info,6961,3,06,2019,21,05,23,55,2,50
IndiGo,24/04/2019,Delhi,Cochin,DEL → COK,05:35,08:50,3:15,0,No Info,5013,24,04,2019,05,35,08,50,3,15
Air India,18/05/2019,Delhi,Cochin,DEL → COK,05:10,08:00,2:50,0,No Info,6934,18,05,2019,05,10,08,00,2,50
Multiple carriers,3/06/2019,Delhi,Cochin,DEL → BOM → COK,06:40,19:00,12:20,1,No Info,10877,3,06,2019,06,40,19,00,12,20
Jet Airways,18/04/2019,Banglore,Delhi,BLR → DEL,15:15,18:10,2:55,0,No Info,7229,18,04,2019,15,15,18,10,2,55
IndiGo,27/03/2019,Delhi,Cochin,DEL → BOM → COK,16:00,01:35,9:35,1,No Info,7048,27,03,2019,16,00,01,35,9,35
Vistara,27/06/2019,Banglore,Delhi,BLR → DEL,17:00,19:35,2:35,0,No Info,4878,27,06,2019,17,00,19,35,2,35
Jet Airways,21/05/2019,Kolkata,Banglore,CCU → BOM → BLR,14:05,23:35,9:30,1,In-flight meal not included,10844,21,05,2019,14,05,23,35,9,30
Jet Airways,18/05/2019,Delhi,Cochin,DEL → AMD → BOM → COK,23:05,04:25,29:20,2,No Info,15129,18,05,2019,23,05,04,25,29,20
IndiGo,12/05/2019,Banglore,Delhi,BLR → DEL,00:30,03:25,2:55,0,No Info,3943,12,05,2019,00,30,03,25,2,55
SpiceJet,6/06/2019,Delhi,Cochin,DEL → MAA → COK,06:05,11:20,5:15,1,No Info,5583,6,06,2019,06,05,11,20,5,15
Multiple carriers,6/06/2019,Delhi,Cochin,DEL → HYD → COK,07:05,16:10,9:5,1,No Info,9646,6,06,2019,07,05,16,10,9,5
Multiple carriers,3/06/2019,Delhi,Cochin,DEL → BOM → COK,08:30,19:15,10:45,1,No Info,7677,3,06,2019,08,30,19,15,10,45
IndiGo,1/06/2019,Delhi,Cochin,DEL → BLR → COK,05:10,10:05,4:55,1,No Info,6842,1,06,2019,05,10,10,05,4,55
Jet Airways,24/06/2019,Mumbai,Hyderabad,BOM → HYD,08:45,10:15,1:30,0,In-flight meal not included,4995,24,06,2019,08,45,10,15,1,30
Vistara,9/06/2019,Kolkata,Banglore,CCU → DEL → BLR,07:10,18:50,11:40,1,No Info,9555,9,06,2019,07,10,18,50,11,40
IndiGo,1/06/2019,Banglore,Delhi,BLR → DEL,01:30,04:15,2:45,0,No Info,4077,1,06,2019,01,30,04,15,2,45
Jet Airways,12/05/2019,Banglore,Delhi,BLR → DEL,15:15,18:10,2:55,0,No Info,7229,12,05,2019,15,15,18,10,2,55
Multiple carriers,9/06/2019,Delhi,Cochin,DEL → BOM → COK,09:00,19:00,10h,1,No Info,12192,9,06,2019,09,00,19,00,10h,
Air India,12/04/2019,Banglore,Delhi,BLR → DEL,10:00,12:45,2:45,0,No Info,5911,12,04,2019,10,00,12,45,2,45
Air India,12/06/2019,Delhi,Cochin,DEL → BOM → COK,09:00,19:15,10:15,1,No Info,8372,12,06,2019,09,00,19,15,10,15
Jet Airways,18/03/2019,Mumbai,Hyderabad,BOM → HYD,07:10,08:35,1:25,0,In-flight meal not included,4995,18,03,2019,07,10,08,35,1,25
Multiple carriers,9/05/2019,Delhi,Cochin,DEL → BOM → COK,10:00,19:15,9:15,1,No Info,14323,9,05,2019,10,00,19,15,9,15
Jet Airways,9/06/2019,Delhi,Cochin,DEL → JAI → BOM → COK,05:30,04:25,22:55,2,No Info,13014,9,06,2019,05,30,04,25,22,55
Air India,6/06/2019,Delhi,Cochin,DEL → CCU → BOM → COK,14:25,19:15,28:50,2,No Info,13591,6,06,2019,14,25,19,15,28,50
Jet Airways,3/03/2019,Delhi,Cochin,DEL → IDR → BOM → COK,05:25,18:50,37:25,2,No Info,18799,3,03,2019,05,25,18,50,37,25
IndiGo,27/04/2019,Banglore,Delhi,BLR → DEL,23:30,02:20,2:50,0,No Info,3943,27,04,2019,23,30,02,20,2,50
SpiceJet,21/05/2019,Mumbai,Hyderabad,BOM → HYD,05:45,07:15,1:30,0,No check-in baggage included,1965,21,05,2019,05,45,07,15,1,30
Jet Airways,27/05/2019,Mumbai,Hyderabad,BOM → HYD,10:20,11:50,1:30,0,In-flight meal not included,4995,27,05,2019,10,20,11,50,1,30
Air India,24/03/2019,Kolkata,Banglore,CCU → BOM → BLR,16:50,18:30,25:40,1,No Info,14641,24,03,2019,16,50,18,30,25,40
Air India,12/04/2019,Kolkata,Banglore,CCU → BLR,20:45,23:20,2:35,0,No Info,4460,12,04,2019,20,45,23,20,2,35
Air India,18/05/2019,Delhi,Cochin,DEL → BOM → COK,13:00,19:15,6:15,1,No Info,10191,18,05,2019,13,00,19,15,6,15
Jet Airways,9/03/2019,Delhi,Cochin,DEL → BOM → COK,02:15,19:45,17:30,1,In-flight meal not included,13843,9,03,2019,02,15,19,45,17,30
IndiGo,1/05/2019,Delhi,Cochin,DEL → LKO → COK,21:50,03:35,5:45,1,No Info,6349,1,05,2019,21,50,03,35,5,45
Air Asia,1/05/2019,Kolkata,Banglore,CCU → BLR,10:20,12:55,2:35,0,No Info,4409,1,05,2019,10,20,12,55,2,35
Jet Airways,6/03/2019,Delhi,Cochin,DEL → BOM → COK,18:15,19:45,25:30,1,No Info,17024,6,03,2019,18,15,19,45,25,30
Multiple carriers,18/05/2019,Delhi,Cochin,DEL → BOM → COK,07:05,21:00,13:55,1,No Info,13727,18,05,2019,07,05,21,00,13,55
IndiGo,15/03/2019,Banglore,New Delhi,BLR → DEL,18:25,21:20,2:55,0,No Info,8855,15,03,2019,18,25,21,20,2,55
Multiple carriers,24/06/2019,Delhi,Cochin,DEL → BOM → COK,08:45,19:00,10:15,1,No Info,12524,24,06,2019,08,45,19,00,10,15
Jet Airways,18/03/2019,Banglore,New Delhi,BLR → BOM → DEL,11:40,20:20,8:40,1,No Info,13555,18,03,2019,11,40,20,20,8,40
Jet Airways,6/06/2019,Kolkata,Banglore,CCU → BOM → BLR,06:30,12:00,5:30,1,In-flight meal not included,10844,6,06,2019,06,30,12,00,5,30
Multiple carriers,9/06/2019,Delhi,Cochin,DEL → BOM → COK,09:00,21:00,12h,1,No Info,13587,9,06,2019,09,00,21,00,12h,
SpiceJet,12/06/2019,Chennai,Kolkata,MAA → CCU,09:45,12:00,2:15,0,No check-in baggage included,3543,12,06,2019,09,45,12,00,2,15
Vistara,18/03/2019,Chennai,Kolkata,MAA → CCU,07:05,09:20,2:15,0,No Info,4842,18,03,2019,07,05,09,20,2,15
IndiGo,24/04/2019,Banglore,Delhi,BLR → DEL,23:30,02:20,2:50,0,No Info,3943,24,04,2019,23,30,02,20,2,50
Jet Airways,9/06/2019,Delhi,Cochin,DEL → BOM → COK,19:15,04:25,9:10,1,In-flight meal not included,10577,9,06,2019,19,15,04,25,9,10
IndiGo,15/05/2019,Delhi,Cochin,DEL → BOM → COK,10:35,21:00,10:25,1,No Info,6979,15,05,2019,10,35,21,00,10,25
Vistara,27/06/2019,Chennai,Kolkata,MAA → CCU,17:45,20:05,2:20,0,No Info,11982,27,06,2019,17,45,20,05,2,20
SpiceJet,6/06/2019,Delhi,Cochin,DEL → PNQ → COK,08:45,13:15,4:30,1,No Info,5264,6,06,2019,08,45,13,15,4,30
Vistara,3/03/2019,Delhi,Cochin,DEL → COK,06:00,09:10,3:10,0,No Info,8001,3,03,2019,06,00,09,10,3,10
Air India,1/06/2019,Delhi,Cochin,DEL → AMD → BOM → COK,19:45,19:15,23:30,2,No Info,10651,1,06,2019,19,45,19,15,23,30
Jet Airways,24/05/2019,Kolkata,Banglore,CCU → BOM → BLR,16:30,19:50,27:20,1,In-flight meal not included,10844,24,05,2019,16,30,19,50,27,20
Multiple carriers,27/03/2019,Delhi,Cochin,DEL → HYD → COK,09:45,22:20,12:35,1,No Info,6601,27,03,2019,09,45,22,20,12,35
Air India,21/03/2019,Delhi,Cochin,DEL → BOM → COK,19:00,19:15,24:15,1,No Info,6587,21,03,2019,19,00,19,15,24,15
SpiceJet,21/03/2019,Mumbai,Hyderabad,BOM → HYD,13:10,14:30,1:20,0,No Info,3173,21,03,2019,13,10,14,30,1,20
Air India,9/05/2019,Banglore,Delhi,BLR → DEL,10:00,12:45,2:45,0,No Info,5228,9,05,2019,10,00,12,45,2,45
Jet Airways,21/06/2019,Banglore,Delhi,BLR → DEL,07:10,10:10,3h,0,In-flight meal not included,5769,21,06,2019,07,10,10,10,3h,
Jet Airways,6/06/2019,Delhi,Cochin,DEL → BOM → COK,08:00,19:00,11h,1,No Info,14714,6,06,2019,08,00,19,00,11h,
Jet Airways,3/06/2019,Delhi,Cochin,DEL → JAI → BOM → COK,05:30,19:00,13:30,2,No Info,13014,3,06,2019,05,30,19,00,13,30
IndiGo,3/06/2019,Banglore,Delhi,BLR → DEL,22:10,01:00,2:50,0,No Info,3359,3,06,2019,22,10,01,00,2,50
GoAir,03/03/2019,Banglore,New Delhi,BLR → DEL,20:55,23:50,2:55,0,No Info,6722,03,03,2019,20,55,23,50,2,55
IndiGo,18/03/2019,Kolkata,Banglore,CCU → BLR,09:35,12:20,2:45,0,No Info,4462,18,03,2019,09,35,12,20,2,45
IndiGo,9/03/2019,Delhi,Cochin,DEL → HYD → COK,04:55,16:10,11:15,1,No Info,6171,9,03,2019,04,55,16,10,11,15
Air India,21/05/2019,Kolkata,Banglore,CCU → IXR → DEL → BLR,05:50,20:25,14:35,2,No Info,12303,21,05,2019,05,50,20,25,14,35
Multiple carriers,21/03/2019,Delhi,Cochin,DEL → BOM → COK,11:40,01:35,13:55,1,No Info,7695,21,03,2019,11,40,01,35,13,55
IndiGo,24/06/2019,Delhi,Cochin,DEL → BOM → COK,11:25,01:30,14:5,1,No Info,5684,24,06,2019,11,25,01,30,14,5
Air India,12/06/2019,Kolkata,Banglore,CCU → BOM → BLR,16:50,07:55,15:5,1,No Info,8366,12,06,2019,16,50,07,55,15,5
Air India,1/03/2019,Chennai,Kolkata,MAA → CCU,11:40,13:55,2:15,0,No Info,19630,1,03,2019,11,40,13,55,2,15
Jet Airways,06/03/2019,Banglore,New Delhi,BLR → BOM → DEL,14:05,05:05,15h,1,In-flight meal not included,13502,06,03,2019,14,05,05,05,15h,
Jet Airways,1/05/2019,Kolkata,Banglore,CCU → BOM → BLR,21:10,10:05,12:55,1,No Info,14781,1,05,2019,21,10,10,05,12,55
Multiple carriers,12/06/2019,Delhi,Cochin,DEL → HYD → COK,07:10,16:10,9h,1,No Info,6513,12,06,2019,07,10,16,10,9h,
Air India,1/06/2019,Delhi,Cochin,DEL → BOM → COK,07:00,19:15,12:15,1,No Info,9929,1,06,2019,07,00,19,15,12,15
Multiple carriers,6/06/2019,Delhi,Cochin,DEL → IXU → BOM → COK,17:50,01:30,7:40,2,No Info,18275,6,06,2019,17,50,01,30,7,40
Air India,9/04/2019,Delhi,Cochin,DEL → MAA → COK,06:05,09:25,27:20,1,No Info,4487,9,04,2019,06,05,09,25,27,20
IndiGo,15/03/2019,Mumbai,Hyderabad,BOM → HYD,21:20,22:45,1:25,0,No Info,2754,15,03,2019,21,20,22,45,1,25
Air India,27/03/2019,Mumbai,Hyderabad,BOM → HYD,06:20,07:40,1:20,0,No Info,2575,27,03,2019,06,20,07,40,1,20
SpiceJet,12/06/2019,Kolkata,Banglore,CCU → IXB → BLR,15:55,21:25,5:30,1,No Info,8224,12,06,2019,15,55,21,25,5,30
Air India,9/03/2019,Delhi,Cochin,DEL → BLR → COK,20:30,08:15,11:45,1,No Info,8991,9,03,2019,20,30,08,15,11,45
IndiGo,24/06/2019,Delhi,Cochin,DEL → COK,05:35,08:50,3:15,0,No Info,5000,24,06,2019,05,35,08,50,3,15
Jet Airways,12/06/2019,Kolkata,Banglore,CCU → BOM → BLR,18:55,19:50,24:55,1,In-flight meal not included,8529,12,06,2019,18,55,19,50,24,55
Air India,3/03/2019,Delhi,Cochin,DEL → MAA → COK,06:05,09:25,27:20,1,No Info,14042,3,03,2019,06,05,09,25,27,20
Jet Airways,24/05/2019,Banglore,Delhi,BLR → DEL,11:10,14:05,2:55,0,In-flight meal not included,4030,24,05,2019,11,10,14,05,2,55
Jet Airways,6/06/2019,Kolkata,Banglore,CCU → BOM → BLR,18:55,12:00,17:5,1,In-flight meal not included,10844,6,06,2019,18,55,12,00,17,5
IndiGo,6/05/2019,Kolkata,Banglore,CCU → BLR,21:25,00:05,2:40,0,No Info,4804,6,05,2019,21,25,00,05,2,40
Multiple carriers,27/05/2019,Delhi,Cochin,DEL → BOM → COK,17:30,01:30,8h,1,In-flight meal not included,7308,27,05,2019,17,30,01,30,8h,
IndiGo,12/05/2019,Banglore,Delhi,BLR → DEL,16:55,19:55,3h,0,No Info,4823,12,05,2019,16,55,19,55,3h,
Jet Airways,24/06/2019,Delhi,Cochin,DEL → BOM → COK,09:00,12:35,27:35,1,In-flight meal not included,10262,24,06,2019,09,00,12,35,27,35
Jet Airways,27/05/2019,Delhi,Cochin,DEL → BOM → COK,20:55,04:25,7:30,1,In-flight meal not included,12898,27,05,2019,20,55,04,25,7,30
Air India,12/03/2019,Banglore,New Delhi,BLR → BOM → JDH → DEL,17:25,16:20,22:55,2,No Info,12778,12,03,2019,17,25,16,20,22,55
IndiGo,3/03/2019,Delhi,Cochin,DEL → BOM → COK,04:45,13:20,8:35,1,No Info,14871,3,03,2019,04,45,13,20,8,35
Air India,21/03/2019,Delhi,Cochin,DEL → UDR → BOM → COK,13:20,19:15,29:55,2,No Info,8708,21,03,2019,13,20,19,15,29,55
Jet Airways,6/06/2019,Kolkata,Banglore,CCU → BOM → BLR,20:00,18:15,22:15,1,In-flight meal not included,10844,6,06,2019,20,00,18,15,22,15
SpiceJet,6/03/2019,Mumbai,Hyderabad,BOM → HYD,05:45,07:05,1:20,0,No Info,4129,6,03,2019,05,45,07,05,1,20
IndiGo,18/05/2019,Kolkata,Banglore,CCU → BLR,21:25,00:05,2:40,0,No Info,4804,18,05,2019,21,25,00,05,2,40
Jet Airways,6/05/2019,Banglore,Delhi,BLR → DEL,08:20,11:20,3h,0,No Info,7229,6,05,2019,08,20,11,20,3h,
Jet Airways,21/03/2019,Banglore,New Delhi,BLR → BOM → DEL,07:00,19:10,12:10,1,In-flight meal not included,7832,21,03,2019,07,00,19,10,12,10
SpiceJet,18/03/2019,Chennai,Kolkata,MAA → CCU,09:30,12:05,2:35,0,No Info,3859,18,03,2019,09,30,12,05,2,35
Multiple carriers,6/06/2019,Delhi,Cochin,DEL → BOM → COK,07:30,19:15,11:45,1,No Info,9001,6,06,2019,07,30,19,15,11,45
Vistara,9/05/2019,Banglore,Delhi,BLR → DEL,17:00,19:35,2:35,0,No Info,4878,9,05,2019,17,00,19,35,2,35
IndiGo,3/05/2019,Mumbai,Hyderabad,BOM → HYD,02:35,04:05,1:30,0,No Info,2754,3,05,2019,02,35,04,05,1,30
Vistara,27/06/2019,Banglore,Delhi,BLR → DEL,07:00,09:40,2:40,0,No Info,4668,27,06,2019,07,00,09,40,2,40
Air Asia,12/05/2019,Kolkata,Banglore,CCU → BLR,10:20,12:55,2:35,0,No Info,5216,12,05,2019,10,20,12,55,2,35
Jet Airways,6/06/2019,Delhi,Cochin,DEL → JAI → BOM → COK,05:30,04:25,22:55,2,In-flight meal not included,10368,6,06,2019,05,30,04,25,22,55
IndiGo,9/03/2019,Delhi,Cochin,DEL → HYD → MAA → COK,06:40,21:20,14:40,2,No Info,8146,9,03,2019,06,40,21,20,14,40
Jet Airways,27/03/2019,Delhi,Cochin,DEL → BOM → COK,13:00,04:25,15:25,1,No Info,12242,27,03,2019,13,00,04,25,15,25
Jet Airways,15/03/2019,Banglore,New Delhi,BLR → BOM → DEL,08:00,15:15,7:15,1,In-flight meal not included,9134,15,03,2019,08,00,15,15,7,15
Air India,6/06/2019,Delhi,Cochin,DEL → HYD → MAA → COK,13:15,09:25,20:10,2,No Info,10939,6,06,2019,13,15,09,25,20,10
Air India,6/06/2019,Delhi,Cochin,DEL → GOI → BOM → COK,10:55,07:40,20:45,2,No Info,11753,6,06,2019,10,55,07,40,20,45
SpiceJet,24/04/2019,Kolkata,Banglore,CCU → BLR,17:10,19:40,2:30,0,No Info,4174,24,04,2019,17,10,19,40,2,30
Jet Airways,21/05/2019,Kolkata,Banglore,CCU → BOM → BLR,20:00,19:50,23:50,1,In-flight meal not included,10844,21,05,2019,20,00,19,50,23,50
Jet Airways,3/06/2019,Delhi,Cochin,DEL → BOM → COK,16:00,19:00,27h,1,No Info,14714,3,06,2019,16,00,19,00,27h,
Jet Airways,12/06/2019,Kolkata,Banglore,CCU → BOM → BLR,06:30,12:00,5:30,1,In-flight meal not included,9899,12,06,2019,06,30,12,00,5,30
IndiGo,3/03/2019,Delhi,Cochin,DEL → BOM → COK,09:10,21:00,11:50,1,No Info,14871,3,03,2019,09,10,21,00,11,50
IndiGo,6/03/2019,Chennai,Kolkata,MAA → CCU,13:20,15:35,2:15,0,No Info,7295,6,03,2019,13,20,15,35,2,15
Air India,6/06/2019,Delhi,Cochin,DEL → JAI → BOM → COK,18:45,19:15,24:30,2,No Info,13465,6,06,2019,18,45,19,15,24,30
SpiceJet,21/05/2019,Chennai,Kolkata,MAA → CCU,17:45,20:05,2:20,0,No check-in baggage included,3543,21,05,2019,17,45,20,05,2,20
Multiple carriers,27/06/2019,Delhi,Cochin,DEL → BOM → COK,19:00,01:30,6:30,1,No Info,7198,27,06,2019,19,00,01,30,6,30
Jet Airways,1/06/2019,Delhi,Cochin,DEL → BOM → COK,08:00,04:25,20:25,1,In-flight meal not included,10262,1,06,2019,08,00,04,25,20,25
IndiGo,15/03/2019,Kolkata,Banglore,CCU → BLR,15:20,17:55,2:35,0,No Info,4148,15,03,2019,15,20,17,55,2,35
Jet Airways,27/06/2019,Banglore,Delhi,BLR → DEL,15:15,18:10,2:55,0,No Info,8016,27,06,2019,15,15,18,10,2,55
Jet Airways,9/06/2019,Delhi,Cochin,DEL → BOM → COK,22:50,04:25,5:35,1,In-flight meal not included,10262,9,06,2019,22,50,04,25,5,35
SpiceJet,15/06/2019,Kolkata,Banglore,CCU → BLR,14:55,17:25,2:30,0,No check-in baggage included,3841,15,06,2019,14,55,17,25,2,30
Jet Airways,12/03/2019,Banglore,New Delhi,BLR → MAA → DEL,09:45,00:30,14:45,1,No Info,11507,12,03,2019,09,45,00,30,14,45
Jet Airways,1/05/2019,Kolkata,Banglore,CCU → BOM → BLR,08:25,20:45,12:20,1,No Info,14781,1,05,2019,08,25,20,45,12,20
Jet Airways,27/05/2019,Delhi,Cochin,DEL → BOM → COK,17:30,19:00,25:30,1,No Info,16079,27,05,2019,17,30,19,00,25,30
Jet Airways,27/05/2019,Delhi,Cochin,DEL → BOM → COK,22:50,04:25,5:35,1,In-flight meal not included,12898,27,05,2019,22,50,04,25,5,35
Multiple carriers,6/03/2019,Delhi,Cochin,DEL → BOM → COK,07:30,19:15,11:45,1,No Info,15353,6,03,2019,07,30,19,15,11,45
IndiGo,24/03/2019,Banglore,New Delhi,BLR → DEL,18:25,21:20,2:55,0,No Info,7303,24,03,2019,18,25,21,20,2,55
SpiceJet,24/03/2019,Kolkata,Banglore,CCU → MAA → BLR,15:05,20:45,5:40,1,No Info,6197,24,03,2019,15,05,20,45,5,40
Air India,9/06/2019,Kolkata,Banglore,CCU → BBI → BLR,09:10,13:15,4:5,1,No Info,8996,9,06,2019,09,10,13,15,4,5
IndiGo,21/03/2019,Delhi,Cochin,DEL → HYD → COK,14:20,22:20,8h,1,No Info,6528,21,03,2019,14,20,22,20,8h,
GoAir,9/04/2019,Banglore,Delhi,BLR → DEL,20:55,23:40,2:45,0,No Info,4239,9,04,2019,20,55,23,40,2,45
IndiGo,12/03/2019,Kolkata,Banglore,CCU → BLR,20:25,23:05,2:40,0,No Info,4148,12,03,2019,20,25,23,05,2,40
SpiceJet,24/05/2019,Banglore,Delhi,BLR → DEL,21:10,00:05,2:55,0,No Info,3971,24,05,2019,21,10,00,05,2,55
Air Asia,6/05/2019,Kolkata,Banglore,CCU → DEL → BLR,07:35,23:30,15:55,1,No Info,5192,6,05,2019,07,35,23,30,15,55
Jet Airways,9/04/2019,Delhi,Cochin,DEL → AMD → BOM → COK,13:25,12:35,23:10,2,No Info,9483,9,04,2019,13,25,12,35,23,10
Jet Airways,3/06/2019,Delhi,Cochin,DEL → JDH → BOM → COK,11:40,19:00,7:20,2,No Info,18804,3,06,2019,11,40,19,00,7,20
Air India,18/06/2019,Delhi,Cochin,DEL → COK,05:10,08:00,2:50,0,No Info,5201,18,06,2019,05,10,08,00,2,50
Jet Airways,27/05/2019,Delhi,Cochin,DEL → BOM → COK,11:30,19:00,7:30,1,No Info,16079,27,05,2019,11,30,19,00,7,30
Jet Airways,15/06/2019,Banglore,Delhi,BLR → DEL,19:50,22:50,3h,0,In-flight meal not included,7229,15,06,2019,19,50,22,50,3h,
Multiple carriers,27/05/2019,Delhi,Cochin,DEL → BOM → COK,17:45,01:30,7:45,1,No Info,6795,27,05,2019,17,45,01,30,7,45
Jet Airways,9/05/2019,Kolkata,Banglore,CCU → DEL → BLR,09:35,10:55,25:20,1,No Info,10953,9,05,2019,09,35,10,55,25,20
Multiple carriers,24/06/2019,Delhi,Cochin,DEL → IDR → BOM → COK,15:05,01:30,10:25,2,No Info,15965,24,06,2019,15,05,01,30,10,25
Air India,9/04/2019,Delhi,Cochin,DEL → JDH → BOM → COK,12:55,19:15,30:20,2,No Info,9968,9,04,2019,12,55,19,15,30,20
IndiGo,6/06/2019,Kolkata,Banglore,CCU → BLR,22:15,00:50,2:35,0,No Info,4804,6,06,2019,22,15,00,50,2,35
Jet Airways,27/05/2019,Delhi,Cochin,DEL → BOM → COK,10:00,19:00,9h,1,No Info,16079,27,05,2019,10,00,19,00,9h,
Jet Airways,12/06/2019,Delhi,Cochin,DEL → IDR → BOM → COK,21:25,12:35,15:10,2,In-flight meal not included,11507,12,06,2019,21,25,12,35,15,10
Air India,9/06/2019,Kolkata,Banglore,CCU → BOM → COK → BLR,09:25,13:45,28:20,2,No Info,11542,9,06,2019,09,25,13,45,28,20
Jet Airways,24/04/2019,Banglore,Delhi,BLR → DEL,17:45,20:45,3h,0,No Info,7229,24,04,2019,17,45,20,45,3h,
Jet Airways,27/04/2019,Banglore,Delhi,BLR → DEL,06:00,08:45,2:45,0,In-flight meal not included,4544,27,04,2019,06,00,08,45,2,45
IndiGo,15/05/2019,Delhi,Cochin,DEL → BLR → COK,05:10,10:05,4:55,1,No Info,6496,15,05,2019,05,10,10,05,4,55
IndiGo,15/06/2019,Kolkata,Banglore,CCU → BLR,21:25,00:05,2:40,0,No Info,4804,15,06,2019,21,25,00,05,2,40
Air India,01/03/2019,Banglore,New Delhi,BLR → CCU → DEL,11:05,09:15,22:10,1,No Info,13439,01,03,2019,11,05,09,15,22,10
Jet Airways,27/03/2019,Delhi,Cochin,DEL → BOM → COK,18:15,04:25,10:10,1,In-flight meal not included,6540,27,03,2019,18,15,04,25,10,10
IndiGo,1/06/2019,Banglore,Delhi,BLR → DEL,23:30,02:20,2:50,0,No Info,4591,1,06,2019,23,30,02,20,2,50
IndiGo,18/03/2019,Banglore,New Delhi,BLR → HYD → DEL,16:15,20:35,4:20,1,No Info,4437,18,03,2019,16,15,20,35,4,20
Air Asia,21/03/2019,Delhi,Cochin,DEL → BLR → COK,20:10,07:10,11h,1,No Info,6151,21,03,2019,20,10,07,10,11h,
Jet Airways,21/06/2019,Banglore,Delhi,BLR → DEL,17:45,20:45,3h,0,In-flight meal not included,7754,21,06,2019,17,45,20,45,3h,
Jet Airways,24/06/2019,Delhi,Cochin,DEL → BOM → COK,14:00,12:35,22:35,1,In-flight meal not included,10262,24,06,2019,14,00,12,35,22,35
Jet Airways,9/06/2019,Banglore,Delhi,BLR → DEL,18:55,22:00,3:5,0,No Info,8016,9,06,2019,18,55,22,00,3,5
SpiceJet,24/03/2019,Kolkata,Banglore,CCU → BLR,06:55,09:35,2:40,0,No check-in baggage included,4781,24,03,2019,06,55,09,35,2,40
Vistara,27/06/2019,Banglore,Delhi,BLR → DEL,11:30,14:20,2:50,0,No Info,4668,27,06,2019,11,30,14,20,2,50
Air India,06/03/2019,Banglore,New Delhi,BLR → MAA → DEL,11:50,08:55,21:5,1,No Info,14594,06,03,2019,11,50,08,55,21,5
Jet Airways,24/03/2019,Kolkata,Banglore,CCU → BOM → BLR,16:55,04:45,11:50,1,No Info,14231,24,03,2019,16,55,04,45,11,50
Air India,15/05/2019,Delhi,Cochin,DEL → TRV → COK,05:15,06:50,25:35,1,No Info,8425,15,05,2019,05,15,06,50,25,35
Multiple carriers,12/06/2019,Delhi,Cochin,DEL → HYD → COK,07:05,22:30,15:25,1,No Info,9646,12,06,2019,07,05,22,30,15,25
IndiGo,3/03/2019,Chennai,Kolkata,MAA → CCU,14:40,17:05,2:25,0,No Info,7295,3,03,2019,14,40,17,05,2,25
Air Asia,9/04/2019,Kolkata,Banglore,CCU → BBI → BLR,06:50,10:30,3:40,1,No Info,5162,9,04,2019,06,50,10,30,3,40
IndiGo,09/03/2019,Banglore,New Delhi,BLR → DEL,18:25,21:20,2:55,0,No Info,6860,09,03,2019,18,25,21,20,2,55
Vistara,15/04/2019,Delhi,Cochin,DEL → COK,06:00,09:10,3:10,0,No Info,6216,15,04,2019,06,00,09,10,3,10
Air Asia,24/05/2019,Kolkata,Banglore,CCU → DEL → BLR,07:35,19:25,11:50,1,No Info,5192,24,05,2019,07,35,19,25,11,50
IndiGo,9/04/2019,Banglore,Delhi,BLR → DEL,20:00,22:50,2:50,0,No Info,4823,9,04,2019,20,00,22,50,2,50
SpiceJet,3/04/2019,Banglore,Delhi,BLR → DEL,09:30,12:20,2:50,0,No check-in baggage included,3919,3,04,2019,09,30,12,20,2,50
IndiGo,3/06/2019,Mumbai,Hyderabad,BOM → HYD,19:05,20:35,1:30,0,No Info,2754,3,06,2019,19,05,20,35,1,30
Multiple carriers,9/05/2019,Delhi,Cochin,DEL → BOM → COK,07:30,19:00,11:30,1,No Info,9315,9,05,2019,07,30,19,00,11,30
Multiple carriers,27/03/2019,Delhi,Cochin,DEL → BOM → COK,10:00,18:50,8:50,1,No Info,11667,27,03,2019,10,00,18,50,8,50
Jet Airways,12/06/2019,Kolkata,Banglore,CCU → BOM → BLR,08:25,04:40,20:15,1,In-flight meal not included,6224,12,06,2019,08,25,04,40,20,15
Air India,24/03/2019,Kolkata,Banglore,CCU → BOM → GOI → BLR,09:25,05:35,20:10,2,No Info,13349,24,03,2019,09,25,05,35,20,10
Jet Airways,18/03/2019,Banglore,New Delhi,BLR → BOM → DEL,16:55,09:00,16:5,1,In-flight meal not included,11087,18,03,2019,16,55,09,00,16,5
Multiple carriers,6/03/2019,Delhi,Cochin,DEL → BOM → COK,13:00,01:35,12:35,1,No Info,15603,6,03,2019,13,00,01,35,12,35
Jet Airways,9/05/2019,Delhi,Cochin,DEL → JAI → BOM → COK,19:30,12:35,17:5,2,No Info,15129,9,05,2019,19,30,12,35,17,5
IndiGo,9/04/2019,Banglore,Delhi,BLR → DEL,16:55,19:55,3h,0,No Info,4823,9,04,2019,16,55,19,55,3h,
Vistara,1/05/2019,Kolkata,Banglore,CCU → DEL → BLR,07:10,22:40,15:30,1,No Info,8452,1,05,2019,07,10,22,40,15,30
Multiple carriers,6/06/2019,Delhi,Cochin,DEL → BOM → COK,07:30,19:00,11:30,1,No Info,12524,6,06,2019,07,30,19,00,11,30
SpiceJet,27/03/2019,Chennai,Kolkata,MAA → CCU,17:45,20:05,2:20,0,No Info,3384,27,03,2019,17,45,20,05,2,20
Jet Airways,1/06/2019,Delhi,Cochin,DEL → BOM → COK,19:15,19:00,23:45,1,In-flight meal not included,10262,1,06,2019,19,15,19,00,23,45
SpiceJet,18/06/2019,Mumbai,Hyderabad,BOM → HYD,13:15,14:45,1:30,0,No check-in baggage included,1965,18,06,2019,13,15,14,45,1,30
IndiGo,18/05/2019,Kolkata,Banglore,CCU → BLR,22:15,00:50,2:35,0,No Info,4804,18,05,2019,22,15,00,50,2,35
Jet Airways,27/05/2019,Delhi,Cochin,DEL → BOM → COK,18:15,19:00,24:45,1,No Info,16079,27,05,2019,18,15,19,00,24,45
Jet Airways,1/06/2019,Delhi,Cochin,DEL → IDR → BOM → COK,21:25,19:00,21:35,2,No Info,13292,1,06,2019,21,25,19,00,21,35
Air Asia,9/05/2019,Delhi,Cochin,DEL → BLR → COK,07:55,13:25,5:30,1,No Info,6751,9,05,2019,07,55,13,25,5,30
Air India,15/05/2019,Delhi,Cochin,DEL → BOM → COK,07:00,19:15,12:15,1,No Info,8669,15,05,2019,07,00,19,15,12,15
IndiGo,3/03/2019,Delhi,Cochin,DEL → BOM → COK,17:30,01:35,8:5,1,No Info,14871,3,03,2019,17,30,01,35,8,5
Jet Airways,21/05/2019,Delhi,Cochin,DEL → BOM → COK,14:00,19:00,5h,1,In-flight meal not included,12898,21,05,2019,14,00,19,00,5h,
SpiceJet,6/06/2019,Banglore,Delhi,BLR → DEL,09:30,12:20,2:50,0,No check-in baggage included,3919,6,06,2019,09,30,12,20,2,50
Multiple carriers,1/03/2019,Delhi,Cochin,DEL → BOM → COK,12:50,19:15,6:25,1,No Info,36983,1,03,2019,12,50,19,15,6,25
IndiGo,3/06/2019,Chennai,Kolkata,MAA → CCU,19:35,21:55,2:20,0,No Info,3597,3,06,2019,19,35,21,55,2,20
Air India,09/03/2019,Banglore,New Delhi,BLR → DEL,17:00,19:45,2:45,0,No Info,10741,09,03,2019,17,00,19,45,2,45
Air India,6/06/2019,Kolkata,Banglore,CCU → BOM → GOI → BLR,16:50,05:35,12:45,2,No Info,11432,6,06,2019,16,50,05,35,12,45
Jet Airways,12/03/2019,Banglore,New Delhi,BLR → BOM → DEL,18:55,10:45,15:50,1,In-flight meal not included,11087,12,03,2019,18,55,10,45,15,50
Jet Airways,3/06/2019,Delhi,Cochin,DEL → IDR → BOM → COK,09:35,12:35,27h,2,No Info,13292,3,06,2019,09,35,12,35,27h,
Air India,15/06/2019,Delhi,Cochin,DEL → RPR → NAG → BOM → COK,05:15,07:40,26:25,3,No Info,10493,15,06,2019,05,15,07,40,26,25
GoAir,09/03/2019,Banglore,New Delhi,BLR → DEL,07:45,10:40,2:55,0,No Info,7631,09,03,2019,07,45,10,40,2,55
Air India,6/06/2019,Delhi,Cochin,DEL → CCU → BOM → COK,06:50,07:40,24:50,2,No Info,13381,6,06,2019,06,50,07,40,24,50
Jet Airways,6/06/2019,Kolkata,Banglore,CCU → BOM → BLR,20:00,04:40,8:40,1,No Info,13731,6,06,2019,20,00,04,40,8,40
Air India,21/05/2019,Delhi,Cochin,DEL → BHO → BOM → COK,05:55,07:40,25:45,2,No Info,11911,21,05,2019,05,55,07,40,25,45
IndiGo,18/04/2019,Banglore,Delhi,BLR → DEL,23:30,02:20,2:50,0,No Info,4591,18,04,2019,23,30,02,20,2,50
Multiple carriers,3/06/2019,Delhi,Cochin,DEL → BOM → COK,13:00,19:15,6:15,1,No Info,14848,3,06,2019,13,00,19,15,6,15
Multiple carriers,12/06/2019,Delhi,Cochin,DEL → BOM → COK,08:45,19:15,10:30,1,No Info,8266,12,06,2019,08,45,19,15,10,30
Air India,18/05/2019,Delhi,Cochin,DEL → HYD → BOM → COK,17:15,19:15,26h,2,No Info,12392,18,05,2019,17,15,19,15,26h,
Jet Airways,12/06/2019,Kolkata,Banglore,CCU → BOM → BLR,18:55,12:00,17:5,1,No Info,13044,12,06,2019,18,55,12,00,17,5
Jet Airways,21/05/2019,Delhi,Cochin,DEL → BOM → COK,07:05,04:25,21:20,1,In-flight meal not included,12898,21,05,2019,07,05,04,25,21,20
Jet Airways,21/03/2019,Delhi,Cochin,DEL → BOM → COK,22:50,04:25,5:35,1,No Info,12242,21,03,2019,22,50,04,25,5,35
IndiGo,18/05/2019,Banglore,Delhi,BLR → DEL,10:10,13:00,2:50,0,No Info,3943,18,05,2019,10,10,13,00,2,50
Vistara,24/03/2019,Kolkata,Banglore,CCU → DEL → BLR,20:20,22:10,25:50,1,No Info,11105,24,03,2019,20,20,22,10,25,50
Jet Airways,12/05/2019,Kolkata,Banglore,CCU → BOM → BLR,21:10,09:20,12:10,1,No Info,14388,12,05,2019,21,10,09,20,12,10
Jet Airways,18/05/2019,Delhi,Cochin,DEL → JAI → BOM → COK,19:30,12:35,17:5,2,No Info,13014,18,05,2019,19,30,12,35,17,5
Multiple carriers,6/03/2019,Delhi,Cochin,DEL → BOM → COK,10:20,18:50,8:30,1,No Info,15411,6,03,2019,10,20,18,50,8,30
Jet Airways,9/03/2019,Delhi,Cochin,DEL → BOM → COK,19:45,18:50,23:5,1,No Info,16289,9,03,2019,19,45,18,50,23,5
IndiGo,15/05/2019,Delhi,Cochin,DEL → HYD → COK,06:50,16:10,9:20,1,No Info,6442,15,05,2019,06,50,16,10,9,20
Jet Airways,18/05/2019,Kolkata,Banglore,CCU → BOM → BLR,08:25,16:20,7:55,1,In-flight meal not included,10844,18,05,2019,08,25,16,20,7,55
Jet Airways,18/05/2019,Mumbai,Hyderabad,BOM → HYD,10:20,11:50,1:30,0,No Info,5678,18,05,2019,10,20,11,50,1,30
IndiGo,12/04/2019,Banglore,Delhi,BLR → DEL,23:30,02:20,2:50,0,No Info,6906,12,04,2019,23,30,02,20,2,50
SpiceJet,21/05/2019,Chennai,Kolkata,MAA → CCU,09:45,12:00,2:15,0,No check-in baggage included,3543,21,05,2019,09,45,12,00,2,15
Jet Airways,6/06/2019,Delhi,Cochin,DEL → BOM → COK,09:00,19:00,10h,1,No Info,14714,6,06,2019,09,00,19,00,10h,
Vistara Premium economy,03/03/2019,Banglore,New Delhi,BLR → DEL,16:00,18:35,2:35,0,No Info,11793,03,03,2019,16,00,18,35,2,35
Multiple carriers,15/05/2019,Delhi,Cochin,DEL → BOM → COK,11:30,19:15,7:45,1,No Info,14323,15,05,2019,11,30,19,15,7,45
SpiceJet,9/04/2019,Banglore,Delhi,BLR → DEL,21:10,00:05,2:55,0,No Info,3971,9,04,2019,21,10,00,05,2,55
Vistara,6/05/2019,Kolkata,Banglore,CCU → DEL → BLR,20:20,22:40,26:20,1,No Info,8452,6,05,2019,20,20,22,40,26,20
Vistara,12/04/2019,Banglore,Delhi,BLR → DEL,07:00,09:40,2:40,0,No Info,5403,12,04,2019,07,00,09,40,2,40
Multiple carriers,9/05/2019,Delhi,Cochin,DEL → BOM → COK,10:00,21:00,11h,1,No Info,13727,9,05,2019,10,00,21,00,11h,
Air India,1/04/2019,Kolkata,Banglore,CCU → DEL → AMD → BLR,10:00,05:25,19:25,2,No Info,12639,1,04,2019,10,00,05,25,19,25
Jet Airways,18/04/2019,Banglore,Delhi,BLR → DEL,15:15,18:10,2:55,0,In-flight meal not included,5198,18,04,2019,15,15,18,10,2,55
Vistara,1/06/2019,Banglore,Delhi,BLR → DEL,19:30,22:15,2:45,0,No Info,4878,1,06,2019,19,30,22,15,2,45
Jet Airways,18/05/2019,Delhi,Cochin,DEL → BOM → COK,19:45,19:00,23:15,1,In-flight meal not included,12373,18,05,2019,19,45,19,00,23,15
Multiple carriers,3/03/2019,Delhi,Cochin,DEL → HYD → COK,07:10,16:10,9h,1,In-flight meal not included,8552,3,03,2019,07,10,16,10,9h,
Vistara,21/04/2019,Delhi,Cochin,DEL → COK,14:40,17:50,3:10,0,No Info,6741,21,04,2019,14,40,17,50,3,10
Multiple carriers,9/04/2019,Delhi,Cochin,DEL → BOM → COK,12:50,19:15,6:25,1,No Info,6481,9,04,2019,12,50,19,15,6,25
Multiple carriers,6/06/2019,Delhi,Cochin,DEL → BOM → COK,10:35,19:15,8:40,1,No Info,7354,6,06,2019,10,35,19,15,8,40
Air India,21/04/2019,Banglore,Delhi,BLR → DEL,21:05,23:55,2:50,0,No Info,5228,21,04,2019,21,05,23,55,2,50
Jet Airways,12/05/2019,Kolkata,Banglore,CCU → BOM → BLR,08:25,20:45,12:20,1,In-flight meal not included,10844,12,05,2019,08,25,20,45,12,20
IndiGo,18/05/2019,Delhi,Cochin,DEL → HYD → COK,06:50,12:10,5:20,1,No Info,6347,18,05,2019,06,50,12,10,5,20
Air India,15/03/2019,Banglore,New Delhi,BLR → HYD → DEL,08:15,12:15,4h,1,No Info,5013,15,03,2019,08,15,12,15,4h,
Jet Airways,9/06/2019,Kolkata,Banglore,CCU → BOM → BLR,18:55,04:40,9:45,1,In-flight meal not included,9663,9,06,2019,18,55,04,40,9,45
IndiGo,6/04/2019,Banglore,Delhi,BLR → DEL,18:25,21:20,2:55,0,No Info,4823,6,04,2019,18,25,21,20,2,55
Air India,24/06/2019,Delhi,Cochin,DEL → CCU → BOM → COK,16:55,19:15,26:20,2,No Info,13381,24,06,2019,16,55,19,15,26,20
SpiceJet,1/06/2019,Chennai,Kolkata,MAA → CCU,09:45,12:00,2:15,0,No check-in baggage included,3543,1,06,2019,09,45,12,00,2,15
Jet Airways,15/05/2019,Kolkata,Banglore,CCU → BOM → BLR,18:55,04:40,9:45,1,In-flight meal not included,9663,15,05,2019,18,55,04,40,9,45
Jet Airways,1/04/2019,Kolkata,Banglore,CCU → BOM → BLR,18:55,19:50,24:55,1,In-flight meal not included,7064,1,04,2019,18,55,19,50,24,55
Jet Airways,9/06/2019,Delhi,Cochin,DEL → BOM → COK,07:05,19:00,11:55,1,In-flight meal not included,10262,9,06,2019,07,05,19,00,11,55
Air India,1/06/2019,Delhi,Cochin,DEL → GOI → BOM → COK,10:55,19:15,8:20,2,No Info,13013,1,06,2019,10,55,19,15,8,20
Jet Airways,27/06/2019,Delhi,Cochin,DEL → AMD → BOM → COK,19:10,12:35,17:25,2,No Info,15339,27,06,2019,19,10,12,35,17,25
GoAir,18/04/2019,Banglore,Delhi,BLR → DEL,11:40,14:30,2:50,0,No Info,4937,18,04,2019,11,40,14,30,2,50
IndiGo,6/06/2019,Delhi,Cochin,DEL → HYD → COK,05:05,12:10,7:5,1,No Info,6818,6,06,2019,05,05,12,10,7,5
Air India,18/05/2019,Delhi,Cochin,DEL → GOI → BOM → COK,22:00,19:15,21:15,2,No Info,10441,18,05,2019,22,00,19,15,21,15
Jet Airways,3/04/2019,Delhi,Cochin,DEL → BOM → COK,14:00,19:00,5h,1,In-flight meal not included,5177,3,04,2019,14,00,19,00,5h,
IndiGo,27/06/2019,Chennai,Kolkata,MAA → CCU,11:35,14:00,2:25,0,No Info,3858,27,06,2019,11,35,14,00,2,25
IndiGo,18/05/2019,Kolkata,Banglore,CCU → PNQ → BLR,21:00,02:15,5:15,1,No Info,6534,18,05,2019,21,00,02,15,5,15
Multiple carriers,15/06/2019,Delhi,Cochin,DEL → BOM → COK,10:20,01:30,15:10,1,No Info,6795,15,06,2019,10,20,01,30,15,10
Multiple carriers,3/06/2019,Delhi,Cochin,DEL → BOM → COK,07:30,19:15,11:45,1,No Info,9736,3,06,2019,07,30,19,15,11,45
Jet Airways,1/05/2019,Banglore,Delhi,BLR → DEL,19:50,22:50,3h,0,No Info,7229,1,05,2019,19,50,22,50,3h,
SpiceJet,24/04/2019,Delhi,Cochin,DEL → BLR → COK,17:55,22:50,4:55,1,No Info,4957,24,04,2019,17,55,22,50,4,55
IndiGo,09/03/2019,Banglore,New Delhi,BLR → DEL,06:00,08:45,2:45,0,No Info,7648,09,03,2019,06,00,08,45,2,45
SpiceJet,15/06/2019,Kolkata,Banglore,CCU → BLR,14:55,17:25,2:30,0,No Info,3873,15,06,2019,14,55,17,25,2,30
Jet Airways,12/05/2019,Kolkata,Banglore,CCU → BOM → BLR,18:55,04:40,9:45,1,No Info,14388,12,05,2019,18,55,04,40,9,45
IndiGo,6/03/2019,Kolkata,Banglore,CCU → BLR,17:15,19:55,2:40,0,No Info,5618,6,03,2019,17,15,19,55,2,40
Multiple carriers,9/06/2019,Delhi,Cochin,DEL → BOM → COK,19:00,01:30,6:30,1,No Info,7408,9,06,2019,19,00,01,30,6,30
Air Asia,3/03/2019,Delhi,Cochin,DEL → BLR → COK,16:45,22:15,5:30,1,No Info,13774,3,03,2019,16,45,22,15,5,30
Vistara,3/05/2019,Banglore,Delhi,BLR → DEL,07:00,09:40,2:40,0,No Info,4668,3,05,2019,07,00,09,40,2,40
Jet Airways,21/03/2019,Delhi,Cochin,DEL → UDR → BOM → COK,18:20,04:25,34:5,2,No Info,13082,21,03,2019,18,20,04,25,34,5
Air India,3/06/2019,Delhi,Cochin,DEL → BOM → COK,03:50,19:15,15:25,1,No Info,8669,3,06,2019,03,50,19,15,15,25
IndiGo,24/06/2019,Delhi,Cochin,DEL → BOM → COK,16:00,01:30,9:30,1,No Info,6316,24,06,2019,16,00,01,30,9,30
Jet Airways,6/03/2019,Delhi,Cochin,DEL → BOM → COK,22:20,04:25,6:5,1,In-flight meal not included,12583,6,03,2019,22,20,04,25,6,5
Vistara,09/03/2019,Banglore,New Delhi,BLR → DEL,16:10,18:50,2:40,0,No Info,7923,09,03,2019,16,10,18,50,2,40
GoAir,3/03/2019,Delhi,Cochin,DEL → BOM → COK,07:00,12:50,5:50,1,No Info,7378,3,03,2019,07,00,12,50,5,50
Vistara,3/06/2019,Banglore,Delhi,BLR → DEL,19:30,22:15,2:45,0,No Info,4878,3,06,2019,19,30,22,15,2,45
Jet Airways,18/05/2019,Kolkata,Banglore,CCU → BOM → BLR,16:30,19:50,27:20,1,In-flight meal not included,10844,18,05,2019,16,30,19,50,27,20
Jet Airways,3/04/2019,Banglore,Delhi,BLR → DEL,08:20,11:20,3h,0,No Info,7229,3,04,2019,08,20,11,20,3h,
SpiceJet,21/05/2019,Delhi,Cochin,DEL → MAA → COK,06:05,11:20,5:15,1,No Info,6297,21,05,2019,06,05,11,20,5,15
Jet Airways,12/06/2019,Kolkata,Banglore,CCU → BOM → BLR,20:00,12:00,16h,1,In-flight meal not included,8529,12,06,2019,20,00,12,00,16h,
Multiple carriers,18/05/2019,Delhi,Cochin,DEL → BOM → COK,14:00,21:00,7h,1,No Info,13727,18,05,2019,14,00,21,00,7h,
SpiceJet,24/05/2019,Kolkata,Banglore,CCU → PNQ → BLR,08:35,17:15,8:40,1,No Info,6643,24,05,2019,08,35,17,15,8,40
Multiple carriers,9/05/2019,Delhi,Cochin,DEL → BOM → COK,10:00,19:00,9h,1,No Info,10197,9,05,2019,10,00,19,00,9h,
SpiceJet,21/04/2019,Kolkata,Banglore,CCU → BLR,22:20,00:40,2:20,0,No Info,4911,21,04,2019,22,20,00,40,2,20
IndiGo,6/03/2019,Chennai,Kolkata,MAA → CCU,05:15,07:35,2:20,0,No Info,6482,6,03,2019,05,15,07,35,2,20
Jet Airways,01/03/2019,Banglore,New Delhi,BLR → BOM → DEL,08:55,15:15,6:20,1,No Info,26890,01,03,2019,08,55,15,15,6,20
IndiGo,18/05/2019,Kolkata,Banglore,CCU → HYD → BLR,19:20,23:45,4:25,1,No Info,3717,18,05,2019,19,20,23,45,4,25
IndiGo,1/06/2019,Chennai,Kolkata,MAA → CCU,13:15,15:35,2:20,0,No Info,3597,1,06,2019,13,15,15,35,2,20
Air India,18/03/2019,Banglore,New Delhi,BLR → CCU → GAU → DEL,11:05,22:10,11:5,2,No Info,10846,18,03,2019,11,05,22,10,11,5
Air India,01/03/2019,Banglore,New Delhi,BLR → CCU → DEL,05:50,22:45,16:55,1,No Info,14069,01,03,2019,05,50,22,45,16,55
Jet Airways,1/04/2019,Delhi,Cochin,DEL → BOM → COK,22:50,12:35,13:45,1,In-flight meal not included,5177,1,04,2019,22,50,12,35,13,45
Air India,6/03/2019,Delhi,Cochin,DEL → NAG → BOM → COK,05:55,07:40,25:45,2,No Info,14641,6,03,2019,05,55,07,40,25,45
IndiGo,6/06/2019,Delhi,Cochin,DEL → HYD → COK,08:35,22:30,13:55,1,No Info,6442,6,06,2019,08,35,22,30,13,55
Air India,21/03/2019,Delhi,Cochin,DEL → BLR → COK,17:45,23:00,5:15,1,No Info,5704,21,03,2019,17,45,23,00,5,15
Jet Airways,6/05/2019,Kolkata,Banglore,CCU → BOM → BLR,14:05,09:20,19:15,1,In-flight meal not included,9663,6,05,2019,14,05,09,20,19,15
Jet Airways,6/06/2019,Delhi,Cochin,DEL → BOM → COK,20:55,04:25,7:30,1,No Info,14714,6,06,2019,20,55,04,25,7,30
Jet Airways,1/04/2019,Delhi,Cochin,DEL → BOM → COK,10:00,19:00,9h,1,In-flight meal not included,5406,1,04,2019,10,00,19,00,9h,
Vistara,15/05/2019,Kolkata,Banglore,CCU → DEL → BLR,20:20,20:20,24h,1,No Info,8610,15,05,2019,20,20,20,20,24h,
Jet Airways,12/06/2019,Delhi,Cochin,DEL → BDQ → BOM → COK,18:25,12:35,18:10,2,No Info,14237,12,06,2019,18,25,12,35,18,10
IndiGo,9/06/2019,Banglore,Delhi,BLR → DEL,07:10,10:05,2:55,0,No Info,4823,9,06,2019,07,10,10,05,2,55
IndiGo,27/03/2019,Mumbai,Hyderabad,BOM → HYD,20:05,21:35,1:30,0,No Info,2227,27,03,2019,20,05,21,35,1,30
Jet Airways,18/05/2019,Delhi,Cochin,DEL → BOM → COK,07:05,04:25,21:20,1,In-flight meal not included,12373,18,05,2019,07,05,04,25,21,20
Air India,6/06/2019,Delhi,Cochin,DEL → BOM → COK,13:00,19:15,6:15,1,No Info,8372,6,06,2019,13,00,19,15,6,15
Jet Airways,3/03/2019,Delhi,Cochin,DEL → BOM → COK,13:55,04:25,14:30,1,No Info,17024,3,03,2019,13,55,04,25,14,30
Air India,27/05/2019,Mumbai,Hyderabad,BOM → HYD,21:05,22:25,1:20,0,No Info,3100,27,05,2019,21,05,22,25,1,20
Jet Airways,9/03/2019,Delhi,Cochin,DEL → BOM → COK,06:50,19:45,12:55,1,In-flight meal not included,14053,9,03,2019,06,50,19,45,12,55
IndiGo,9/05/2019,Chennai,Kolkata,MAA → CCU,05:15,07:40,2:25,0,No Info,3540,9,05,2019,05,15,07,40,2,25
Vistara,21/05/2019,Kolkata,Banglore,CCU → DEL → BLR,20:20,18:50,22:30,1,No Info,9345,21,05,2019,20,20,18,50,22,30
Jet Airways,1/06/2019,Delhi,Cochin,DEL → JAI → BOM → COK,05:30,04:25,22:55,2,In-flight meal not included,10368,1,06,2019,05,30,04,25,22,55
Jet Airways,01/03/2019,Banglore,New Delhi,BLR → BOM → DEL,07:00,12:25,5:25,1,No Info,26890,01,03,2019,07,00,12,25,5,25
SpiceJet,9/03/2019,Mumbai,Hyderabad,BOM → HYD,08:50,10:15,1:25,0,No Info,5755,9,03,2019,08,50,10,15,1,25
Jet Airways,21/03/2019,Banglore,New Delhi,BLR → BOM → DEL,08:55,16:10,7:15,1,In-flight meal not included,7832,21,03,2019,08,55,16,10,7,15
Jet Airways,6/05/2019,Kolkata,Banglore,CCU → BOM → BLR,08:25,20:45,12:20,1,No Info,14388,6,05,2019,08,25,20,45,12,20
Air India,27/06/2019,Delhi,Cochin,DEL → HYD → MAA → COK,13:15,09:25,20:10,2,No Info,8839,27,06,2019,13,15,09,25,20,10
Air India,3/03/2019,Delhi,Cochin,DEL → GOI → BOM → COK,22:00,19:15,21:15,2,No Info,22096,3,03,2019,22,00,19,15,21,15
Vistara,27/05/2019,Chennai,Kolkata,MAA → CCU,07:05,09:20,2:15,0,No Info,3687,27,05,2019,07,05,09,20,2,15
Multiple carriers,15/05/2019,Delhi,Cochin,DEL → BOM → COK,08:30,19:00,10:30,1,No Info,9627,15,05,2019,08,30,19,00,10,30
Multiple carriers,21/03/2019,Delhi,Cochin,DEL → BOM → COK,11:30,01:35,14:5,1,No Info,13542,21,03,2019,11,30,01,35,14,5
IndiGo,27/04/2019,Banglore,Delhi,BLR → DEL,04:00,06:50,2:50,0,No Info,4423,27,04,2019,04,00,06,50,2,50
IndiGo,3/03/2019,Delhi,Cochin,DEL → HYD → MAA → COK,04:55,21:20,16:25,2,No Info,8899,3,03,2019,04,55,21,20,16,25
SpiceJet,21/04/2019,Delhi,Cochin,DEL → MAA → COK,06:05,11:20,5:15,1,No Info,5583,21,04,2019,06,05,11,20,5,15
Air Asia,27/05/2019,Delhi,Cochin,DEL → BLR → COK,16:45,06:35,13:50,1,No Info,6752,27,05,2019,16,45,06,35,13,50
SpiceJet,21/05/2019,Chennai,Kolkata,MAA → CCU,08:20,10:35,2:15,0,No check-in baggage included,3543,21,05,2019,08,20,10,35,2,15
Jet Airways,21/03/2019,Banglore,New Delhi,BLR → BOM → DEL,08:00,15:15,7:15,1,In-flight meal not included,7832,21,03,2019,08,00,15,15,7,15
Air India,1/05/2019,Kolkata,Banglore,CCU → IXR → DEL → BLR,05:50,08:55,27:5,2,No Info,10991,1,05,2019,05,50,08,55,27,5
Jet Airways,27/05/2019,Delhi,Cochin,DEL → BOM → COK,09:00,12:35,27:35,1,In-flight meal not included,12898,27,05,2019,09,00,12,35,27,35
Jet Airways,27/05/2019,Delhi,Cochin,DEL → BOM → COK,14:00,19:00,5h,1,In-flight meal not included,12898,27,05,2019,14,00,19,00,5h,
GoAir,24/05/2019,Banglore,Delhi,BLR → DEL,11:40,14:30,2:50,0,No Info,3398,24,05,2019,11,40,14,30,2,50
Air India,24/04/2019,Delhi,Cochin,DEL → COK,05:10,08:00,2:50,0,No Info,5201,24,04,2019,05,10,08,00,2,50
Air India,6/05/2019,Kolkata,Banglore,CCU → DEL → COK → BLR,10:00,01:20,15:20,2,No Info,13873,6,05,2019,10,00,01,20,15,20
Air India,15/06/2019,Delhi,Cochin,DEL → BLR → COK,17:40,23:00,5:20,1,No Info,7384,15,06,2019,17,40,23,00,5,20
Jet Airways,6/06/2019,Delhi,Cochin,DEL → BOM → COK,18:15,04:25,10:10,1,In-flight meal not included,10262,6,06,2019,18,15,04,25,10,10
Jet Airways,24/03/2019,Kolkata,Banglore,CCU → BOM → BLR,08:25,12:00,27:35,1,In-flight meal not included,10031,24,03,2019,08,25,12,00,27,35
Jet Airways,6/05/2019,Kolkata,Banglore,CCU → DEL → BLR,09:35,19:10,9:35,1,In-flight meal not included,12384,6,05,2019,09,35,19,10,9,35
Jet Airways,9/05/2019,Kolkata,Banglore,CCU → BOM → BLR,14:05,18:15,28:10,1,In-flight meal not included,7757,9,05,2019,14,05,18,15,28,10
Jet Airways,06/03/2019,Banglore,New Delhi,BLR → BOM → DEL,21:25,11:25,14h,1,No Info,17261,06,03,2019,21,25,11,25,14h,
SpiceJet,1/03/2019,Chennai,Kolkata,MAA → CCU,09:30,12:05,2:35,0,No Info,7298,1,03,2019,09,30,12,05,2,35
Jet Airways,6/04/2019,Banglore,Delhi,BLR → DEL,15:15,18:10,2:55,0,No Info,7229,6,04,2019,15,15,18,10,2,55
IndiGo,1/04/2019,Kolkata,Banglore,CCU → BLR,04:40,07:15,2:35,0,No Info,4174,1,04,2019,04,40,07,15,2,35
IndiGo,18/05/2019,Kolkata,Banglore,CCU → MAA → BLR,17:35,22:15,4:40,1,No Info,5699,18,05,2019,17,35,22,15,4,40
Air India,24/04/2019,Kolkata,Banglore,CCU → BLR,14:15,16:45,2:30,0,No Info,4880,24,04,2019,14,15,16,45,2,30
Air India,6/03/2019,Delhi,Cochin,DEL → BOM → COK,08:00,19:15,11:15,1,No Info,15284,6,03,2019,08,00,19,15,11,15
Jet Airways,24/03/2019,Kolkata,Banglore,CCU → BOM → BLR,08:25,16:20,7:55,1,No Info,13759,24,03,2019,08,25,16,20,7,55
Vistara,24/03/2019,Kolkata,Banglore,CCU → DEL → BLR,09:55,18:45,8:50,1,No Info,16092,24,03,2019,09,55,18,45,8,50
IndiGo,9/03/2019,Mumbai,Hyderabad,BOM → HYD,06:20,07:45,1:25,0,No Info,4392,9,03,2019,06,20,07,45,1,25
Jet Airways,24/06/2019,Delhi,Cochin,DEL → BOM → COK,20:55,12:35,15:40,1,In-flight meal not included,10262,24,06,2019,20,55,12,35,15,40
SpiceJet,12/06/2019,Kolkata,Banglore,CCU → BLR,06:55,09:30,2:35,0,No check-in baggage included,3841,12,06,2019,06,55,09,30,2,35
GoAir,1/06/2019,Banglore,Delhi,BLR → DEL,07:45,10:40,2:55,0,No Info,5048,1,06,2019,07,45,10,40,2,55
Air India,21/05/2019,Kolkata,Banglore,CCU → DEL → BLR,07:00,20:25,13:25,1,No Info,11096,21,05,2019,07,00,20,25,13,25
IndiGo,24/04/2019,Delhi,Cochin,DEL → HYD → COK,07:35,12:10,4:35,1,No Info,5073,24,04,2019,07,35,12,10,4,35
Jet Airways,3/03/2019,Delhi,Cochin,DEL → BOM → COK,09:55,04:25,18:30,1,No Info,19828,3,03,2019,09,55,04,25,18,30
Vistara,21/03/2019,Chennai,Kolkata,MAA → CCU,07:05,09:20,2:15,0,No Info,3739,21,03,2019,07,05,09,20,2,15
Air India,9/03/2019,Delhi,Cochin,DEL → AMD → BOM → COK,05:00,19:15,38:15,2,No Info,10598,9,03,2019,05,00,19,15,38,15
Jet Airways,15/06/2019,Banglore,Delhi,BLR → DEL,18:55,22:00,3:5,0,In-flight meal not included,7229,15,06,2019,18,55,22,00,3,5
Vistara,1/04/2019,Kolkata,Banglore,CCU → DEL → BLR,17:00,18:50,25:50,1,No Info,8610,1,04,2019,17,00,18,50,25,50
Vistara,9/05/2019,Delhi,Cochin,DEL → COK,14:40,17:50,3:10,0,No Info,6216,9,05,2019,14,40,17,50,3,10
Air India,9/06/2019,Banglore,Delhi,BLR → DEL,13:20,16:10,2:50,0,No Info,6961,9,06,2019,13,20,16,10,2,50
Jet Airways,6/05/2019,Kolkata,Banglore,CCU → DEL → BLR,09:35,21:05,11:30,1,In-flight meal not included,10703,6,05,2019,09,35,21,05,11,30
Jet Airways,15/05/2019,Kolkata,Banglore,CCU → DEL → BLR,17:00,23:35,6:35,1,No Info,14151,15,05,2019,17,00,23,35,6,35
Jet Airways,9/05/2019,Kolkata,Banglore,CCU → BOM → BLR,06:30,10:05,27:35,1,In-flight meal not included,8586,9,05,2019,06,30,10,05,27,35
IndiGo,12/04/2019,Kolkata,Banglore,CCU → BLR,20:20,22:55,2:35,0,No Info,4488,12,04,2019,20,20,22,55,2,35
Multiple carriers,15/06/2019,Delhi,Cochin,DEL → BOM → COK,18:00,01:30,7:30,1,No Info,7408,15,06,2019,18,00,01,30,7,30
Jet Airways,18/04/2019,Delhi,Cochin,DEL → COK,11:00,14:15,3:15,0,In-flight meal not included,5443,18,04,2019,11,00,14,15,3,15
Jet Airways,12/06/2019,Kolkata,Banglore,CCU → DEL → BLR,09:35,19:10,9:35,1,In-flight meal not included,10539,12,06,2019,09,35,19,10,9,35
Multiple carriers,1/06/2019,Delhi,Cochin,DEL → BOM → COK,13:00,01:30,12:30,1,No Info,7723,1,06,2019,13,00,01,30,12,30
Multiple carriers,6/03/2019,Delhi,Cochin,DEL → BOM → COK,07:30,18:50,11:20,1,No Info,15411,6,03,2019,07,30,18,50,11,20
Jet Airways,21/05/2019,Banglore,Delhi,BLR → DEL,07:10,10:10,3h,0,No Info,7229,21,05,2019,07,10,10,10,3h,
IndiGo,21/06/2019,Kolkata,Banglore,CCU → BLR,20:20,22:55,2:35,0,No Info,4804,21,06,2019,20,20,22,55,2,35
Jet Airways,3/03/2019,Mumbai,Hyderabad,BOM → HYD,02:55,04:25,1:30,0,In-flight meal not included,4050,3,03,2019,02,55,04,25,1,30
Jet Airways,18/05/2019,Kolkata,Banglore,CCU → DEL → BLR,17:00,19:10,26:10,1,No Info,14151,18,05,2019,17,00,19,10,26,10
SpiceJet,6/04/2019,Delhi,Cochin,DEL → BLR → COK,17:55,22:50,4:55,1,No Info,4957,6,04,2019,17,55,22,50,4,55
Air India,03/03/2019,Banglore,New Delhi,BLR → DEL,21:10,23:55,2:45,0,No Info,7591,03,03,2019,21,10,23,55,2,45
Jet Airways,24/03/2019,Kolkata,Banglore,CCU → BOM → BLR,13:55,22:35,8:40,1,In-flight meal not included,11134,24,03,2019,13,55,22,35,8,40
IndiGo,27/05/2019,Delhi,Cochin,DEL → HYD → COK,05:05,12:10,7:5,1,No Info,6600,27,05,2019,05,05,12,10,7,5
Air India,09/03/2019,Banglore,New Delhi,BLR → DEL,21:10,23:55,2:45,0,No Info,4966,09,03,2019,21,10,23,55,2,45
Air India,1/06/2019,Delhi,Cochin,DEL → CCU → BOM → COK,06:50,07:40,24:50,2,No Info,15481,1,06,2019,06,50,07,40,24,50
SpiceJet,1/03/2019,Kolkata,Banglore,CCU → BLR,22:20,00:40,2:20,0,No Info,5515,1,03,2019,22,20,00,40,2,20
Jet Airways,15/06/2019,Delhi,Cochin,DEL → BOM → COK,08:00,19:00,11h,1,No Info,14714,15,06,2019,08,00,19,00,11h,
GoAir,15/06/2019,Delhi,Cochin,DEL → BOM → COK,10:35,19:35,9h,1,No Info,4959,15,06,2019,10,35,19,35,9h,
Jet Airways,21/04/2019,Banglore,Delhi,BLR → DEL,11:10,14:05,2:55,0,No Info,7229,21,04,2019,11,10,14,05,2,55
Air India,15/05/2019,Delhi,Cochin,DEL → COK,18:05,21:10,3:5,0,No Info,6094,15,05,2019,18,05,21,10,3,5
Air Asia,24/04/2019,Kolkata,Banglore,CCU → BLR,10:20,12:55,2:35,0,No Info,4409,24,04,2019,10,20,12,55,2,35
Multiple carriers,18/05/2019,Delhi,Cochin,DEL → BOM → COK,06:00,19:00,13h,1,No Info,9794,18,05,2019,06,00,19,00,13h,
Jet Airways,3/04/2019,Mumbai,Hyderabad,BOM → HYD,02:55,04:20,1:25,0,No Info,5678,3,04,2019,02,55,04,20,1,25
IndiGo,15/06/2019,Delhi,Cochin,DEL → HYD → COK,08:35,16:10,7:35,1,No Info,6442,15,06,2019,08,35,16,10,7,35
Vistara,18/05/2019,Banglore,Delhi,BLR → DEL,07:00,09:40,2:40,0,No Info,4878,18,05,2019,07,00,09,40,2,40
Jet Airways,24/03/2019,Kolkata,Banglore,CCU → BOM → BLR,21:10,10:05,12:55,1,In-flight meal not included,12446,24,03,2019,21,10,10,05,12,55
Jet Airways,9/05/2019,Delhi,Cochin,DEL → AMD → BOM → COK,23:05,04:25,29:20,2,No Info,16704,9,05,2019,23,05,04,25,29,20
Jet Airways,15/03/2019,Banglore,New Delhi,BLR → BOM → DEL,05:45,10:45,5h,1,In-flight meal not included,9134,15,03,2019,05,45,10,45,5h,
Jet Airways,15/05/2019,Kolkata,Banglore,CCU → BOM → BLR,20:00,04:40,8:40,1,In-flight meal not included,8586,15,05,2019,20,00,04,40,8,40
Jet Airways,1/06/2019,Banglore,Delhi,BLR → DEL,07:10,10:10,3h,0,In-flight meal not included,7229,1,06,2019,07,10,10,10,3h,
Jet Airways,21/04/2019,Banglore,Delhi,BLR → DEL,07:10,10:10,3h,0,In-flight meal not included,6144,21,04,2019,07,10,10,10,3h,
Air India,18/05/2019,Banglore,Delhi,BLR → DEL,10:00,12:45,2:45,0,No Info,6961,18,05,2019,10,00,12,45,2,45
Jet Airways,9/05/2019,Kolkata,Banglore,CCU → BOM → BLR,16:30,04:40,12:10,1,In-flight meal not included,10844,9,05,2019,16,30,04,40,12,10
IndiGo,21/05/2019,Chennai,Kolkata,MAA → CCU,19:35,21:55,2:20,0,No Info,3597,21,05,2019,19,35,21,55,2,20
SpiceJet,21/03/2019,Banglore,New Delhi,BLR → PNQ → DEL,10:20,18:15,7:55,1,No Info,7139,21,03,2019,10,20,18,15,7,55
Air India,6/03/2019,Mumbai,Hyderabad,BOM → JDH → DEL → HYD,09:40,15:15,29:35,2,No Info,25139,6,03,2019,09,40,15,15,29,35
Jet Airways,1/06/2019,Delhi,Cochin,DEL → JAI → BOM → COK,09:40,12:35,26:55,2,In-flight meal not included,10368,1,06,2019,09,40,12,35,26,55
Air India,6/04/2019,Delhi,Cochin,DEL → MAA → COK,20:40,09:25,12:45,1,No Info,5117,6,04,2019,20,40,09,25,12,45
Multiple carriers,18/05/2019,Delhi,Cochin,DEL → BOM → COK,11:40,19:15,7:35,1,No Info,9211,18,05,2019,11,40,19,15,7,35
SpiceJet,15/04/2019,Kolkata,Banglore,CCU → BLR,17:10,19:40,2:30,0,No Info,4174,15,04,2019,17,10,19,40,2,30
Multiple carriers,27/05/2019,Delhi,Cochin,DEL → BOM → COK,07:30,19:15,11:45,1,No Info,10786,27,05,2019,07,30,19,15,11,45
Jet Airways,15/03/2019,Banglore,New Delhi,BLR → BOM → DEL,08:00,07:40,23:40,1,In-flight meal not included,9134,15,03,2019,08,00,07,40,23,40
Jet Airways,1/06/2019,Delhi,Cochin,DEL → NAG → BOM → COK,14:35,04:25,13:50,2,No Info,13376,1,06,2019,14,35,04,25,13,50
Air India,21/03/2019,Banglore,New Delhi,BLR → COK → DEL,22:00,10:50,12:50,1,No Info,6955,21,03,2019,22,00,10,50,12,50
Jet Airways,9/05/2019,Kolkata,Banglore,CCU → BOM → BLR,08:25,18:15,9:50,1,In-flight meal not included,10844,9,05,2019,08,25,18,15,9,50
Air Asia,1/04/2019,Kolkata,Banglore,CCU → BLR,19:55,22:25,2:30,0,No Info,3807,1,04,2019,19,55,22,25,2,30
Jet Airways,1/05/2019,Kolkata,Banglore,CCU → BOM → BLR,14:05,12:00,21:55,1,In-flight meal not included,9663,1,05,2019,14,05,12,00,21,55
Jet Airways,9/05/2019,Delhi,Cochin,DEL → BOM → COK,02:15,04:25,26:10,1,In-flight meal not included,12373,9,05,2019,02,15,04,25,26,10
SpiceJet,1/05/2019,Banglore,Delhi,BLR → DEL,21:10,00:05,2:55,0,No Info,4991,1,05,2019,21,10,00,05,2,55
Air India,21/03/2019,Delhi,Cochin,DEL → BOM → COK,23:00,19:15,20:15,1,No Info,6745,21,03,2019,23,00,19,15,20,15
Jet Airways,15/06/2019,Delhi,Cochin,DEL → BOM → COK,22:50,19:00,20:10,1,In-flight meal not included,10262,15,06,2019,22,50,19,00,20,10
Jet Airways,27/03/2019,Delhi,Cochin,DEL → BOM → COK,17:30,04:25,10:55,1,In-flight meal not included,6540,27,03,2019,17,30,04,25,10,55
SpiceJet,6/04/2019,Kolkata,Banglore,CCU → BLR,17:10,19:40,2:30,0,No Info,3873,6,04,2019,17,10,19,40,2,30
Jet Airways,9/05/2019,Delhi,Cochin,DEL → BOM → COK,21:50,19:00,21:10,1,No Info,15554,9,05,2019,21,50,19,00,21,10
IndiGo,27/05/2019,Kolkata,Banglore,CCU → BLR,20:20,22:55,2:35,0,No Info,4804,27,05,2019,20,20,22,55,2,35
Jet Airways,27/03/2019,Delhi,Cochin,DEL → BOM → COK,23:05,19:45,20:40,1,In-flight meal not included,7438,27,03,2019,23,05,19,45,20,40
Air Asia,3/05/2019,Banglore,Delhi,BLR → DEL,04:55,07:45,2:50,0,No Info,6181,3,05,2019,04,55,07,45,2,50
Multiple carriers,1/05/2019,Delhi,Cochin,DEL → BOM → COK,19:00,01:30,6:30,1,No Info,9424,1,05,2019,19,00,01,30,6,30
Air India,12/03/2019,Banglore,New Delhi,BLR → BOM → BHO → DEL,17:25,23:25,30h,2,No Info,12725,12,03,2019,17,25,23,25,30h,
Air India,15/03/2019,Banglore,New Delhi,BLR → HYD → DEL,08:15,21:25,13:10,1,No Info,6046,15,03,2019,08,15,21,25,13,10
SpiceJet,15/06/2019,Banglore,Delhi,BLR → DEL,21:10,00:05,2:55,0,No Info,3971,15,06,2019,21,10,00,05,2,55
Jet Airways,6/06/2019,Kolkata,Banglore,CCU → DEL → BLR,20:25,14:25,18h,1,No Info,12692,6,06,2019,20,25,14,25,18h,
IndiGo,6/03/2019,Delhi,Cochin,DEL → HYD → COK,14:20,22:20,8h,1,No Info,7451,6,03,2019,14,20,22,20,8h,
Jet Airways,12/03/2019,Banglore,New Delhi,BLR → BOM → DEL,22:55,07:40,8:45,1,No Info,13817,12,03,2019,22,55,07,40,8,45
Jet Airways,6/05/2019,Kolkata,Banglore,CCU → DEL → BLR,09:35,22:05,12:30,1,In-flight meal not included,10703,6,05,2019,09,35,22,05,12,30
Jet Airways,12/03/2019,Banglore,New Delhi,BLR → BOM → DEL,21:25,10:45,13:20,1,No Info,13817,12,03,2019,21,25,10,45,13,20
Jet Airways,15/03/2019,Banglore,New Delhi,BLR → BOM → DEL,22:55,05:05,6:10,1,No Info,27210,15,03,2019,22,55,05,05,6,10
Jet Airways,18/05/2019,Kolkata,Banglore,CCU → BOM → BLR,21:10,04:40,7:30,1,No Info,13941,18,05,2019,21,10,04,40,7,30
Air India,01/03/2019,Banglore,New Delhi,BLR → HYD → DEL,17:00,12:15,19:15,1,No Info,10246,01,03,2019,17,00,12,15,19,15
IndiGo,6/05/2019,Kolkata,Banglore,CCU → BLR,17:15,19:50,2:35,0,No Info,4804,6,05,2019,17,15,19,50,2,35
Air Asia,6/06/2019,Kolkata,Banglore,CCU → DEL → BLR,22:40,10:40,12h,1,No Info,6810,6,06,2019,22,40,10,40,12h,
Jet Airways,1/05/2019,Banglore,Delhi,BLR → DEL,08:20,11:20,3h,0,In-flight meal not included,5198,1,05,2019,08,20,11,20,3h,
Vistara,3/05/2019,Banglore,Delhi,BLR → DEL,21:00,23:50,2:50,0,No Info,5613,3,05,2019,21,00,23,50,2,50
IndiGo,3/03/2019,Mumbai,Hyderabad,BOM → HYD,21:20,22:45,1:25,0,No Info,4784,3,03,2019,21,20,22,45,1,25
Jet Airways,21/03/2019,Delhi,Cochin,DEL → BOM → COK,19:45,18:50,23:5,1,In-flight meal not included,5406,21,03,2019,19,45,18,50,23,5
Air India,27/04/2019,Banglore,Delhi,BLR → DEL,13:20,16:10,2:50,0,No Info,5228,27,04,2019,13,20,16,10,2,50
Jet Airways,27/05/2019,Delhi,Cochin,DEL → BOM → COK,20:55,19:00,22:5,1,In-flight meal not included,12898,27,05,2019,20,55,19,00,22,5
Air India,15/06/2019,Chennai,Kolkata,MAA → CCU,11:40,13:55,2:15,0,No Info,4667,15,06,2019,11,40,13,55,2,15
Jet Airways,21/05/2019,Kolkata,Banglore,CCU → BOM → BLR,14:05,19:50,5:45,1,No Info,14781,21,05,2019,14,05,19,50,5,45
Vistara,21/04/2019,Banglore,Delhi,BLR → DEL,09:45,12:35,2:50,0,No Info,5403,21,04,2019,09,45,12,35,2,50
Jet Airways,12/06/2019,Kolkata,Banglore,CCU → BOM → BLR,14:05,23:35,9:30,1,In-flight meal not included,9899,12,06,2019,14,05,23,35,9,30
Jet Airways,21/05/2019,Delhi,Cochin,DEL → JAI → BOM → COK,19:30,04:25,8:55,2,In-flight meal not included,13029,21,05,2019,19,30,04,25,8,55
Vistara,18/05/2019,Kolkata,Banglore,CCU → DEL → BLR,17:00,10:45,17:45,1,No Info,9187,18,05,2019,17,00,10,45,17,45
IndiGo,24/05/2019,Banglore,Delhi,BLR → DEL,20:00,22:50,2:50,0,No Info,4823,24,05,2019,20,00,22,50,2,50
Air India,27/03/2019,Delhi,Cochin,DEL → HYD → BOM → COK,21:30,19:15,21:45,2,No Info,8665,27,03,2019,21,30,19,15,21,45
IndiGo,6/03/2019,Delhi,Cochin,DEL → BOM → COK,08:25,21:00,12:35,1,No Info,14871,6,03,2019,08,25,21,00,12,35
IndiGo,21/06/2019,Mumbai,Hyderabad,BOM → HYD,06:25,07:55,1:30,0,No Info,4049,21,06,2019,06,25,07,55,1,30
Air India,12/06/2019,Chennai,Kolkata,MAA → CCU,11:40,13:55,2:15,0,No Info,4667,12,06,2019,11,40,13,55,2,15
IndiGo,9/04/2019,Kolkata,Banglore,CCU → BBI → BLR,19:55,23:50,3:55,1,No Info,4226,9,04,2019,19,55,23,50,3,55
Air India,03/03/2019,Banglore,New Delhi,BLR → DEL,06:10,08:55,2:45,0,No Info,7591,03,03,2019,06,10,08,55,2,45
Jet Airways,06/03/2019,Banglore,New Delhi,BLR → BOM → DEL,05:45,13:15,7:30,1,No Info,19225,06,03,2019,05,45,13,15,7,30
Jet Airways,27/05/2019,Delhi,Cochin,DEL → BOM → COK,19:15,12:35,17:20,1,In-flight meal not included,12898,27,05,2019,19,15,12,35,17,20
IndiGo,9/06/2019,Mumbai,Hyderabad,BOM → HYD,12:00,13:30,1:30,0,No Info,2754,9,06,2019,12,00,13,30,1,30
SpiceJet,3/05/2019,Mumbai,Hyderabad,BOM → HYD,13:15,14:45,1:30,0,No check-in baggage included,1965,3,05,2019,13,15,14,45,1,30
Air India,24/03/2019,Kolkata,Banglore,CCU → GAU → DEL → BLR,16:45,23:15,30:30,2,No Info,12835,24,03,2019,16,45,23,15,30,30
Jet Airways Business,01/03/2019,Banglore,New Delhi,BLR → BOM → DEL,05:45,10:45,5h,1,No Info,52229,01,03,2019,05,45,10,45,5h,
Multiple carriers,15/05/2019,Delhi,Cochin,DEL → BOM → COK,08:00,19:15,11:15,1,No Info,14533,15,05,2019,08,00,19,15,11,15
Vistara,24/06/2019,Banglore,Delhi,BLR → DEL,09:45,12:35,2:50,0,No Info,4668,24,06,2019,09,45,12,35,2,50
Jet Airways,9/04/2019,Delhi,Cochin,DEL → BOM → COK,17:30,12:35,19:5,1,No Info,11822,9,04,2019,17,30,12,35,19,5
Jet Airways,27/03/2019,Delhi,Cochin,DEL → BOM → COK,21:50,04:25,6:35,1,In-flight meal not included,6017,27,03,2019,21,50,04,25,6,35
Jet Airways,9/06/2019,Delhi,Cochin,DEL → BOM → COK,11:30,19:00,7:30,1,No Info,14714,9,06,2019,11,30,19,00,7,30
SpiceJet,9/06/2019,Chennai,Kolkata,MAA → CCU,08:20,10:35,2:15,0,No Info,3597,9,06,2019,08,20,10,35,2,15
Air Asia,24/04/2019,Banglore,Delhi,BLR → DEL,11:10,13:55,2:45,0,No Info,3383,24,04,2019,11,10,13,55,2,45
Air India,18/05/2019,Kolkata,Banglore,CCU → BOM → GOI → BLR,16:50,05:35,12:45,2,No Info,11642,18,05,2019,16,50,05,35,12,45
Vistara,27/04/2019,Banglore,Delhi,BLR → DEL,21:00,23:50,2:50,0,No Info,5403,27,04,2019,21,00,23,50,2,50
Air India,3/03/2019,Delhi,Cochin,DEL → AMD → BOM → COK,16:40,19:15,26:35,2,No Info,14221,3,03,2019,16,40,19,15,26,35
Jet Airways,18/05/2019,Kolkata,Banglore,CCU → BOM → BLR,21:10,10:05,12:55,1,In-flight meal not included,8586,18,05,2019,21,10,10,05,12,55
IndiGo,12/06/2019,Mumbai,Hyderabad,BOM → HYD,09:10,10:40,1:30,0,No Info,4049,12,06,2019,09,10,10,40,1,30
Jet Airways,3/06/2019,Delhi,Cochin,DEL → BOM → COK,19:45,04:25,8:40,1,In-flight meal not included,10262,3,06,2019,19,45,04,25,8,40
Multiple carriers,21/05/2019,Delhi,Cochin,DEL → BOM → COK,07:00,21:00,14h,1,No Info,7888,21,05,2019,07,00,21,00,14h,
Air India,21/03/2019,Delhi,Cochin,DEL → AMD → BOM → COK,19:45,19:15,23:30,2,No Info,8236,21,03,2019,19,45,19,15,23,30
Air India,6/06/2019,Delhi,Cochin,DEL → UDR → BOM → COK,13:20,19:15,29:55,2,No Info,12961,6,06,2019,13,20,19,15,29,55
Jet Airways,9/05/2019,Kolkata,Banglore,CCU → BOM → BLR,06:30,04:40,22:10,1,In-flight meal not included,8586,9,05,2019,06,30,04,40,22,10
IndiGo,18/05/2019,Kolkata,Banglore,CCU → MAA → BLR,08:10,13:00,4:50,1,No Info,5279,18,05,2019,08,10,13,00,4,50
GoAir,18/06/2019,Banglore,Delhi,BLR → DEL,20:55,23:40,2:45,0,No Info,3419,18,06,2019,20,55,23,40,2,45
Jet Airways,15/06/2019,Delhi,Cochin,DEL → IDR → BOM → COK,05:30,19:00,13:30,2,No Info,13292,15,06,2019,05,30,19,00,13,30
Jet Airways,15/05/2019,Kolkata,Banglore,CCU → DEL → BLR,20:25,09:45,13:20,1,No Info,13067,15,05,2019,20,25,09,45,13,20
IndiGo,3/05/2019,Chennai,Kolkata,MAA → CCU,13:15,15:35,2:20,0,No Info,3597,3,05,2019,13,15,15,35,2,20
Jet Airways,18/05/2019,Delhi,Cochin,DEL → BOM → COK,07:05,19:00,11:55,1,No Info,15554,18,05,2019,07,05,19,00,11,55
IndiGo,15/05/2019,Delhi,Cochin,DEL → BLR → COK,17:05,22:15,5:10,1,No Info,6027,15,05,2019,17,05,22,15,5,10
Jet Airways,9/05/2019,Kolkata,Banglore,CCU → BOM → BLR,06:30,18:15,11:45,1,No Info,14781,9,05,2019,06,30,18,15,11,45
Jet Airways,1/06/2019,Delhi,Cochin,DEL → NAG → BOM → COK,14:35,04:25,13:50,2,No Info,13376,1,06,2019,14,35,04,25,13,50
IndiGo,27/05/2019,Banglore,Delhi,BLR → DEL,21:15,00:15,3h,0,No Info,3943,27,05,2019,21,15,00,15,3h,
GoAir,12/06/2019,Delhi,Cochin,DEL → AMD → COK,07:25,13:35,6:10,1,No Info,5842,12,06,2019,07,25,13,35,6,10
IndiGo,15/03/2019,Chennai,Kolkata,MAA → CCU,05:15,07:35,2:20,0,No Info,4326,15,03,2019,05,15,07,35,2,20
Multiple carriers,1/06/2019,Delhi,Cochin,DEL → BOM → COK,08:30,19:15,10:45,1,No Info,8937,1,06,2019,08,30,19,15,10,45
Air India,21/03/2019,Chennai,Kolkata,MAA → CCU,11:40,13:55,2:15,0,No Info,3670,21,03,2019,11,40,13,55,2,15
IndiGo,18/06/2019,Banglore,Delhi,BLR → DEL,18:25,21:20,2:55,0,No Info,4823,18,06,2019,18,25,21,20,2,55
Jet Airways,3/04/2019,Mumbai,Hyderabad,BOM → HYD,19:35,21:05,1:30,0,In-flight meal not included,2071,3,04,2019,19,35,21,05,1,30
Multiple carriers,27/06/2019,Delhi,Cochin,DEL → HYD → COK,14:55,22:30,7:35,1,In-flight meal not included,6093,27,06,2019,14,55,22,30,7,35
Vistara,24/03/2019,Kolkata,Banglore,CCU → DEL → BLR,20:20,22:55,26:35,1,No Info,11682,24,03,2019,20,20,22,55,26,35
IndiGo,03/03/2019,Banglore,New Delhi,BLR → LKO → DEL,05:25,10:10,4:45,1,No Info,7774,03,03,2019,05,25,10,10,4,45
Jet Airways,12/05/2019,Kolkata,Banglore,CCU → DEL → BLR,17:00,14:25,21:25,1,No Info,13067,12,05,2019,17,00,14,25,21,25
IndiGo,27/05/2019,Delhi,Cochin,DEL → HYD → COK,07:35,16:10,8:35,1,No Info,7514,27,05,2019,07,35,16,10,8,35
Multiple carriers,9/04/2019,Delhi,Cochin,DEL → BOM → COK,17:00,01:30,8:30,1,No Info,6838,9,04,2019,17,00,01,30,8,30
IndiGo,18/03/2019,Chennai,Kolkata,MAA → CCU,13:20,15:35,2:15,0,No Info,3858,18,03,2019,13,20,15,35,2,15
Multiple carriers,15/06/2019,Delhi,Cochin,DEL → BOM → COK,12:50,01:30,12:40,1,No Info,6795,15,06,2019,12,50,01,30,12,40
Jet Airways,27/05/2019,Delhi,Cochin,DEL → ATQ → BOM → COK,20:00,04:25,8:25,2,No Info,16263,27,05,2019,20,00,04,25,8,25
Air India,9/05/2019,Kolkata,Banglore,CCU → BOM → BLR,16:50,18:30,25:40,1,No Info,8576,9,05,2019,16,50,18,30,25,40
Air India,6/05/2019,Banglore,Delhi,BLR → DEL,10:00,12:45,2:45,0,No Info,5228,6,05,2019,10,00,12,45,2,45
Jet Airways,1/05/2019,Delhi,Cochin,DEL → AMD → BOM → COK,23:05,04:25,29:20,2,No Info,16704,1,05,2019,23,05,04,25,29,20
IndiGo,24/03/2019,Kolkata,Banglore,CCU → BLR,20:25,23:05,2:40,0,No Info,8872,24,03,2019,20,25,23,05,2,40
GoAir,3/05/2019,Banglore,Delhi,BLR → DEL,11:40,14:30,2:50,0,No Info,3898,3,05,2019,11,40,14,30,2,50
SpiceJet,21/03/2019,Chennai,Kolkata,MAA → CCU,17:45,20:05,2:20,0,No check-in baggage included,3332,21,03,2019,17,45,20,05,2,20
Jet Airways,21/05/2019,Kolkata,Banglore,CCU → GAU → BLR,10:20,17:35,7:15,1,In-flight meal not included,5608,21,05,2019,10,20,17,35,7,15
Jet Airways,9/05/2019,Kolkata,Banglore,CCU → BOM → BLR,08:25,04:40,20:15,1,No Info,13941,9,05,2019,08,25,04,40,20,15
Multiple carriers,21/03/2019,Delhi,Cochin,DEL → BOM → COK,07:30,19:15,11:45,1,No Info,9100,21,03,2019,07,30,19,15,11,45
Vistara,15/06/2019,Banglore,Delhi,BLR → DEL,17:00,19:35,2:35,0,No Info,4878,15,06,2019,17,00,19,35,2,35
IndiGo,1/06/2019,Delhi,Cochin,DEL → BOM → COK,07:30,21:00,13:30,1,No Info,6416,1,06,2019,07,30,21,00,13,30
SpiceJet,12/05/2019,Mumbai,Hyderabad,BOM → HYD,05:45,07:15,1:30,0,No Info,2017,12,05,2019,05,45,07,15,1,30
Jet Airways,27/03/2019,Delhi,Cochin,DEL → AMD → BOM → COK,19:10,19:45,24:35,2,No Info,10976,27,03,2019,19,10,19,45,24,35
Jet Airways,24/03/2019,Kolkata,Banglore,CCU → BOM → BLR,19:45,16:20,20:35,1,In-flight meal not included,10031,24,03,2019,19,45,16,20,20,35
IndiGo,18/03/2019,Kolkata,Banglore,CCU → BLR,05:30,08:20,2:50,0,No Info,4462,18,03,2019,05,30,08,20,2,50
IndiGo,1/04/2019,Delhi,Cochin,DEL → HYD → COK,07:35,12:10,4:35,1,No Info,5073,1,04,2019,07,35,12,10,4,35
IndiGo,27/03/2019,Chennai,Kolkata,MAA → CCU,05:15,07:35,2:20,0,No Info,4326,27,03,2019,05,15,07,35,2,20
Multiple carriers Premium economy,21/03/2019,Delhi,Cochin,DEL → BOM → COK,07:30,19:15,11:45,1,No Info,10161,21,03,2019,07,30,19,15,11,45
IndiGo,12/06/2019,Mumbai,Hyderabad,BOM → HYD,16:55,18:25,1:30,0,No Info,3175,12,06,2019,16,55,18,25,1,30
Vistara,24/03/2019,Kolkata,Banglore,CCU → DEL → BLR,20:20,09:10,12:50,1,No Info,12312,24,03,2019,20,20,09,10,12,50
Jet Airways,21/03/2019,Delhi,Cochin,DEL → UDR → BOM → COK,18:20,18:50,24:30,2,No Info,12604,21,03,2019,18,20,18,50,24,30
Multiple carriers,15/06/2019,Delhi,Cochin,DEL → BOM → COK,07:30,19:00,11:30,1,No Info,10877,15,06,2019,07,30,19,00,11,30
IndiGo,18/05/2019,Kolkata,Banglore,CCU → MAA → BLR,06:20,10:20,4h,1,No Info,4226,18,05,2019,06,20,10,20,4h,
Jet Airways,6/04/2019,Delhi,Cochin,DEL → BOM → COK,08:00,19:00,11h,1,In-flight meal not included,5406,6,04,2019,08,00,19,00,11h,
IndiGo,15/05/2019,Delhi,Cochin,DEL → MAA → COK,02:00,07:25,5:25,1,No Info,8618,15,05,2019,02,00,07,25,5,25
IndiGo,18/04/2019,Kolkata,Banglore,CCU → BLR,17:15,19:50,2:35,0,No Info,4174,18,04,2019,17,15,19,50,2,35
GoAir,1/06/2019,Delhi,Cochin,DEL → BOM → COK,14:25,19:35,5:10,1,No Info,10651,1,06,2019,14,25,19,35,5,10
Jet Airways,21/03/2019,Delhi,Cochin,DEL → BOM → COK,18:15,04:25,10:10,1,In-flight meal not included,5963,21,03,2019,18,15,04,25,10,10
Jet Airways,12/06/2019,Delhi,Cochin,DEL → JAI → BOM → COK,09:40,12:35,26:55,2,In-flight meal not included,10368,12,06,2019,09,40,12,35,26,55
IndiGo,6/03/2019,Mumbai,Hyderabad,BOM → GOI → HYD,15:45,23:00,7:15,1,No Info,7681,6,03,2019,15,45,23,00,7,15
Multiple carriers,21/05/2019,Delhi,Cochin,DEL → BOM → COK,12:50,21:00,8:10,1,No Info,7485,21,05,2019,12,50,21,00,8,10
Jet Airways,3/04/2019,Banglore,Delhi,BLR → DEL,15:15,18:10,2:55,0,In-flight meal not included,4544,3,04,2019,15,15,18,10,2,55
SpiceJet,15/04/2019,Kolkata,Banglore,CCU → MAA → BLR,15:05,20:20,5:15,1,No Info,4649,15,04,2019,15,05,20,20,5,15
Vistara,12/05/2019,Chennai,Kolkata,MAA → CCU,17:45,20:05,2:20,0,No Info,11982,12,05,2019,17,45,20,05,2,20
Jet Airways,24/06/2019,Mumbai,Hyderabad,BOM → HYD,07:05,08:30,1:25,0,In-flight meal not included,4995,24,06,2019,07,05,08,30,1,25
IndiGo,9/05/2019,Kolkata,Banglore,CCU → MAA → BLR,08:10,13:00,4:50,1,No Info,5069,9,05,2019,08,10,13,00,4,50
SpiceJet,1/06/2019,Kolkata,Banglore,CCU → BLR,22:20,00:40,2:20,0,No Info,3873,1,06,2019,22,20,00,40,2,20
SpiceJet,27/04/2019,Kolkata,Banglore,CCU → BLR,22:20,00:40,2:20,0,No Info,3873,27,04,2019,22,20,00,40,2,20
Air India,27/05/2019,Delhi,Cochin,DEL → BLR → COK,09:45,23:00,13:15,1,No Info,8907,27,05,2019,09,45,23,00,13,15
Jet Airways,9/06/2019,Kolkata,Banglore,CCU → BOM → BLR,21:10,16:20,19:10,1,In-flight meal not included,10844,9,06,2019,21,10,16,20,19,10
Jet Airways,15/05/2019,Kolkata,Banglore,CCU → BOM → BLR,21:10,19:50,22:40,1,In-flight meal not included,10844,15,05,2019,21,10,19,50,22,40
Jet Airways,6/05/2019,Kolkata,Banglore,CCU → BOM → BLR,21:10,12:00,14:50,1,In-flight meal not included,9663,6,05,2019,21,10,12,00,14,50
Jet Airways,1/06/2019,Delhi,Cochin,DEL → IDR → BOM → COK,21:25,12:35,15:10,2,No Info,13292,1,06,2019,21,25,12,35,15,10
Jet Airways,12/06/2019,Delhi,Cochin,DEL → BHO → BOM → COK,05:30,12:35,7:5,2,No Info,14441,12,06,2019,05,30,12,35,7,5
Jet Airways,9/06/2019,Mumbai,Hyderabad,BOM → HYD,02:55,04:20,1:25,0,In-flight meal not included,4050,9,06,2019,02,55,04,20,1,25
IndiGo,09/03/2019,Banglore,New Delhi,BLR → DEL,21:20,00:15,2:55,0,No Info,6144,09,03,2019,21,20,00,15,2,55
IndiGo,6/03/2019,Delhi,Cochin,DEL → BOM → COK,07:30,15:30,8h,1,No Info,14871,6,03,2019,07,30,15,30,8h,
Air Asia,18/04/2019,Banglore,Delhi,BLR → DEL,11:10,13:55,2:45,0,No Info,4483,18,04,2019,11,10,13,55,2,45
IndiGo,15/05/2019,Delhi,Cochin,DEL → BOM → COK,10:35,01:30,14:55,1,No Info,6979,15,05,2019,10,35,01,30,14,55
Jet Airways,27/06/2019,Mumbai,Hyderabad,BOM → HYD,10:20,11:50,1:30,0,No Info,8040,27,06,2019,10,20,11,50,1,30
IndiGo,1/06/2019,Delhi,Cochin,DEL → BOM → COK,09:15,01:30,16:15,1,No Info,7048,1,06,2019,09,15,01,30,16,15
SpiceJet,27/06/2019,Banglore,Delhi,BLR → DEL,09:30,12:20,2:50,0,No check-in baggage included,3573,27,06,2019,09,30,12,20,2,50
IndiGo,27/05/2019,Delhi,Cochin,DEL → BOM → COK,16:00,21:00,5h,1,No Info,5054,27,05,2019,16,00,21,00,5h,
Air India,1/06/2019,Delhi,Cochin,DEL → BOM → COK,21:00,19:15,22:15,1,No Info,8582,1,06,2019,21,00,19,15,22,15
Air Asia,9/06/2019,Delhi,Cochin,DEL → BLR → COK,07:55,13:25,5:30,1,No Info,8759,9,06,2019,07,55,13,25,5,30
IndiGo,27/04/2019,Delhi,Cochin,DEL → HYD → COK,07:35,16:10,8:35,1,No Info,6442,27,04,2019,07,35,16,10,8,35
Air India,18/05/2019,Delhi,Cochin,DEL → BOM → COK,03:50,19:15,15:25,1,No Info,8879,18,05,2019,03,50,19,15,15,25
Jet Airways,24/03/2019,Kolkata,Banglore,CCU → BOM → BLR,21:10,18:10,21h,1,In-flight meal not included,10031,24,03,2019,21,10,18,10,21h,
Jet Airways,3/06/2019,Delhi,Cochin,DEL → JAI → BOM → COK,05:30,19:00,13:30,2,In-flight meal not included,10368,3,06,2019,05,30,19,00,13,30
IndiGo,24/06/2019,Banglore,Delhi,BLR → DEL,13:00,15:50,2:50,0,No Info,3943,24,06,2019,13,00,15,50,2,50
IndiGo,3/03/2019,Delhi,Cochin,DEL → BOM → COK,04:45,11:30,6:45,1,No Info,14871,3,03,2019,04,45,11,30,6,45
Jet Airways,18/06/2019,Mumbai,Hyderabad,BOM → HYD,08:45,10:15,1:30,0,In-flight meal not included,4995,18,06,2019,08,45,10,15,1,30
Multiple carriers,24/06/2019,Delhi,Cochin,DEL → BOM → COK,10:20,19:00,8:40,1,In-flight meal not included,10791,24,06,2019,10,20,19,00,8,40
SpiceJet,3/06/2019,Mumbai,Hyderabad,BOM → HYD,05:45,07:15,1:30,0,No Info,2753,3,06,2019,05,45,07,15,1,30
IndiGo,9/04/2019,Banglore,Delhi,BLR → DEL,10:10,13:00,2:50,0,No Info,4423,9,04,2019,10,10,13,00,2,50
Air Asia,27/05/2019,Kolkata,Banglore,CCU → BLR,10:20,12:55,2:35,0,No Info,4409,27,05,2019,10,20,12,55,2,35
Air India,9/05/2019,Kolkata,Banglore,CCU → HYD → BLR,19:00,11:05,16:5,1,No Info,6117,9,05,2019,19,00,11,05,16,5
Jet Airways,21/05/2019,Delhi,Cochin,DEL → AMD → BOM → COK,19:10,19:00,23:50,2,No Info,15129,21,05,2019,19,10,19,00,23,50
Vistara,6/06/2019,Kolkata,Banglore,CCU → DEL → BLR,20:20,23:25,27:5,1,No Info,9345,6,06,2019,20,20,23,25,27,5
Vistara,9/05/2019,Kolkata,Banglore,CCU → DEL → BLR,07:10,23:25,16:15,1,No Info,8085,9,05,2019,07,10,23,25,16,15
Jet Airways,6/05/2019,Delhi,Cochin,DEL → BOM → COK,13:00,04:25,15:25,1,No Info,15554,6,05,2019,13,00,04,25,15,25
SpiceJet,21/05/2019,Banglore,Delhi,BLR → DEL,09:30,12:20,2:50,0,No check-in baggage included,3573,21,05,2019,09,30,12,20,2,50
Multiple carriers,3/03/2019,Delhi,Cochin,DEL → BOM → COK,17:00,01:35,8:35,1,No Info,17073,3,03,2019,17,00,01,35,8,35
Multiple carriers,9/06/2019,Delhi,Cochin,DEL → BOM → COK,11:40,01:30,13:50,1,No Info,6795,9,06,2019,11,40,01,30,13,50
Vistara,21/03/2019,Banglore,New Delhi,BLR → DEL,07:00,09:40,2:40,0,No Info,5403,21,03,2019,07,00,09,40,2,40
IndiGo,15/05/2019,Chennai,Kolkata,MAA → CCU,05:15,07:40,2:25,0,No Info,3540,15,05,2019,05,15,07,40,2,25
Vistara,24/04/2019,Delhi,Cochin,DEL → COK,14:40,17:50,3:10,0,No Info,6216,24,04,2019,14,40,17,50,3,10
Jet Airways,21/05/2019,Banglore,Delhi,BLR → DEL,15:50,18:45,2:55,0,In-flight meal not included,3359,21,05,2019,15,50,18,45,2,55
Jet Airways,24/05/2019,Kolkata,Banglore,CCU → BOM → BLR,18:55,23:35,28:40,1,In-flight meal not included,10844,24,05,2019,18,55,23,35,28,40
Air India,15/06/2019,Banglore,Delhi,BLR → DEL,13:20,16:10,2:50,0,No Info,6961,15,06,2019,13,20,16,10,2,50
Air Asia,3/04/2019,Kolkata,Banglore,CCU → BLR,10:20,12:55,2:35,0,No Info,4107,3,04,2019,10,20,12,55,2,35
Multiple carriers,21/03/2019,Delhi,Cochin,DEL → BOM → COK,09:10,18:50,9:40,1,No Info,13069,21,03,2019,09,10,18,50,9,40
Jet Airways,24/06/2019,Delhi,Cochin,DEL → LKO → BOM → COK,11:45,04:25,16:40,2,No Info,13357,24,06,2019,11,45,04,25,16,40
IndiGo,1/06/2019,Delhi,Cochin,DEL → HYD → COK,16:10,22:30,6:20,1,No Info,6938,1,06,2019,16,10,22,30,6,20
Jet Airways,27/06/2019,Delhi,Cochin,DEL → IDR → BOM → COK,09:35,12:35,27h,2,No Info,13292,27,06,2019,09,35,12,35,27h,
Air India,01/03/2019,Banglore,New Delhi,BLR → BOM → BHO → DEL,08:50,23:25,14:35,2,1 Short layover,26743,01,03,2019,08,50,23,25,14,35
Multiple carriers,21/03/2019,Delhi,Cochin,DEL → BOM → COK,06:40,18:50,12:10,1,No Info,13568,21,03,2019,06,40,18,50,12,10
Multiple carriers,6/03/2019,Delhi,Cochin,DEL → BOM → COK,11:40,19:15,7:35,1,No Info,15353,6,03,2019,11,40,19,15,7,35
IndiGo,15/05/2019,Chennai,Kolkata,MAA → CCU,14:45,17:05,2:20,0,No Info,3597,15,05,2019,14,45,17,05,2,20
Jet Airways,24/03/2019,Kolkata,Banglore,CCU → BOM → BLR,21:10,16:20,19:10,1,In-flight meal not included,10031,24,03,2019,21,10,16,20,19,10
Air India,9/05/2019,Kolkata,Banglore,CCU → BOM → AMD → BLR,09:25,05:25,20h,2,No Info,14687,9,05,2019,09,25,05,25,20h,
Jet Airways,6/06/2019,Banglore,Delhi,BLR → DEL,19:50,22:50,3h,0,In-flight meal not included,7229,6,06,2019,19,50,22,50,3h,
GoAir,9/05/2019,Delhi,Cochin,DEL → BOM → COK,14:25,19:35,5:10,1,No Info,10188,9,05,2019,14,25,19,35,5,10
Vistara,09/03/2019,Banglore,New Delhi,BLR → DEL,07:00,09:40,2:40,0,No Info,7398,09,03,2019,07,00,09,40,2,40
Jet Airways,18/05/2019,Delhi,Cochin,DEL → AMD → BOM → COK,13:25,19:00,29:35,2,No Info,16704,18,05,2019,13,25,19,00,29,35
IndiGo,01/03/2019,Banglore,New Delhi,BLR → HYD → DEL,16:55,21:50,4:55,1,No Info,8153,01,03,2019,16,55,21,50,4,55
Jet Airways,9/04/2019,Banglore,Delhi,BLR → DEL,07:10,10:10,3h,0,No Info,7229,9,04,2019,07,10,10,10,3h,
Multiple carriers,27/05/2019,Delhi,Cochin,DEL → BOM → COK,13:00,01:30,12:30,1,In-flight meal not included,6943,27,05,2019,13,00,01,30,12,30
Multiple carriers,1/06/2019,Delhi,Cochin,DEL → BOM → COK,06:40,19:15,12:35,1,No Info,8937,1,06,2019,06,40,19,15,12,35
Air India,3/03/2019,Delhi,Cochin,DEL → HYD → MAA → COK,07:05,09:25,26:20,2,No Info,9400,3,03,2019,07,05,09,25,26,20
Vistara,24/03/2019,Kolkata,Banglore,CCU → DEL → BLR,07:10,20:25,13:15,1,No Info,13152,24,03,2019,07,10,20,25,13,15
IndiGo,1/06/2019,Banglore,Delhi,BLR → DEL,22:10,01:00,2:50,0,No Info,3419,1,06,2019,22,10,01,00,2,50
Vistara,12/06/2019,Kolkata,Banglore,CCU → DEL → BLR,20:20,09:05,12:45,1,No Info,7927,12,06,2019,20,20,09,05,12,45
Air India,15/03/2019,Banglore,New Delhi,BLR → CCU → GAU → DEL,05:50,22:10,16:20,2,No Info,9796,15,03,2019,05,50,22,10,16,20
Vistara,03/03/2019,Banglore,New Delhi,BLR → DEL,11:30,14:10,2:40,0,No Info,8028,03,03,2019,11,30,14,10,2,40
Multiple carriers,6/03/2019,Delhi,Cochin,DEL → HYD → MAA → COK,13:05,21:20,8:15,2,No Info,10759,6,03,2019,13,05,21,20,8,15
Multiple carriers,21/05/2019,Delhi,Cochin,DEL → BOM → COK,07:00,19:00,12h,1,No Info,10197,21,05,2019,07,00,19,00,12h,
Air India,1/06/2019,Banglore,Delhi,BLR → DEL,21:05,23:55,2:50,0,No Info,5228,1,06,2019,21,05,23,55,2,50
Multiple carriers,18/05/2019,Delhi,Cochin,DEL → BOM → COK,10:00,21:00,11h,1,In-flight meal not included,9275,18,05,2019,10,00,21,00,11h,
IndiGo,3/03/2019,Chennai,Kolkata,MAA → CCU,22:05,00:25,2:20,0,No Info,5277,3,03,2019,22,05,00,25,2,20
Jet Airways,18/05/2019,Delhi,Cochin,DEL → NAG → BOM → COK,14:35,04:25,13:50,2,In-flight meal not included,13848,18,05,2019,14,35,04,25,13,50
IndiGo,15/05/2019,Delhi,Cochin,DEL → HYD → COK,14:20,22:30,8:10,1,No Info,6412,15,05,2019,14,20,22,30,8,10
Jet Airways,18/05/2019,Kolkata,Banglore,CCU → BOM → BLR,16:30,04:40,12:10,1,No Info,13941,18,05,2019,16,30,04,40,12,10
Vistara,6/05/2019,Banglore,Delhi,BLR → DEL,07:00,09:40,2:40,0,No Info,4668,6,05,2019,07,00,09,40,2,40
IndiGo,18/06/2019,Banglore,Delhi,BLR → DEL,01:30,04:15,2:45,0,No Info,3419,18,06,2019,01,30,04,15,2,45
IndiGo,6/04/2019,Banglore,Delhi,BLR → DEL,22:10,01:00,2:50,0,No Info,3943,6,04,2019,22,10,01,00,2,50
Air India,24/05/2019,Kolkata,Banglore,CCU → MAA → BLR,14:35,14:35,24h,1,No Info,6528,24,05,2019,14,35,14,35,24h,
Jet Airways,21/05/2019,Banglore,Delhi,BLR → DEL,17:45,20:45,3h,0,No Info,7229,21,05,2019,17,45,20,45,3h,
Multiple carriers,21/03/2019,Delhi,Cochin,DEL → BOM → COK,13:00,01:35,12:35,1,No Info,13542,21,03,2019,13,00,01,35,12,35
Jet Airways,12/06/2019,Kolkata,Banglore,CCU → BOM → BLR,18:55,20:45,25:50,1,In-flight meal not included,8529,12,06,2019,18,55,20,45,25,50
Jet Airways,21/06/2019,Banglore,Delhi,BLR → DEL,15:15,18:10,2:55,0,No Info,8016,21,06,2019,15,15,18,10,2,55
Jet Airways,9/05/2019,Delhi,Cochin,DEL → JAI → BOM → COK,19:30,12:35,17:5,2,In-flight meal not included,13029,9,05,2019,19,30,12,35,17,5
Jet Airways,9/05/2019,Delhi,Cochin,DEL → AMD → BOM → COK,23:05,04:25,29:20,2,No Info,15129,9,05,2019,23,05,04,25,29,20
Jet Airways,9/06/2019,Delhi,Cochin,DEL → JAI → BOM → COK,19:30,04:25,8:55,2,In-flight meal not included,10368,9,06,2019,19,30,04,25,8,55
Air India,3/03/2019,Delhi,Cochin,DEL → COK,18:05,21:10,3:5,0,No Info,8666,3,03,2019,18,05,21,10,3,5
Jet Airways,18/05/2019,Delhi,Cochin,DEL → BOM → COK,10:00,19:00,9h,1,No Info,15554,18,05,2019,10,00,19,00,9h,
Jet Airways,01/03/2019,Banglore,New Delhi,BLR → BOM → DEL,05:45,16:10,10:25,1,No Info,26890,01,03,2019,05,45,16,10,10,25
Jet Airways,21/05/2019,Kolkata,Banglore,CCU → DEL → BLR,17:00,09:45,16:45,1,No Info,13067,21,05,2019,17,00,09,45,16,45
Jet Airways,1/04/2019,Banglore,Delhi,BLR → DEL,06:00,08:45,2:45,0,In-flight meal not included,4544,1,04,2019,06,00,08,45,2,45
Vistara,21/05/2019,Kolkata,Banglore,CCU → DEL → BLR,20:20,22:40,26:20,1,No Info,8452,21,05,2019,20,20,22,40,26,20
Multiple carriers,27/06/2019,Delhi,Cochin,DEL → BOM → COK,06:00,19:15,13:15,1,In-flight meal not included,7268,27,06,2019,06,00,19,15,13,15
Multiple carriers,9/05/2019,Delhi,Cochin,DEL → BOM → COK,08:30,19:00,10:30,1,No Info,9627,9,05,2019,08,30,19,00,10,30
Multiple carriers,9/05/2019,Delhi,Cochin,DEL → BOM → COK,11:25,19:00,7:35,1,No Info,9103,9,05,2019,11,25,19,00,7,35
Multiple carriers,9/04/2019,Delhi,Cochin,DEL → BOM → COK,08:00,19:00,11h,1,No Info,11142,9,04,2019,08,00,19,00,11h,
IndiGo,9/03/2019,Kolkata,Banglore,CCU → BLR,05:30,08:20,2:50,0,No Info,4148,9,03,2019,05,30,08,20,2,50
Jet Airways,18/05/2019,Kolkata,Banglore,CCU → BOM → BLR,16:30,18:15,25:45,1,In-flight meal not included,10844,18,05,2019,16,30,18,15,25,45
Multiple carriers,6/06/2019,Delhi,Cochin,DEL → HYD → COK,09:45,16:10,6:25,1,No Info,9646,6,06,2019,09,45,16,10,6,25
IndiGo,1/03/2019,Mumbai,Hyderabad,BOM → HYD,12:00,13:25,1:25,0,No Info,12475,1,03,2019,12,00,13,25,1,25
Jet Airways,18/05/2019,Delhi,Cochin,DEL → BOM → COK,22:50,19:00,20:10,1,No Info,15554,18,05,2019,22,50,19,00,20,10
Jet Airways,27/06/2019,Delhi,Cochin,DEL → BOM → COK,07:05,19:00,11:55,1,In-flight meal not included,10262,27,06,2019,07,05,19,00,11,55
Air India,12/06/2019,Banglore,Delhi,BLR → DEL,13:20,16:10,2:50,0,No Info,6961,12,06,2019,13,20,16,10,2,50
Jet Airways,15/06/2019,Delhi,Cochin,DEL → BOM → COK,14:00,19:00,5h,1,In-flight meal not included,10262,15,06,2019,14,00,19,00,5h,
Jet Airways,27/06/2019,Delhi,Cochin,DEL → BOM → COK,16:00,19:00,27h,1,In-flight meal not included,10262,27,06,2019,16,00,19,00,27h,
IndiGo,9/05/2019,Banglore,Delhi,BLR → DEL,23:30,02:20,2:50,0,No Info,3943,9,05,2019,23,30,02,20,2,50
Air India,24/05/2019,Mumbai,Hyderabad,BOM → HYD,19:30,20:45,1:15,0,No Info,3625,24,05,2019,19,30,20,45,1,15
Multiple carriers,21/03/2019,Delhi,Cochin,DEL → BOM → COK,09:00,19:15,10:15,1,No Info,13378,21,03,2019,09,00,19,15,10,15
Jet Airways,15/06/2019,Delhi,Cochin,DEL → LKO → BOM → COK,11:45,12:35,24:50,2,No Info,13882,15,06,2019,11,45,12,35,24,50
IndiGo,18/06/2019,Banglore,Delhi,BLR → DEL,05:30,08:20,2:50,0,No Info,3943,18,06,2019,05,30,08,20,2,50
Air India,15/05/2019,Kolkata,Banglore,CCU → BOM → AMD → BLR,09:25,05:25,20h,2,No Info,14687,15,05,2019,09,25,05,25,20h,
Air Asia,27/05/2019,Delhi,Cochin,DEL → BLR → COK,07:55,13:25,5:30,1,No Info,6451,27,05,2019,07,55,13,25,5,30
Vistara,9/06/2019,Banglore,Delhi,BLR → DEL,19:30,22:15,2:45,0,No Info,4878,9,06,2019,19,30,22,15,2,45
IndiGo,9/05/2019,Delhi,Cochin,DEL → BOM → COK,18:35,01:30,6:55,1,No Info,8542,9,05,2019,18,35,01,30,6,55
IndiGo,24/05/2019,Kolkata,Banglore,CCU → BLR,09:35,12:20,2:45,0,No Info,4804,24,05,2019,09,35,12,20,2,45
IndiGo,6/06/2019,Kolkata,Banglore,CCU → PNQ → BLR,21:00,02:15,5:15,1,No Info,6711,6,06,2019,21,00,02,15,5,15
Multiple carriers,15/06/2019,Delhi,Cochin,DEL → BOM → COK,13:00,19:15,6:15,1,No Info,16108,15,06,2019,13,00,19,15,6,15
IndiGo,6/06/2019,Banglore,Delhi,BLR → DEL,00:25,03:15,2:50,0,No Info,3943,6,06,2019,00,25,03,15,2,50
Air India,24/05/2019,Kolkata,Banglore,CCU → DEL → AMD → BLR,10:00,05:25,19:25,2,No Info,15422,24,05,2019,10,00,05,25,19,25
IndiGo,24/03/2019,Banglore,New Delhi,BLR → DEL,21:20,00:15,2:55,0,No Info,5694,24,03,2019,21,20,00,15,2,55
Jet Airways,1/04/2019,Kolkata,Banglore,CCU → BOM → BLR,08:25,19:50,11:25,1,No Info,12681,1,04,2019,08,25,19,50,11,25
Jet Airways,1/05/2019,Kolkata,Banglore,CCU → BOM → BLR,20:00,10:05,14:5,1,In-flight meal not included,8586,1,05,2019,20,00,10,05,14,5
IndiGo,03/03/2019,Banglore,New Delhi,BLR → DEL,00:40,03:25,2:45,0,No Info,6144,03,03,2019,00,40,03,25,2,45
IndiGo,27/04/2019,Delhi,Cochin,DEL → COK,05:35,08:50,3:15,0,No Info,6015,27,04,2019,05,35,08,50,3,15
Multiple carriers,27/06/2019,Delhi,Cochin,DEL → BOM → COK,04:55,19:15,14:20,1,No Info,7155,27,06,2019,04,55,19,15,14,20
Jet Airways,12/06/2019,Kolkata,Banglore,CCU → DEL → BLR,09:35,22:05,12:30,1,No Info,12692,12,06,2019,09,35,22,05,12,30
Air India,18/05/2019,Delhi,Cochin,DEL → BLR → COK,17:40,23:00,5:20,1,No Info,8277,18,05,2019,17,40,23,00,5,20
Air India,9/05/2019,Delhi,Cochin,DEL → HYD → MAA → COK,07:05,09:25,26:20,2,No Info,9347,9,05,2019,07,05,09,25,26,20
Air India,15/03/2019,Delhi,Cochin,DEL → COK,18:05,21:10,3:5,0,No Info,4939,15,03,2019,18,05,21,10,3,5
Jet Airways,12/03/2019,Mumbai,Hyderabad,BOM → HYD,19:40,21:10,1:30,0,No Info,5678,12,03,2019,19,40,21,10,1,30
Jet Airways,6/06/2019,Kolkata,Banglore,CCU → BOM → BLR,16:30,23:35,7:5,1,In-flight meal not included,10844,6,06,2019,16,30,23,35,7,5
Jet Airways,21/03/2019,Banglore,New Delhi,BLR → MAA → DEL,09:45,15:55,6:10,1,In-flight meal not included,7280,21,03,2019,09,45,15,55,6,10
Multiple carriers,21/03/2019,Delhi,Cochin,DEL → BOM → COK,13:00,21:00,8h,1,No Info,7618,21,03,2019,13,00,21,00,8h,
Multiple carriers,6/03/2019,Delhi,Cochin,DEL → BOM → COK,08:55,21:00,12:5,1,No Info,15147,6,03,2019,08,55,21,00,12,5
Jet Airways,18/05/2019,Kolkata,Banglore,CCU → BOM → BLR,21:10,10:05,12:55,1,No Info,13941,18,05,2019,21,10,10,05,12,55
Jet Airways,1/04/2019,Kolkata,Banglore,CCU → DEL → BLR,09:35,19:10,9:35,1,No Info,11467,1,04,2019,09,35,19,10,9,35
Multiple carriers,27/06/2019,Delhi,Cochin,DEL → BOM → COK,10:20,01:30,15:10,1,No Info,6270,27,06,2019,10,20,01,30,15,10
Multiple carriers,3/03/2019,Delhi,Cochin,DEL → BOM → COK,13:55,01:35,11:40,1,No Info,17057,3,03,2019,13,55,01,35,11,40
Jet Airways,3/06/2019,Banglore,Delhi,BLR → DEL,15:15,18:10,2:55,0,No Info,8016,3,06,2019,15,15,18,10,2,55
SpiceJet,27/06/2019,Delhi,Cochin,DEL → PNQ → COK,08:45,13:15,4:30,1,No check-in baggage included,4760,27,06,2019,08,45,13,15,4,30
SpiceJet,21/03/2019,Kolkata,Banglore,CCU → BLR,06:55,09:35,2:40,0,No check-in baggage included,3815,21,03,2019,06,55,09,35,2,40
SpiceJet,1/05/2019,Kolkata,Banglore,CCU → BLR,17:10,19:40,2:30,0,No Info,4174,1,05,2019,17,10,19,40,2,30
Jet Airways,6/06/2019,Kolkata,Banglore,CCU → DEL → BLR,09:35,09:45,24:10,1,No Info,12692,6,06,2019,09,35,09,45,24,10
Air India,15/05/2019,Kolkata,Banglore,CCU → BOM → COK → BLR,09:25,13:45,28:20,2,No Info,15532,15,05,2019,09,25,13,45,28,20
Jet Airways,6/06/2019,Mumbai,Hyderabad,BOM → HYD,07:05,08:30,1:25,0,In-flight meal not included,4995,6,06,2019,07,05,08,30,1,25
Jet Airways,27/05/2019,Delhi,Cochin,DEL → BOM → COK,18:15,04:25,10:10,1,In-flight meal not included,12898,27,05,2019,18,15,04,25,10,10
Multiple carriers,9/05/2019,Delhi,Cochin,DEL → BOM → COK,07:30,19:00,11:30,1,No Info,9794,9,05,2019,07,30,19,00,11,30
Air India,15/05/2019,Banglore,Delhi,BLR → DEL,13:20,16:10,2:50,0,No Info,5228,15,05,2019,13,20,16,10,2,50
Jet Airways,27/06/2019,Delhi,Cochin,DEL → BOM → COK,22:50,12:35,13:45,1,In-flight meal not included,10262,27,06,2019,22,50,12,35,13,45
Multiple carriers,24/06/2019,Delhi,Cochin,DEL → HYD → COK,09:45,16:10,6:25,1,No Info,9646,24,06,2019,09,45,16,10,6,25
Jet Airways,15/05/2019,Kolkata,Banglore,CCU → BOM → BLR,21:10,10:05,12:55,1,No Info,15149,15,05,2019,21,10,10,05,12,55
IndiGo,9/06/2019,Kolkata,Banglore,CCU → HYD → BLR,19:20,23:45,4:25,1,No Info,4205,9,06,2019,19,20,23,45,4,25
Multiple carriers,6/03/2019,Delhi,Cochin,DEL → BOM → COK,07:30,21:00,13:30,1,No Info,15147,6,03,2019,07,30,21,00,13,30
Jet Airways,06/03/2019,Banglore,New Delhi,BLR → BOM → DEL,08:55,09:00,24:5,1,In-flight meal not included,13712,06,03,2019,08,55,09,00,24,5
Air India,9/03/2019,Delhi,Cochin,DEL → MAA → COK,17:20,09:25,16:5,1,No Info,12415,9,03,2019,17,20,09,25,16,5
Air Asia,15/05/2019,Kolkata,Banglore,CCU → IXR → DEL → BLR,15:10,23:30,8:20,2,No Info,5192,15,05,2019,15,10,23,30,8,20
Air Asia,15/05/2019,Kolkata,Banglore,CCU → BBI → BLR,06:50,10:30,3:40,1,No Info,5162,15,05,2019,06,50,10,30,3,40
IndiGo,3/03/2019,Delhi,Cochin,DEL → HYD → COK,06:40,16:10,9:30,1,No Info,9027,3,03,2019,06,40,16,10,9,30
Jet Airways,24/03/2019,Kolkata,Banglore,CCU → BOM → BLR,13:55,18:10,28:15,1,In-flight meal not included,11134,24,03,2019,13,55,18,10,28,15
Jet Airways,24/05/2019,Kolkata,Banglore,CCU → BOM → BLR,20:00,09:20,13:20,1,In-flight meal not included,10844,24,05,2019,20,00,09,20,13,20
Vistara,24/03/2019,Kolkata,Banglore,CCU → DEL → BLR,17:00,10:50,17:50,1,No Info,12890,24,03,2019,17,00,10,50,17,50
Jet Airways,9/06/2019,Kolkata,Banglore,CCU → BOM → BLR,20:00,16:20,20:20,1,No Info,14571,9,06,2019,20,00,16,20,20,20
Jet Airways,12/05/2019,Kolkata,Banglore,CCU → DEL → BLR,17:00,21:05,28:5,1,No Info,12121,12,05,2019,17,00,21,05,28,5
Jet Airways,9/05/2019,Delhi,Cochin,DEL → BOM → COK,13:00,04:25,15:25,1,In-flight meal not included,12373,9,05,2019,13,00,04,25,15,25
Air India,09/03/2019,Banglore,New Delhi,BLR → MAA → DEL,11:50,23:55,12:5,1,No Info,10972,09,03,2019,11,50,23,55,12,5
Jet Airways,1/06/2019,Delhi,Cochin,DEL → BOM → COK,02:15,12:35,10:20,1,In-flight meal not included,10262,1,06,2019,02,15,12,35,10,20
Jet Airways,27/05/2019,Delhi,Cochin,DEL → BOM → COK,16:00,04:25,12:25,1,In-flight meal not included,12898,27,05,2019,16,00,04,25,12,25
IndiGo,18/05/2019,Delhi,Cochin,DEL → HYD → COK,08:35,16:10,7:35,1,No Info,6442,18,05,2019,08,35,16,10,7,35
Vistara,3/04/2019,Banglore,Delhi,BLR → DEL,09:45,12:35,2:50,0,No Info,5403,3,04,2019,09,45,12,35,2,50
IndiGo,21/04/2019,Delhi,Cochin,DEL → HYD → COK,07:35,12:10,4:35,1,No Info,5703,21,04,2019,07,35,12,10,4,35
Multiple carriers,9/05/2019,Delhi,Cochin,DEL → BOM → COK,08:00,19:15,11:15,1,In-flight meal not included,9871,9,05,2019,08,00,19,15,11,15
IndiGo,15/04/2019,Kolkata,Banglore,CCU → BLR,15:30,18:05,2:35,0,No Info,4174,15,04,2019,15,30,18,05,2,35
Air India,21/05/2019,Delhi,Cochin,DEL → HYD → BOM → COK,17:15,19:15,26h,2,No Info,11972,21,05,2019,17,15,19,15,26h,
SpiceJet,18/04/2019,Kolkata,Banglore,CCU → BLR,09:00,11:25,2:25,0,No Info,4174,18,04,2019,09,00,11,25,2,25
IndiGo,21/05/2019,Kolkata,Banglore,CCU → BLR,17:15,19:50,2:35,0,No Info,4804,21,05,2019,17,15,19,50,2,35
Jet Airways,1/04/2019,Kolkata,Banglore,CCU → BOM → BLR,06:30,20:45,14:15,1,No Info,12681,1,04,2019,06,30,20,45,14,15
Air Asia,6/06/2019,Kolkata,Banglore,CCU → BLR,10:20,12:55,2:35,0,No Info,4508,6,06,2019,10,20,12,55,2,35
Jet Airways,3/06/2019,Delhi,Cochin,DEL → BOM → COK,20:55,19:00,22:5,1,In-flight meal not included,10262,3,06,2019,20,55,19,00,22,5
Multiple carriers,3/03/2019,Delhi,Cochin,DEL → BOM → COK,19:00,01:35,6:35,1,No Info,16775,3,03,2019,19,00,01,35,6,35
Multiple carriers,12/06/2019,Delhi,Cochin,DEL → BOM → COK,17:00,01:30,8:30,1,No Info,7198,12,06,2019,17,00,01,30,8,30
Jet Airways,15/06/2019,Delhi,Cochin,DEL → JAI → BOM → COK,09:40,04:25,18:45,2,No Info,13014,15,06,2019,09,40,04,25,18,45
Air India,12/05/2019,Kolkata,Banglore,CCU → BBI → IXR → DEL → BLR,12:00,23:15,35:15,3,No Info,10991,12,05,2019,12,00,23,15,35,15
Vistara,21/06/2019,Chennai,Kolkata,MAA → CCU,07:05,09:20,2:15,0,No Info,3687,21,06,2019,07,05,09,20,2,15
Air Asia,12/05/2019,Kolkata,Banglore,CCU → BLR,19:55,22:25,2:30,0,No Info,5530,12,05,2019,19,55,22,25,2,30
SpiceJet,27/03/2019,Kolkata,Banglore,CCU → BLR,22:20,00:40,2:20,0,No check-in baggage included,3815,27,03,2019,22,20,00,40,2,20
Air India,1/03/2019,Kolkata,Banglore,CCU → BLR,14:15,16:45,2:30,0,No Info,6535,1,03,2019,14,15,16,45,2,30
Jet Airways,3/03/2019,Delhi,Cochin,DEL → BOM → COK,20:50,04:25,7:35,1,No Info,17234,3,03,2019,20,50,04,25,7,35
Jet Airways,6/03/2019,Delhi,Cochin,DEL → DED → BOM → COK,16:50,04:25,35:35,2,No Info,19907,6,03,2019,16,50,04,25,35,35
Air India,27/03/2019,Delhi,Cochin,DEL → BLR → COK,20:30,23:00,26:30,1,No Info,5022,27,03,2019,20,30,23,00,26,30
Multiple carriers,27/03/2019,Delhi,Cochin,DEL → BOM → COK,04:00,15:30,11:30,1,No Info,6305,27,03,2019,04,00,15,30,11,30
Jet Airways,21/03/2019,Delhi,Cochin,DEL → MAA → BOM → COK,16:10,18:50,26:40,2,In-flight meal not included,8728,21,03,2019,16,10,18,50,26,40
IndiGo,1/06/2019,Banglore,Delhi,BLR → DEL,21:15,00:15,3h,0,No Info,3943,1,06,2019,21,15,00,15,3h,
IndiGo,18/03/2019,Mumbai,Hyderabad,BOM → HYD,16:55,18:25,1:30,0,No Info,3175,18,03,2019,16,55,18,25,1,30
Jet Airways,24/03/2019,Banglore,New Delhi,BLR → DEL,11:10,14:05,2:55,0,No Info,7229,24,03,2019,11,10,14,05,2,55
Multiple carriers,9/03/2019,Delhi,Cochin,DEL → HYD → MAA → COK,07:05,21:20,14:15,2,No Info,8620,9,03,2019,07,05,21,20,14,15
Air India,09/03/2019,Banglore,New Delhi,BLR → CCU → DEL,05:50,22:45,16:55,1,No Info,10657,09,03,2019,05,50,22,45,16,55
Jet Airways,21/03/2019,Banglore,New Delhi,BLR → BOM → DEL,08:00,20:20,12:20,1,In-flight meal not included,7832,21,03,2019,08,00,20,20,12,20
Jet Airways,27/06/2019,Delhi,Cochin,DEL → AMD → BOM → COK,13:25,19:00,29:35,2,In-flight meal not included,11150,27,06,2019,13,25,19,00,29,35
Jet Airways,01/03/2019,Banglore,New Delhi,BLR → BOM → DEL,22:50,19:10,20:20,1,No Info,25735,01,03,2019,22,50,19,10,20,20
Jet Airways,9/05/2019,Delhi,Cochin,DEL → ATQ → BOM → COK,20:00,04:25,8:25,2,No Info,16263,9,05,2019,20,00,04,25,8,25
Multiple carriers,24/06/2019,Delhi,Cochin,DEL → BOM → COK,11:40,01:30,13:50,1,In-flight meal not included,5797,24,06,2019,11,40,01,30,13,50
Jet Airways,6/06/2019,Delhi,Cochin,DEL → BDQ → BOM → COK,18:25,04:25,10h,2,No Info,14237,6,06,2019,18,25,04,25,10h,
Jet Airways,9/06/2019,Delhi,Cochin,DEL → BOM → COK,09:00,04:25,19:25,1,In-flight meal not included,10262,9,06,2019,09,00,04,25,19,25
Jet Airways,9/06/2019,Delhi,Cochin,DEL → BOM → COK,15:00,19:00,28h,1,In-flight meal not included,10262,9,06,2019,15,00,19,00,28h,
IndiGo,12/05/2019,Banglore,Delhi,BLR → DEL,04:00,06:50,2:50,0,No Info,3943,12,05,2019,04,00,06,50,2,50
Jet Airways,21/05/2019,Delhi,Cochin,DEL → BOM → COK,19:15,12:35,17:20,1,In-flight meal not included,12898,21,05,2019,19,15,12,35,17,20
IndiGo,15/05/2019,Banglore,Delhi,BLR → DEL,01:30,04:15,2:45,0,No Info,3419,15,05,2019,01,30,04,15,2,45
IndiGo,15/03/2019,Banglore,New Delhi,BLR → DEL,21:20,00:15,2:55,0,No Info,8033,15,03,2019,21,20,00,15,2,55
Jet Airways,01/03/2019,Banglore,New Delhi,BLR → BOM → DEL,05:45,19:10,13:25,1,No Info,27992,01,03,2019,05,45,19,10,13,25
Jet Airways,12/05/2019,Kolkata,Banglore,CCU → BOM → BLR,21:10,10:05,12:55,1,No Info,13941,12,05,2019,21,10,10,05,12,55
Jet Airways,21/05/2019,Kolkata,Banglore,CCU → BOM → BLR,18:55,04:40,9:45,1,No Info,14388,21,05,2019,18,55,04,40,9,45
Jet Airways,12/05/2019,Kolkata,Banglore,CCU → BOM → BLR,18:55,16:20,21:25,1,In-flight meal not included,10844,12,05,2019,18,55,16,20,21,25
IndiGo,3/03/2019,Delhi,Cochin,DEL → HYD → COK,06:40,22:20,15:40,1,No Info,11600,3,03,2019,06,40,22,20,15,40
IndiGo,6/06/2019,Chennai,Kolkata,MAA → CCU,22:05,00:25,2:20,0,No Info,5277,6,06,2019,22,05,00,25,2,20
Jet Airways,3/06/2019,Delhi,Cochin,DEL → BOM → COK,14:00,04:25,14:25,1,In-flight meal not included,10262,3,06,2019,14,00,04,25,14,25
IndiGo,03/03/2019,Banglore,New Delhi,BLR → DEL,04:00,06:50,2:50,0,No Info,6144,03,03,2019,04,00,06,50,2,50
Jet Airways,3/06/2019,Delhi,Cochin,DEL → BOM → COK,21:50,04:25,6:35,1,In-flight meal not included,12898,3,06,2019,21,50,04,25,6,35
Jet Airways,12/05/2019,Kolkata,Banglore,CCU → BOM → BLR,06:30,04:40,22:10,1,No Info,13941,12,05,2019,06,30,04,40,22,10
Jet Airways,18/05/2019,Delhi,Cochin,DEL → BOM → COK,14:00,04:25,14:25,1,In-flight meal not included,12373,18,05,2019,14,00,04,25,14,25
SpiceJet,3/04/2019,Kolkata,Banglore,CCU → BLR,17:10,19:40,2:30,0,No check-in baggage included,3841,3,04,2019,17,10,19,40,2,30
Air India,18/05/2019,Kolkata,Banglore,CCU → JAI → BOM → BLR,08:20,07:55,23:35,2,No Info,10697,18,05,2019,08,20,07,55,23,35
Jet Airways,01/03/2019,Banglore,New Delhi,BLR → BOM → DEL,11:40,00:45,13:5,1,No Info,26890,01,03,2019,11,40,00,45,13,5
SpiceJet,1/06/2019,Mumbai,Hyderabad,BOM → HYD,13:15,14:45,1:30,0,No check-in baggage included,2175,1,06,2019,13,15,14,45,1,30
IndiGo,27/05/2019,Delhi,Cochin,DEL → PNQ → COK,23:30,04:35,5:5,1,No Info,9476,27,05,2019,23,30,04,35,5,5
Air India,24/05/2019,Mumbai,Hyderabad,BOM → HYD,21:05,22:25,1:20,0,No Info,3100,24,05,2019,21,05,22,25,1,20
Jet Airways,15/06/2019,Delhi,Cochin,DEL → JAI → BOM → COK,05:30,04:25,22:55,2,In-flight meal not included,10368,15,06,2019,05,30,04,25,22,55
SpiceJet,18/05/2019,Mumbai,Hyderabad,BOM → HYD,22:45,00:15,1:30,0,No Info,2017,18,05,2019,22,45,00,15,1,30
SpiceJet,15/04/2019,Kolkata,Banglore,CCU → BLR,06:55,09:30,2:35,0,No check-in baggage included,3841,15,04,2019,06,55,09,30,2,35
Air India,21/05/2019,Delhi,Cochin,DEL → NAG → BOM → COK,05:55,19:15,37:20,2,No Info,10493,21,05,2019,05,55,19,15,37,20
SpiceJet,09/03/2019,Banglore,New Delhi,BLR → DEL,05:45,08:35,2:50,0,No Info,5126,09,03,2019,05,45,08,35,2,50
IndiGo,18/06/2019,Banglore,Delhi,BLR → DEL,23:30,02:20,2:50,0,No Info,3943,18,06,2019,23,30,02,20,2,50
Air India,6/03/2019,Delhi,Cochin,DEL → HYD → BOM → COK,07:05,19:15,36:10,2,No Info,11552,6,03,2019,07,05,19,15,36,10
Air India,21/03/2019,Delhi,Cochin,DEL → BOM → COK,10:00,19:15,9:15,1,No Info,7934,21,03,2019,10,00,19,15,9,15
Air India,1/03/2019,Mumbai,Hyderabad,BOM → HYD,15:00,16:25,1:25,0,No Info,6092,1,03,2019,15,00,16,25,1,25
IndiGo,12/06/2019,Delhi,Cochin,DEL → PNQ → COK,23:30,04:35,5:5,1,No Info,10112,12,06,2019,23,30,04,35,5,5
Vistara,9/03/2019,Chennai,Kolkata,MAA → CCU,07:05,09:20,2:15,0,No Info,6627,9,03,2019,07,05,09,20,2,15
Jet Airways,3/06/2019,Delhi,Cochin,DEL → IDR → BOM → COK,21:25,12:35,15:10,2,In-flight meal not included,11507,3,06,2019,21,25,12,35,15,10
Jet Airways,01/03/2019,Banglore,New Delhi,BLR → BOM → DEL,22:50,00:45,25:55,1,No Info,26890,01,03,2019,22,50,00,45,25,55
Jet Airways,12/03/2019,Banglore,New Delhi,BLR → BOM → DEL,05:45,11:25,5:40,1,No Info,13817,12,03,2019,05,45,11,25,5,40
Jet Airways,1/04/2019,Kolkata,Banglore,CCU → BOM → BLR,21:10,04:40,7:30,1,No Info,13364,1,04,2019,21,10,04,40,7,30
Vistara,6/06/2019,Kolkata,Banglore,CCU → DEL → BLR,17:00,10:45,17:45,1,No Info,9187,6,06,2019,17,00,10,45,17,45
IndiGo,9/05/2019,Chennai,Kolkata,MAA → CCU,22:05,00:25,2:20,0,No Info,5277,9,05,2019,22,05,00,25,2,20
Air India,12/03/2019,Banglore,New Delhi,BLR → AMD → DEL,00:30,08:45,8:15,1,No Info,13492,12,03,2019,00,30,08,45,8,15
Air Asia,12/06/2019,Kolkata,Banglore,CCU → BBI → BLR,06:50,10:30,3:40,1,No Info,5162,12,06,2019,06,50,10,30,3,40
GoAir,9/06/2019,Delhi,Cochin,DEL → BOM → COK,07:00,12:55,5:55,1,No Info,5897,9,06,2019,07,00,12,55,5,55
Air India,3/06/2019,Kolkata,Banglore,CCU → BLR,14:15,16:45,2:30,0,No Info,5510,3,06,2019,14,15,16,45,2,30
Jet Airways,06/03/2019,Banglore,New Delhi,BLR → BOM → DEL,16:55,10:25,17:30,1,No Info,17261,06,03,2019,16,55,10,25,17,30
Multiple carriers,21/05/2019,Delhi,Cochin,DEL → BOM → COK,11:40,01:30,13:50,1,No Info,7485,21,05,2019,11,40,01,30,13,50
Air India,21/06/2019,Chennai,Kolkata,MAA → CCU,11:40,13:55,2:15,0,No Info,4667,21,06,2019,11,40,13,55,2,15
Jet Airways,15/05/2019,Kolkata,Banglore,CCU → DEL → BLR,20:25,18:00,21:35,1,No Info,14151,15,05,2019,20,25,18,00,21,35
IndiGo,27/05/2019,Delhi,Cochin,DEL → BOM → COK,16:00,01:30,9:30,1,No Info,7048,27,05,2019,16,00,01,30,9,30
Jet Airways,21/03/2019,Delhi,Cochin,DEL → BOM → COK,19:45,04:25,8:40,1,No Info,12557,21,03,2019,19,45,04,25,8,40
Multiple carriers,15/06/2019,Delhi,Cochin,DEL → IDR → BOM → COK,15:05,01:30,10:25,2,No Info,15965,15,06,2019,15,05,01,30,10,25
Air India,03/03/2019,Banglore,New Delhi,BLR → CCU → GAU → DEL,11:05,22:10,35:5,2,No Info,11791,03,03,2019,11,05,22,10,35,5
Multiple carriers,3/03/2019,Delhi,Cochin,DEL → HYD → MAA → COK,07:05,21:20,14:15,2,No Info,8291,3,03,2019,07,05,21,20,14,15
IndiGo,21/04/2019,Banglore,Delhi,BLR → DEL,16:55,19:55,3h,0,No Info,4990,21,04,2019,16,55,19,55,3h,
Vistara,12/05/2019,Kolkata,Banglore,CCU → DEL → BLR,17:00,18:50,25:50,1,No Info,9135,12,05,2019,17,00,18,50,25,50
Air Asia,12/04/2019,Kolkata,Banglore,CCU → BLR,22:50,01:20,2:30,0,No Info,4409,12,04,2019,22,50,01,20,2,30
Jet Airways,21/05/2019,Kolkata,Banglore,CCU → BOM → BLR,20:00,04:40,8:40,1,In-flight meal not included,10844,21,05,2019,20,00,04,40,8,40
Multiple carriers,27/05/2019,Delhi,Cochin,DEL → BOM → COK,09:00,19:00,10h,1,No Info,10407,27,05,2019,09,00,19,00,10h,
Multiple carriers,27/05/2019,Delhi,Cochin,DEL → BOM → COK,07:30,19:00,11:30,1,No Info,9315,27,05,2019,07,30,19,00,11,30
Jet Airways,24/05/2019,Kolkata,Banglore,CCU → BOM → BLR,21:10,04:40,7:30,1,In-flight meal not included,9663,24,05,2019,21,10,04,40,7,30
IndiGo,21/03/2019,Delhi,Cochin,DEL → BOM → COK,18:35,01:35,7h,1,No Info,9264,21,03,2019,18,35,01,35,7h,
SpiceJet,15/05/2019,Chennai,Kolkata,MAA → CCU,09:45,12:00,2:15,0,No Info,3597,15,05,2019,09,45,12,00,2,15
IndiGo,24/06/2019,Delhi,Cochin,DEL → HYD → COK,05:05,12:10,7:5,1,No Info,6442,24,06,2019,05,05,12,10,7,5
Multiple carriers,9/05/2019,Delhi,Cochin,DEL → BOM → COK,17:30,01:30,8h,1,No Info,15078,9,05,2019,17,30,01,30,8h,
IndiGo,1/05/2019,Kolkata,Banglore,CCU → NAG → BLR,18:05,23:30,5:25,1,No Info,6218,1,05,2019,18,05,23,30,5,25
Jet Airways,12/06/2019,Delhi,Cochin,DEL → BOM → COK,13:00,12:35,23:35,1,In-flight meal not included,10262,12,06,2019,13,00,12,35,23,35
Multiple carriers,9/03/2019,Delhi,Cochin,DEL → BOM → COK,19:00,01:35,6:35,1,No Info,13677,9,03,2019,19,00,01,35,6,35
Jet Airways,24/06/2019,Banglore,Delhi,BLR → DEL,07:10,10:10,3h,0,No Info,8016,24,06,2019,07,10,10,10,3h,
Jet Airways,3/06/2019,Delhi,Cochin,DEL → BOM → COK,17:30,12:35,19:5,1,In-flight meal not included,10262,3,06,2019,17,30,12,35,19,5
SpiceJet,27/06/2019,Kolkata,Banglore,CCU → BLR,06:55,09:30,2:35,0,No Info,3873,27,06,2019,06,55,09,30,2,35
SpiceJet,27/06/2019,Delhi,Cochin,DEL → PNQ → COK,08:45,13:15,4:30,1,No Info,4812,27,06,2019,08,45,13,15,4,30
SpiceJet,15/05/2019,Mumbai,Hyderabad,BOM → HYD,22:45,00:15,1:30,0,No Info,2017,15,05,2019,22,45,00,15,1,30
IndiGo,21/03/2019,Kolkata,Banglore,CCU → BLR,20:25,23:05,2:40,0,No Info,4462,21,03,2019,20,25,23,05,2,40
Air India,15/06/2019,Delhi,Cochin,DEL → AMD → BOM → COK,05:00,07:40,26:40,2,No Info,10231,15,06,2019,05,00,07,40,26,40
Air India,21/03/2019,Banglore,New Delhi,BLR → VGA → DEL,10:30,22:55,12:25,1,No Info,6383,21,03,2019,10,30,22,55,12,25
Air India,24/06/2019,Delhi,Cochin,DEL → HYD → BOM → COK,17:15,07:40,14:25,2,No Info,11989,24,06,2019,17,15,07,40,14,25
IndiGo,24/03/2019,Banglore,New Delhi,BLR → DEL,18:55,21:45,2:50,0,No Info,7303,24,03,2019,18,55,21,45,2,50
Jet Airways,21/04/2019,Banglore,Delhi,BLR → DEL,18:55,22:00,3:5,0,No Info,7229,21,04,2019,18,55,22,00,3,5
Jet Airways,21/06/2019,Mumbai,Hyderabad,BOM → HYD,08:45,10:15,1:30,0,In-flight meal not included,4995,21,06,2019,08,45,10,15,1,30
Multiple carriers,15/06/2019,Delhi,Cochin,DEL → BOM → COK,13:00,21:00,8h,1,No Info,7408,15,06,2019,13,00,21,00,8h,
Air India,15/05/2019,Kolkata,Banglore,CCU → GAU → DEL → BLR,16:45,12:30,19:45,2,No Info,14960,15,05,2019,16,45,12,30,19,45
Air Asia,24/03/2019,Banglore,New Delhi,BLR → DEL,23:25,02:10,2:45,0,No Info,4482,24,03,2019,23,25,02,10,2,45
IndiGo,1/06/2019,Delhi,Cochin,DEL → HYD → COK,06:50,16:10,9:20,1,No Info,6442,1,06,2019,06,50,16,10,9,20
Jet Airways,12/05/2019,Banglore,Delhi,BLR → DEL,08:20,11:20,3h,0,In-flight meal not included,6144,12,05,2019,08,20,11,20,3h,
Jet Airways,27/05/2019,Delhi,Cochin,DEL → JAI → BOM → COK,09:40,12:35,26:55,2,No Info,15129,27,05,2019,09,40,12,35,26,55
Air India,21/05/2019,Delhi,Cochin,DEL → GOI → BOM → COK,22:00,19:15,21:15,2,No Info,10231,21,05,2019,22,00,19,15,21,15
IndiGo,3/04/2019,Banglore,Delhi,BLR → DEL,20:00,22:50,2:50,0,No Info,4823,3,04,2019,20,00,22,50,2,50
IndiGo,9/06/2019,Banglore,Delhi,BLR → DEL,08:30,11:20,2:50,0,No Info,4823,9,06,2019,08,30,11,20,2,50
Jet Airways,21/05/2019,Delhi,Cochin,DEL → BOM → COK,11:30,04:25,16:55,1,In-flight meal not included,12898,21,05,2019,11,30,04,25,16,55
Jet Airways,1/05/2019,Mumbai,Hyderabad,BOM → HYD,19:35,21:05,1:30,0,No Info,5678,1,05,2019,19,35,21,05,1,30
Air India,9/03/2019,Delhi,Cochin,DEL → BHO → BOM → COK,05:55,07:40,25:45,2,No Info,14483,9,03,2019,05,55,07,40,25,45
Jet Airways,15/05/2019,Mumbai,Hyderabad,BOM → HYD,19:35,21:05,1:30,0,In-flight meal not included,2228,15,05,2019,19,35,21,05,1,30
Multiple carriers,15/06/2019,Delhi,Cochin,DEL → HYD → COK,13:15,22:30,9:15,1,No Info,8018,15,06,2019,13,15,22,30,9,15
Multiple carriers,6/03/2019,Delhi,Cochin,DEL → BOM → COK,09:55,21:00,11:5,1,In-flight meal not included,15136,6,03,2019,09,55,21,00,11,5
SpiceJet,24/04/2019,Delhi,Cochin,DEL → MAA → COK,15:45,22:05,6:20,1,No Info,5583,24,04,2019,15,45,22,05,6,20
Air India,12/06/2019,Delhi,Cochin,DEL → CCU → BOM → COK,14:25,19:15,28:50,2,No Info,13381,12,06,2019,14,25,19,15,28,50
Air India,15/03/2019,Banglore,New Delhi,BLR → COK → DEL,06:55,10:50,27:55,1,No Info,7932,15,03,2019,06,55,10,50,27,55
Jet Airways,9/05/2019,Kolkata,Banglore,CCU → BOM → BLR,20:00,08:15,12:15,1,In-flight meal not included,7757,9,05,2019,20,00,08,15,12,15
Jet Airways,18/05/2019,Delhi,Cochin,DEL → JAI → BOM → COK,05:30,04:25,22:55,2,In-flight meal not included,13029,18,05,2019,05,30,04,25,22,55
SpiceJet,9/06/2019,Kolkata,Banglore,CCU → BLR,06:55,09:30,2:35,0,No check-in baggage included,3841,9,06,2019,06,55,09,30,2,35
Air India,03/03/2019,Banglore,New Delhi,BLR → DEL,13:20,16:10,2:50,0,No Info,10216,03,03,2019,13,20,16,10,2,50
Air India,21/05/2019,Mumbai,Hyderabad,BOM → HYD,21:05,22:25,1:20,0,No Info,3100,21,05,2019,21,05,22,25,1,20
Air India,21/03/2019,Delhi,Cochin,DEL → HYD → BOM → COK,17:15,19:15,26h,2,No Info,8245,21,03,2019,17,15,19,15,26h,
Air India,01/03/2019,Banglore,New Delhi,BLR → CCU → DEL,11:05,19:50,8:45,1,1 Long layover,14594,01,03,2019,11,05,19,50,8,45
Jet Airways,1/06/2019,Delhi,Cochin,DEL → BDQ → BOM → COK,18:25,12:35,18:10,2,No Info,14237,1,06,2019,18,25,12,35,18,10
Air India,21/05/2019,Kolkata,Banglore,CCU → JAI → DEL → BLR,08:20,23:15,14:55,2,No Info,13164,21,05,2019,08,20,23,15,14,55
Jet Airways,9/06/2019,Delhi,Cochin,DEL → BOM → COK,20:55,04:25,7:30,1,No Info,14924,9,06,2019,20,55,04,25,7,30
Jet Airways,21/05/2019,Kolkata,Banglore,CCU → BOM → BLR,21:10,16:20,19:10,1,In-flight meal not included,10844,21,05,2019,21,10,16,20,19,10
Jet Airways,6/05/2019,Kolkata,Banglore,CCU → GAU → BLR,10:20,17:35,7:15,1,In-flight meal not included,7064,6,05,2019,10,20,17,35,7,15
Vistara,24/05/2019,Kolkata,Banglore,CCU → DEL → BLR,07:10,18:50,11:40,1,No Info,9555,24,05,2019,07,10,18,50,11,40
Multiple carriers,24/06/2019,Delhi,Cochin,DEL → BOM → COK,10:35,19:15,8:40,1,No Info,7155,24,06,2019,10,35,19,15,8,40
Multiple carriers,9/06/2019,Delhi,Cochin,DEL → BOM → COK,08:00,19:00,11h,1,No Info,12192,9,06,2019,08,00,19,00,11h,
Air Asia,18/05/2019,Delhi,Cochin,DEL → BLR → COK,16:45,07:10,14:25,1,No Info,7353,18,05,2019,16,45,07,10,14,25
IndiGo,27/06/2019,Delhi,Cochin,DEL → HYD → COK,07:35,12:10,4:35,1,No Info,5054,27,06,2019,07,35,12,10,4,35
Multiple carriers,15/06/2019,Delhi,Cochin,DEL → IXU → BOM → COK,17:50,01:30,7:40,2,No Info,18485,15,06,2019,17,50,01,30,7,40
Jet Airways,6/06/2019,Kolkata,Banglore,CCU → BOM → BLR,06:30,18:15,11:45,1,In-flight meal not included,10844,6,06,2019,06,30,18,15,11,45
Jet Airways,18/05/2019,Banglore,Delhi,BLR → DEL,08:20,11:20,3h,0,In-flight meal not included,6144,18,05,2019,08,20,11,20,3h,
IndiGo,1/05/2019,Mumbai,Hyderabad,BOM → HYD,19:05,20:35,1:30,0,No Info,2754,1,05,2019,19,05,20,35,1,30
Multiple carriers,27/03/2019,Delhi,Cochin,DEL → BOM → COK,15:05,01:35,10:30,1,No Info,12327,27,03,2019,15,05,01,35,10,30
SpiceJet,6/05/2019,Kolkata,Banglore,CCU → BLR,06:55,09:30,2:35,0,No check-in baggage included,3841,6,05,2019,06,55,09,30,2,35
Jet Airways,18/05/2019,Delhi,Cochin,DEL → BOM → COK,22:50,04:25,5:35,1,In-flight meal not included,12373,18,05,2019,22,50,04,25,5,35
Air India,21/05/2019,Delhi,Cochin,DEL → GOI → BOM → COK,22:00,19:15,21:15,2,No Info,10231,21,05,2019,22,00,19,15,21,15
IndiGo,21/05/2019,Delhi,Cochin,DEL → BOM → COK,09:15,21:00,11:45,1,No Info,7318,21,05,2019,09,15,21,00,11,45
Jet Airways,06/03/2019,Banglore,New Delhi,BLR → BOM → DEL,11:40,07:40,20h,1,No Info,16736,06,03,2019,11,40,07,40,20h,
IndiGo,9/06/2019,Delhi,Cochin,DEL → LKO → COK,21:50,03:35,5:45,1,No Info,6195,9,06,2019,21,50,03,35,5,45
SpiceJet,6/06/2019,Mumbai,Hyderabad,BOM → HYD,05:45,07:15,1:30,0,No Info,2753,6,06,2019,05,45,07,15,1,30
SpiceJet,24/03/2019,Chennai,Kolkata,MAA → CCU,09:30,12:05,2:35,0,No check-in baggage included,3807,24,03,2019,09,30,12,05,2,35
Jet Airways,3/03/2019,Delhi,Cochin,DEL → IDR → BOM → COK,05:25,04:25,47h,2,No Info,20064,3,03,2019,05,25,04,25,47h,
IndiGo,21/06/2019,Delhi,Cochin,DEL → COK,21:05,00:20,3:15,0,No Info,5406,21,06,2019,21,05,00,20,3,15
Air India,1/06/2019,Delhi,Cochin,DEL → GOI → BOM → COK,22:00,19:15,21:15,2,No Info,10441,1,06,2019,22,00,19,15,21,15
Jet Airways,6/05/2019,Kolkata,Banglore,CCU → DEL → BLR,20:25,09:45,13:20,1,In-flight meal not included,8066,6,05,2019,20,25,09,45,13,20
Air India,27/06/2019,Banglore,Delhi,BLR → DEL,17:00,19:45,2:45,0,No Info,6961,27,06,2019,17,00,19,45,2,45
Vistara,21/03/2019,Delhi,Cochin,DEL → COK,14:55,17:50,2:55,0,No Info,5586,21,03,2019,14,55,17,50,2,55
Air India,1/06/2019,Delhi,Cochin,DEL → BLR → COK,17:40,23:00,5:20,1,No Info,7384,1,06,2019,17,40,23,00,5,20
Jet Airways,01/03/2019,Banglore,New Delhi,BLR → BOM → DEL,11:40,09:00,21:20,1,No Info,20800,01,03,2019,11,40,09,00,21,20
Jet Airways,12/05/2019,Kolkata,Banglore,CCU → BOM → BLR,06:30,12:00,5:30,1,No Info,13941,12,05,2019,06,30,12,00,5,30
Jet Airways,3/05/2019,Banglore,Delhi,BLR → DEL,08:20,11:20,3h,0,In-flight meal not included,5198,3,05,2019,08,20,11,20,3h,
SpiceJet,18/03/2019,Chennai,Kolkata,MAA → CCU,09:30,12:05,2:35,0,No check-in baggage included,3807,18,03,2019,09,30,12,05,2,35
Multiple carriers,3/03/2019,Delhi,Cochin,DEL → HYD → COK,09:45,22:20,12:35,1,No Info,13838,3,03,2019,09,45,22,20,12,35
Air India,24/06/2019,Delhi,Cochin,DEL → HYD → MAA → COK,07:05,09:25,26:20,2,No Info,11185,24,06,2019,07,05,09,25,26,20
Jet Airways,21/06/2019,Banglore,Delhi,BLR → DEL,15:15,18:10,2:55,0,In-flight meal not included,7229,21,06,2019,15,15,18,10,2,55
Jet Airways,12/06/2019,Delhi,Cochin,DEL → BOM → COK,21:50,04:25,6:35,1,In-flight meal not included,10262,12,06,2019,21,50,04,25,6,35
Air Asia,9/03/2019,Kolkata,Banglore,CCU → BLR,19:35,22:05,2:30,0,No Info,4384,9,03,2019,19,35,22,05,2,30
Jet Airways,27/06/2019,Delhi,Cochin,DEL → AMD → BOM → COK,13:25,12:35,23:10,2,No Info,12819,27,06,2019,13,25,12,35,23,10
Jet Airways,6/05/2019,Kolkata,Banglore,CCU → BOM → BLR,21:10,10:05,12:55,1,In-flight meal not included,7757,6,05,2019,21,10,10,05,12,55
Air India,21/04/2019,Delhi,Cochin,DEL → BLR → COK,20:30,23:00,26:30,1,No Info,7174,21,04,2019,20,30,23,00,26,30
IndiGo,1/06/2019,Delhi,Cochin,DEL → HYD → COK,11:55,22:30,10:35,1,No Info,6674,1,06,2019,11,55,22,30,10,35
IndiGo,18/05/2019,Mumbai,Hyderabad,BOM → HYD,20:05,21:40,1:35,0,No Info,2227,18,05,2019,20,05,21,40,1,35
Jet Airways,12/06/2019,Delhi,Cochin,DEL → JAI → BOM → COK,19:30,12:35,17:5,2,No Info,13014,12,06,2019,19,30,12,35,17,5
IndiGo,21/03/2019,Mumbai,Hyderabad,BOM → HYD,16:55,18:25,1:30,0,No Info,3175,21,03,2019,16,55,18,25,1,30
IndiGo,1/03/2019,Kolkata,Banglore,CCU → BLR,09:35,12:20,2:45,0,No Info,6565,1,03,2019,09,35,12,20,2,45
Jet Airways,1/04/2019,Kolkata,Banglore,CCU → BOM → BLR,18:55,23:35,28:40,1,No Info,12681,1,04,2019,18,55,23,35,28,40
Vistara,1/06/2019,Chennai,Kolkata,MAA → CCU,07:05,09:20,2:15,0,No Info,3687,1,06,2019,07,05,09,20,2,15
Jet Airways,15/06/2019,Mumbai,Hyderabad,BOM → HYD,19:35,21:05,1:30,0,In-flight meal not included,3210,15,06,2019,19,35,21,05,1,30
IndiGo,6/03/2019,Kolkata,Banglore,CCU → BLR,20:25,23:05,2:40,0,No Info,4778,6,03,2019,20,25,23,05,2,40
Multiple carriers,3/06/2019,Delhi,Cochin,DEL → BOM → COK,11:25,19:00,7:35,1,No Info,10877,3,06,2019,11,25,19,00,7,35
Vistara,24/05/2019,Kolkata,Banglore,CCU → DEL → BLR,20:20,10:45,14:25,1,No Info,9187,24,05,2019,20,20,10,45,14,25
Air India,15/03/2019,Banglore,New Delhi,BLR → COK → DEL,22:00,23:20,25:20,1,No Info,6850,15,03,2019,22,00,23,20,25,20
Jet Airways,12/05/2019,Kolkata,Banglore,CCU → BOM → BLR,08:25,18:15,9:50,1,No Info,14781,12,05,2019,08,25,18,15,9,50
Air India,6/05/2019,Kolkata,Banglore,CCU → GAU → DEL → BLR,16:45,08:55,16:10,2,No Info,13227,6,05,2019,16,45,08,55,16,10
Vistara,9/05/2019,Banglore,Delhi,BLR → DEL,07:00,09:40,2:40,0,No Info,4668,9,05,2019,07,00,09,40,2,40
Jet Airways,24/05/2019,Kolkata,Banglore,CCU → BOM → BLR,06:30,12:00,5:30,1,No Info,14178,24,05,2019,06,30,12,00,5,30
Jet Airways,6/05/2019,Kolkata,Banglore,CCU → DEL → BLR,17:00,09:45,16:45,1,In-flight meal not included,8066,6,05,2019,17,00,09,45,16,45
IndiGo,6/05/2019,Banglore,Delhi,BLR → DEL,13:00,15:50,2:50,0,No Info,3943,6,05,2019,13,00,15,50,2,50
Multiple carriers,1/06/2019,Delhi,Cochin,DEL → BOM → COK,07:30,19:00,11:30,1,No Info,11200,1,06,2019,07,30,19,00,11,30
Jet Airways,18/05/2019,Kolkata,Banglore,CCU → BOM → BLR,18:55,04:40,9:45,1,In-flight meal not included,8586,18,05,2019,18,55,04,40,9,45
Jet Airways,12/06/2019,Kolkata,Banglore,CCU → BOM → BLR,21:10,10:05,12:55,1,No Info,13044,12,06,2019,21,10,10,05,12,55
Multiple carriers,3/06/2019,Delhi,Cochin,DEL → BOM → COK,09:15,19:15,10h,1,No Info,8099,3,06,2019,09,15,19,15,10h,
Jet Airways,15/06/2019,Delhi,Cochin,DEL → BOM → COK,17:30,04:25,10:55,1,In-flight meal not included,10262,15,06,2019,17,30,04,25,10,55
Multiple carriers,24/06/2019,Delhi,Cochin,DEL → IXU → BOM → COK,17:50,01:30,7:40,2,No Info,18275,24,06,2019,17,50,01,30,7,40
Multiple carriers,27/05/2019,Delhi,Cochin,DEL → BOM → COK,06:00,21:00,15h,1,No Info,8475,27,05,2019,06,00,21,00,15h,
SpiceJet,6/04/2019,Kolkata,Banglore,CCU → BLR,22:20,00:40,2:20,0,No Info,3873,6,04,2019,22,20,00,40,2,20
IndiGo,21/06/2019,Mumbai,Hyderabad,BOM → HYD,21:20,22:50,1:30,0,No Info,2227,21,06,2019,21,20,22,50,1,30
Jet Airways,6/03/2019,Delhi,Cochin,DEL → IDR → BOM → COK,05:25,19:45,38:20,2,In-flight meal not included,16389,6,03,2019,05,25,19,45,38,20
Air India,3/05/2019,Banglore,Delhi,BLR → DEL,06:10,08:55,2:45,0,No Info,5228,3,05,2019,06,10,08,55,2,45
Air India,21/03/2019,Banglore,New Delhi,BLR → MAA → DEL,11:50,08:55,21:5,1,No Info,5092,21,03,2019,11,50,08,55,21,5
IndiGo,09/03/2019,Banglore,New Delhi,BLR → DEL,21:20,00:15,2:55,0,No Info,4777,09,03,2019,21,20,00,15,2,55
Air Asia,24/03/2019,Banglore,New Delhi,BLR → DEL,05:50,08:40,2:50,0,No Info,3383,24,03,2019,05,50,08,40,2,50
Vistara,21/05/2019,Kolkata,Banglore,CCU → DEL → BLR,07:10,09:05,25:55,1,No Info,8452,21,05,2019,07,10,09,05,25,55
IndiGo,27/05/2019,Banglore,Delhi,BLR → DEL,23:30,02:20,2:50,0,No Info,3943,27,05,2019,23,30,02,20,2,50
Air India,24/06/2019,Mumbai,Hyderabad,BOM → HYD,21:05,22:25,1:20,0,No Info,3100,24,06,2019,21,05,22,25,1,20
IndiGo,6/03/2019,Delhi,Cochin,DEL → BOM → COK,09:10,01:35,16:25,1,No Info,14871,6,03,2019,09,10,01,35,16,25
Jet Airways,21/06/2019,Banglore,Delhi,BLR → DEL,11:10,14:05,2:55,0,No Info,8016,21,06,2019,11,10,14,05,2,55
Multiple carriers,12/06/2019,Delhi,Cochin,DEL → BOM → COK,06:00,19:00,13h,1,No Info,11789,12,06,2019,06,00,19,00,13h,
Multiple carriers,15/05/2019,Delhi,Cochin,DEL → BOM → COK,11:40,19:00,7:20,1,No Info,10529,15,05,2019,11,40,19,00,7,20
Air Asia,15/03/2019,Banglore,New Delhi,BLR → DEL,05:50,08:40,2:50,0,No Info,5615,15,03,2019,05,50,08,40,2,50
SpiceJet,6/06/2019,Kolkata,Banglore,CCU → MAA → BLR,15:05,20:20,5:15,1,No Info,4649,6,06,2019,15,05,20,20,5,15
Air India,9/06/2019,Kolkata,Banglore,CCU → IXR → DEL → BLR,05:50,23:15,17:25,2,No Info,12723,9,06,2019,05,50,23,15,17,25
Jet Airways,24/05/2019,Kolkata,Banglore,CCU → BOM → BLR,06:30,18:15,11:45,1,In-flight meal not included,10844,24,05,2019,06,30,18,15,11,45
Jet Airways,3/06/2019,Delhi,Cochin,DEL → BOM → COK,20:55,19:00,22:5,1,No Info,14714,3,06,2019,20,55,19,00,22,5
Vistara,12/06/2019,Delhi,Cochin,DEL → COK,14:40,17:50,3:10,0,No Info,6216,12,06,2019,14,40,17,50,3,10
IndiGo,15/03/2019,Kolkata,Banglore,CCU → BLR,09:35,12:20,2:45,0,No Info,4148,15,03,2019,09,35,12,20,2,45
IndiGo,6/03/2019,Delhi,Cochin,DEL → HYD → COK,06:40,12:00,5:20,1,No Info,5647,6,03,2019,06,40,12,00,5,20
Jet Airways,15/05/2019,Kolkata,Banglore,CCU → BOM → BLR,08:25,18:15,9:50,1,In-flight meal not included,10844,15,05,2019,08,25,18,15,9,50
IndiGo,9/05/2019,Delhi,Cochin,DEL → HYD → COK,05:05,12:10,7:5,1,No Info,6818,9,05,2019,05,05,12,10,7,5
Air India,27/05/2019,Delhi,Cochin,DEL → GOI → BOM → COK,10:55,07:40,20:45,2,No Info,13643,27,05,2019,10,55,07,40,20,45
Multiple carriers,27/03/2019,Delhi,Cochin,DEL → BOM → COK,07:00,21:00,14h,1,No Info,6358,27,03,2019,07,00,21,00,14h,
Jet Airways,1/06/2019,Delhi,Cochin,DEL → BOM → COK,13:00,19:00,6h,1,No Info,14714,1,06,2019,13,00,19,00,6h,
SpiceJet,21/04/2019,Delhi,Cochin,DEL → PNQ → COK,08:45,13:15,4:30,1,No Info,6460,21,04,2019,08,45,13,15,4,30
Jet Airways,12/05/2019,Kolkata,Banglore,CCU → BOM → BLR,21:10,12:00,14:50,1,In-flight meal not included,9663,12,05,2019,21,10,12,00,14,50
Jet Airways,21/05/2019,Kolkata,Banglore,CCU → BOM → BLR,06:30,10:05,27:35,1,No Info,13941,21,05,2019,06,30,10,05,27,35
Jet Airways,27/03/2019,Delhi,Cochin,DEL → BOM → COK,19:45,19:45,24h,1,In-flight meal not included,5963,27,03,2019,19,45,19,45,24h,
Jet Airways,15/06/2019,Delhi,Cochin,DEL → JAI → BOM → COK,19:30,12:35,17:5,2,No Info,13014,15,06,2019,19,30,12,35,17,5
Jet Airways,9/05/2019,Kolkata,Banglore,CCU → BOM → BLR,16:30,09:20,16:50,1,In-flight meal not included,9663,9,05,2019,16,30,09,20,16,50
IndiGo,6/04/2019,Banglore,Delhi,BLR → DEL,13:00,15:50,2:50,0,No Info,4423,6,04,2019,13,00,15,50,2,50
Jet Airways,6/05/2019,Delhi,Cochin,DEL → JDH → BOM → COK,11:40,19:00,7:20,2,No Info,21219,6,05,2019,11,40,19,00,7,20
IndiGo,24/05/2019,Delhi,Cochin,DEL → BOM → COK,18:35,01:30,6:55,1,No Info,7503,24,05,2019,18,35,01,30,6,55
IndiGo,24/06/2019,Kolkata,Banglore,CCU → BLR,21:25,00:05,2:40,0,No Info,4804,24,06,2019,21,25,00,05,2,40
Jet Airways,9/05/2019,Delhi,Cochin,DEL → JAI → BOM → COK,09:40,12:35,26:55,2,No Info,15129,9,05,2019,09,40,12,35,26,55
Multiple carriers,27/03/2019,Delhi,Cochin,DEL → HYD → MAA → COK,07:10,21:20,14:10,2,No Info,6197,27,03,2019,07,10,21,20,14,10
SpiceJet,27/05/2019,Chennai,Kolkata,MAA → CCU,17:45,20:05,2:20,0,No Info,3597,27,05,2019,17,45,20,05,2,20
Multiple carriers,27/03/2019,Delhi,Cochin,DEL → BOM → COK,07:30,19:15,11:45,1,No Info,9100,27,03,2019,07,30,19,15,11,45
Jet Airways,1/06/2019,Mumbai,Hyderabad,BOM → HYD,07:05,08:30,1:25,0,In-flight meal not included,4050,1,06,2019,07,05,08,30,1,25
Multiple carriers,6/06/2019,Delhi,Cochin,DEL → BOM → COK,10:00,01:30,15:30,1,No Info,7723,6,06,2019,10,00,01,30,15,30
Jet Airways,9/05/2019,Delhi,Cochin,DEL → AMD → BOM → COK,23:05,19:00,19:55,2,No Info,15129,9,05,2019,23,05,19,00,19,55
Jet Airways,18/05/2019,Delhi,Cochin,DEL → BOM → COK,08:00,19:00,11h,1,In-flight meal not included,12373,18,05,2019,08,00,19,00,11h,
IndiGo,3/05/2019,Banglore,Delhi,BLR → DEL,23:30,02:20,2:50,0,No Info,4591,3,05,2019,23,30,02,20,2,50
SpiceJet,9/03/2019,Chennai,Kolkata,MAA → CCU,08:20,10:35,2:15,0,No Info,6300,9,03,2019,08,20,10,35,2,15
Air India,24/03/2019,Banglore,New Delhi,BLR → DEL,17:00,19:45,2:45,0,No Info,5176,24,03,2019,17,00,19,45,2,45
Multiple carriers,15/06/2019,Delhi,Cochin,DEL → BOM → COK,09:00,19:00,10h,1,No Info,12717,15,06,2019,09,00,19,00,10h,
Air India,18/03/2019,Chennai,Kolkata,MAA → CCU,11:40,13:55,2:15,0,No Info,4405,18,03,2019,11,40,13,55,2,15
SpiceJet,21/04/2019,Delhi,Cochin,DEL → MAA → COK,15:45,22:05,6:20,1,No Info,6749,21,04,2019,15,45,22,05,6,20
Jet Airways,12/05/2019,Kolkata,Banglore,CCU → GAU → BLR,10:20,17:35,7:15,1,In-flight meal not included,7064,12,05,2019,10,20,17,35,7,15
Jet Airways,21/05/2019,Delhi,Cochin,DEL → BOM → COK,07:05,12:35,5:30,1,No Info,16289,21,05,2019,07,05,12,35,5,30
IndiGo,15/03/2019,Chennai,Kolkata,MAA → CCU,11:35,14:00,2:25,0,No Info,6297,15,03,2019,11,35,14,00,2,25
Jet Airways,12/05/2019,Mumbai,Hyderabad,BOM → HYD,19:35,21:05,1:30,0,No Info,5678,12,05,2019,19,35,21,05,1,30
Jet Airways,1/05/2019,Kolkata,Banglore,CCU → BOM → BLR,20:00,09:20,13:20,1,No Info,14388,1,05,2019,20,00,09,20,13,20
Jet Airways,18/04/2019,Banglore,Delhi,BLR → DEL,06:00,08:45,2:45,0,No Info,7229,18,04,2019,06,00,08,45,2,45
IndiGo,24/03/2019,Kolkata,Banglore,CCU → BBI → BLR,11:55,16:25,4:30,1,No Info,9806,24,03,2019,11,55,16,25,4,30
IndiGo,6/06/2019,Delhi,Cochin,DEL → LKO → COK,21:50,03:35,5:45,1,No Info,6195,6,06,2019,21,50,03,35,5,45
Jet Airways,12/06/2019,Kolkata,Banglore,CCU → BOM → BLR,18:55,18:15,23:20,1,No Info,13044,12,06,2019,18,55,18,15,23,20
Jet Airways,27/06/2019,Delhi,Cochin,DEL → LKO → BOM → COK,11:45,04:25,16:40,2,No Info,13882,27,06,2019,11,45,04,25,16,40
Jet Airways,24/03/2019,Banglore,New Delhi,BLR → BOM → DEL,05:45,10:45,5h,1,In-flight meal not included,8147,24,03,2019,05,45,10,45,5h,
Air India,9/04/2019,Delhi,Cochin,DEL → HYD → BOM → COK,17:15,07:40,14:25,2,No Info,8052,9,04,2019,17,15,07,40,14,25
Jet Airways,1/05/2019,Kolkata,Banglore,CCU → BOM → BLR,06:30,19:50,13:20,1,No Info,14781,1,05,2019,06,30,19,50,13,20
Jet Airways,24/05/2019,Kolkata,Banglore,CCU → DEL → BLR,09:35,22:05,12:30,1,No Info,14151,24,05,2019,09,35,22,05,12,30
IndiGo,18/05/2019,Kolkata,Banglore,CCU → NAG → BLR,18:05,23:30,5:25,1,No Info,6704,18,05,2019,18,05,23,30,5,25
Jet Airways,1/05/2019,Kolkata,Banglore,CCU → BOM → BLR,08:25,12:00,27:35,1,In-flight meal not included,9663,1,05,2019,08,25,12,00,27,35
IndiGo,18/03/2019,Kolkata,Banglore,CCU → BLR,15:20,17:55,2:35,0,No Info,4462,18,03,2019,15,20,17,55,2,35
Jet Airways,21/03/2019,Delhi,Cochin,DEL → BDQ → BOM → COK,10:45,04:25,17:40,2,In-flight meal not included,8367,21,03,2019,10,45,04,25,17,40
Jet Airways,9/06/2019,Delhi,Cochin,DEL → NAG → BOM → COK,06:45,04:25,21:40,2,No Info,13376,9,06,2019,06,45,04,25,21,40
Jet Airways,21/05/2019,Kolkata,Banglore,CCU → DEL → BLR,20:25,09:45,13:20,1,No Info,13067,21,05,2019,20,25,09,45,13,20
IndiGo,21/05/2019,Kolkata,Banglore,CCU → BLR,14:25,16:55,2:30,0,No Info,5224,21,05,2019,14,25,16,55,2,30
Multiple carriers,21/03/2019,Delhi,Cochin,DEL → BOM → COK,16:00,01:35,9:35,1,No Info,13542,21,03,2019,16,00,01,35,9,35
GoAir,24/05/2019,Banglore,Delhi,BLR → DEL,07:45,10:40,2:55,0,No Info,3419,24,05,2019,07,45,10,40,2,55
Multiple carriers,6/03/2019,Delhi,Cochin,DEL → HYD → MAA → COK,09:45,21:20,11:35,2,No Info,10444,6,03,2019,09,45,21,20,11,35
IndiGo,1/06/2019,Kolkata,Banglore,CCU → BLR,09:35,12:10,2:35,0,No Info,4804,1,06,2019,09,35,12,10,2,35
Jet Airways,21/05/2019,Mumbai,Hyderabad,BOM → HYD,07:05,08:30,1:25,0,In-flight meal not included,4995,21,05,2019,07,05,08,30,1,25
SpiceJet,27/04/2019,Delhi,Cochin,DEL → BLR → COK,17:55,22:50,4:55,1,No Info,4957,27,04,2019,17,55,22,50,4,55
Jet Airways,9/05/2019,Delhi,Cochin,DEL → BOM → COK,20:55,04:25,7:30,1,No Info,15554,9,05,2019,20,55,04,25,7,30
Jet Airways,1/05/2019,Kolkata,Banglore,CCU → BOM → BLR,20:00,12:00,16h,1,In-flight meal not included,9663,1,05,2019,20,00,12,00,16h,
Jet Airways,18/05/2019,Kolkata,Banglore,CCU → DEL → BLR,09:35,09:45,24:10,1,No Info,14151,18,05,2019,09,35,09,45,24,10
IndiGo,6/06/2019,Delhi,Cochin,DEL → COK,05:35,08:50,3:15,0,No Info,5601,6,06,2019,05,35,08,50,3,15
Multiple carriers,15/05/2019,Delhi,Cochin,DEL → BOM → COK,06:40,19:15,12:35,1,No Info,7787,15,05,2019,06,40,19,15,12,35
Air India,21/03/2019,Banglore,New Delhi,BLR → MAA → DEL,11:50,23:55,12:5,1,No Info,5092,21,03,2019,11,50,23,55,12,5
Jet Airways,6/06/2019,Kolkata,Banglore,CCU → BOM → BLR,21:10,09:20,12:10,1,In-flight meal not included,10844,6,06,2019,21,10,09,20,12,10
Multiple carriers,9/03/2019,Delhi,Cochin,DEL → IXU → BOM → COK,17:50,01:35,7:45,2,No Info,23583,9,03,2019,17,50,01,35,7,45
Air India,12/05/2019,Kolkata,Banglore,CCU → BBI → BOM → BLR,12:00,18:30,30:30,2,No Info,10676,12,05,2019,12,00,18,30,30,30
SpiceJet,6/06/2019,Kolkata,Banglore,CCU → IXB → BLR,11:15,18:30,7:15,1,No Info,10156,6,06,2019,11,15,18,30,7,15
Air Asia,6/03/2019,Delhi,Cochin,DEL → BLR → COK,16:45,07:10,14:25,1,No Info,8627,6,03,2019,16,45,07,10,14,25
Air Asia,21/05/2019,Kolkata,Banglore,CCU → BLR,09:45,12:15,2:30,0,No Info,4409,21,05,2019,09,45,12,15,2,30
Multiple carriers,18/05/2019,Delhi,Cochin,DEL → HYD → COK,09:45,16:10,6:25,1,No Info,9646,18,05,2019,09,45,16,10,6,25
Jet Airways,12/03/2019,Banglore,New Delhi,BLR → BOM → DEL,21:25,12:25,15h,1,No Info,13817,12,03,2019,21,25,12,25,15h,
Air India,9/05/2019,Delhi,Cochin,DEL → UDR → BOM → COK,13:20,07:40,18:20,2,No Info,13538,9,05,2019,13,20,07,40,18,20
Air India,9/05/2019,Kolkata,Banglore,CCU → BBI → BOM → BLR,12:00,07:55,19:55,2,No Info,9416,9,05,2019,12,00,07,55,19,55
Jet Airways,27/04/2019,Banglore,Delhi,BLR → DEL,11:10,14:05,2:55,0,No Info,7229,27,04,2019,11,10,14,05,2,55
Air India,1/05/2019,Kolkata,Banglore,CCU → DEL → BLR,10:00,23:15,13:15,1,No Info,10203,1,05,2019,10,00,23,15,13,15
IndiGo,21/05/2019,Delhi,Cochin,DEL → HYD → COK,16:10,00:55,8:45,1,No Info,6778,21,05,2019,16,10,00,55,8,45
IndiGo,15/06/2019,Mumbai,Hyderabad,BOM → HYD,12:00,13:30,1:30,0,No Info,2754,15,06,2019,12,00,13,30,1,30
Air India,1/05/2019,Kolkata,Banglore,CCU → IXR → DEL → BLR,05:50,20:25,14:35,2,No Info,10991,1,05,2019,05,50,20,25,14,35
Vistara,27/05/2019,Banglore,Delhi,BLR → DEL,11:30,14:20,2:50,0,No Info,4668,27,05,2019,11,30,14,20,2,50
SpiceJet,3/06/2019,Delhi,Cochin,DEL → PNQ → COK,08:45,13:15,4:30,1,No check-in baggage included,5726,3,06,2019,08,45,13,15,4,30
Air India,12/06/2019,Kolkata,Banglore,CCU → GAU → DEL → BLR,09:50,23:15,13:25,2,No Info,14960,12,06,2019,09,50,23,15,13,25
Air India,21/05/2019,Delhi,Cochin,DEL → MAA → COK,20:40,09:25,12:45,1,No Info,7480,21,05,2019,20,40,09,25,12,45
Air Asia,21/05/2019,Kolkata,Banglore,CCU → BLR,19:55,22:25,2:30,0,No Info,4107,21,05,2019,19,55,22,25,2,30
Jet Airways,1/05/2019,Kolkata,Banglore,CCU → DEL → BLR,09:35,09:45,24:10,1,No Info,11467,1,05,2019,09,35,09,45,24,10
IndiGo,27/04/2019,Delhi,Cochin,DEL → MAA → COK,02:00,07:25,5:25,1,No Info,5796,27,04,2019,02,00,07,25,5,25
Jet Airways,6/06/2019,Delhi,Cochin,DEL → BOM → COK,02:15,19:00,16:45,1,In-flight meal not included,10262,6,06,2019,02,15,19,00,16,45
Air India,27/06/2019,Delhi,Cochin,DEL → RPR → NAG → BOM → COK,05:15,07:40,26:25,3,No Info,11543,27,06,2019,05,15,07,40,26,25
IndiGo,24/04/2019,Delhi,Cochin,DEL → HYD → COK,06:50,12:10,5:20,1,No Info,5298,24,04,2019,06,50,12,10,5,20
Air Asia,27/04/2019,Delhi,Cochin,DEL → BLR → COK,20:45,07:10,10:25,1,No Info,6451,27,04,2019,20,45,07,10,10,25
Air India,9/06/2019,Kolkata,Banglore,CCU → BLR,14:15,16:45,2:30,0,No Info,6245,9,06,2019,14,15,16,45,2,30
Jet Airways,27/03/2019,Mumbai,Hyderabad,BOM → HYD,19:35,21:05,1:30,0,In-flight meal not included,2071,27,03,2019,19,35,21,05,1,30
IndiGo,15/05/2019,Kolkata,Banglore,CCU → BLR,09:35,12:20,2:45,0,No Info,4804,15,05,2019,09,35,12,20,2,45
Multiple carriers,27/06/2019,Delhi,Cochin,DEL → BOM → COK,07:30,21:00,13:30,1,No Info,7005,27,06,2019,07,30,21,00,13,30
Jet Airways,18/03/2019,Banglore,New Delhi,BLR → BOM → DEL,05:45,12:25,6:40,1,No Info,12284,18,03,2019,05,45,12,25,6,40
Air India,9/05/2019,Kolkata,Banglore,CCU → DEL → BLR,07:00,20:25,13:25,1,No Info,10203,9,05,2019,07,00,20,25,13,25
IndiGo,27/05/2019,Delhi,Cochin,DEL → HYD → COK,14:20,22:30,8:10,1,No Info,6938,27,05,2019,14,20,22,30,8,10
Multiple carriers,12/06/2019,Delhi,Cochin,DEL → BOM → COK,10:00,01:30,15:30,1,No Info,13377,12,06,2019,10,00,01,30,15,30
Multiple carriers,1/06/2019,Delhi,Cochin,DEL → BOM → COK,09:15,19:15,10h,1,No Info,9779,1,06,2019,09,15,19,15,10h,
Air India,15/05/2019,Chennai,Kolkata,MAA → CCU,11:40,13:55,2:15,0,No Info,4667,15,05,2019,11,40,13,55,2,15
Jet Airways,3/04/2019,Banglore,Delhi,BLR → DEL,19:50,22:50,3h,0,In-flight meal not included,4544,3,04,2019,19,50,22,50,3h,
Jet Airways,27/06/2019,Delhi,Cochin,DEL → BOM → COK,21:50,04:25,6:35,1,No Info,16079,27,06,2019,21,50,04,25,6,35
Jet Airways,1/04/2019,Kolkata,Banglore,CCU → BOM → BLR,16:30,19:50,27:20,1,In-flight meal not included,7064,1,04,2019,16,30,19,50,27,20
Jet Airways,18/05/2019,Delhi,Cochin,DEL → BOM → COK,14:00,19:00,5h,1,No Info,15554,18,05,2019,14,00,19,00,5h,
SpiceJet,18/05/2019,Chennai,Kolkata,MAA → CCU,09:45,12:00,2:15,0,No check-in baggage included,3543,18,05,2019,09,45,12,00,2,15
Air India,18/04/2019,Banglore,Delhi,BLR → DEL,13:20,16:10,2:50,0,No Info,6121,18,04,2019,13,20,16,10,2,50
IndiGo,27/03/2019,Delhi,Cochin,DEL → BOM → COK,08:25,15:30,7:5,1,No Info,8075,27,03,2019,08,25,15,30,7,5
Multiple carriers,3/06/2019,Delhi,Cochin,DEL → BOM → COK,11:30,01:30,14h,1,No Info,13377,3,06,2019,11,30,01,30,14h,
Jet Airways,24/05/2019,Kolkata,Banglore,CCU → BOM → BLR,14:05,19:50,5:45,1,No Info,14571,24,05,2019,14,05,19,50,5,45
SpiceJet,24/04/2019,Banglore,Delhi,BLR → DEL,05:55,08:35,2:40,0,No check-in baggage included,3919,24,04,2019,05,55,08,35,2,40
Jet Airways,24/03/2019,Kolkata,Banglore,CCU → BOM → BLR,18:55,04:45,9:50,1,No Info,14231,24,03,2019,18,55,04,45,9,50
IndiGo,15/03/2019,Mumbai,Hyderabad,BOM → HYD,19:05,20:30,1:25,0,No Info,2754,15,03,2019,19,05,20,30,1,25
Air India,21/05/2019,Delhi,Cochin,DEL → BLR → COK,17:40,23:00,5:20,1,No Info,8067,21,05,2019,17,40,23,00,5,20
Vistara,6/05/2019,Kolkata,Banglore,CCU → DEL → BLR,07:10,22:40,15:30,1,No Info,8452,6,05,2019,07,10,22,40,15,30
Jet Airways,06/03/2019,Banglore,New Delhi,BLR → BOM → DEL,14:05,11:25,21:20,1,No Info,15025,06,03,2019,14,05,11,25,21,20
Jet Airways,01/03/2019,Banglore,New Delhi,BLR → BOM → DEL,08:55,16:10,7:15,1,No Info,26890,01,03,2019,08,55,16,10,7,15
Jet Airways,6/03/2019,Delhi,Cochin,DEL → BOM → COK,13:00,18:50,5:50,1,In-flight meal not included,15103,6,03,2019,13,00,18,50,5,50
Jet Airways,24/05/2019,Kolkata,Banglore,CCU → BOM → BLR,14:05,04:40,14:35,1,In-flight meal not included,8586,24,05,2019,14,05,04,40,14,35
Jet Airways,9/06/2019,Kolkata,Banglore,CCU → BOM → BLR,08:25,16:20,7:55,1,In-flight meal not included,10844,9,06,2019,08,25,16,20,7,55
Jet Airways,21/05/2019,Delhi,Cochin,DEL → BOM → COK,21:50,04:25,6:35,1,In-flight meal not included,12898,21,05,2019,21,50,04,25,6,35
Jet Airways,12/05/2019,Kolkata,Banglore,CCU → BOM → BLR,06:30,08:15,25:45,1,In-flight meal not included,8586,12,05,2019,06,30,08,15,25,45
Multiple carriers,9/06/2019,Delhi,Cochin,DEL → BOM → COK,08:30,19:00,10:30,1,No Info,11622,9,06,2019,08,30,19,00,10,30
Air India,6/05/2019,Delhi,Cochin,DEL → LKO → BOM → COK,12:20,19:15,30:55,2,No Info,13538,6,05,2019,12,20,19,15,30,55
Jet Airways,1/06/2019,Delhi,Cochin,DEL → JAI → BOM → COK,05:30,04:25,22:55,2,No Info,13014,1,06,2019,05,30,04,25,22,55
Jet Airways,9/05/2019,Kolkata,Banglore,CCU → BOM → BLR,18:55,10:05,15:10,1,No Info,13941,9,05,2019,18,55,10,05,15,10
Jet Airways,18/05/2019,Kolkata,Banglore,CCU → DEL → BLR,09:35,10:55,25:20,1,No Info,14151,18,05,2019,09,35,10,55,25,20
Multiple carriers,21/03/2019,Delhi,Cochin,DEL → BOM → COK,17:30,01:35,8:5,1,No Info,13542,21,03,2019,17,30,01,35,8,5
IndiGo,21/03/2019,Delhi,Cochin,DEL → HYD → COK,06:40,22:20,15:40,1,No Info,6558,21,03,2019,06,40,22,20,15,40
Air Asia,18/05/2019,Kolkata,Banglore,CCU → DEL → BLR,07:35,19:25,11:50,1,No Info,5192,18,05,2019,07,35,19,25,11,50
Vistara,1/06/2019,Banglore,Delhi,BLR → DEL,07:00,09:40,2:40,0,No Info,4878,1,06,2019,07,00,09,40,2,40
Jet Airways,27/05/2019,Delhi,Cochin,DEL → BOM → COK,15:00,12:35,21:35,1,In-flight meal not included,12898,27,05,2019,15,00,12,35,21,35
Air India,9/06/2019,Delhi,Cochin,DEL → BLR → COK,17:40,23:00,5:20,1,No Info,7384,9,06,2019,17,40,23,00,5,20
GoAir,3/05/2019,Banglore,Delhi,BLR → DEL,07:45,10:40,2:55,0,No Info,3898,3,05,2019,07,45,10,40,2,55
Air Asia,6/05/2019,Banglore,Delhi,BLR → DEL,23:55,02:45,2:50,0,No Info,3383,6,05,2019,23,55,02,45,2,50
IndiGo,24/06/2019,Delhi,Cochin,DEL → BOM → COK,06:40,21:00,14:20,1,No Info,6093,24,06,2019,06,40,21,00,14,20
Multiple carriers,12/06/2019,Delhi,Cochin,DEL → BOM → COK,08:00,19:00,11h,1,No Info,12192,12,06,2019,08,00,19,00,11h,
Multiple carriers,12/06/2019,Delhi,Cochin,DEL → BOM → COK,12:50,01:30,12:40,1,No Info,6795,12,06,2019,12,50,01,30,12,40
Jet Airways,18/03/2019,Banglore,New Delhi,BLR → BOM → DEL,07:00,07:40,24:40,1,No Info,11455,18,03,2019,07,00,07,40,24,40
IndiGo,1/06/2019,Chennai,Kolkata,MAA → CCU,15:40,18:25,2:45,0,No Info,3540,1,06,2019,15,40,18,25,2,45
Multiple carriers,27/05/2019,Delhi,Cochin,DEL → BOM → COK,09:00,19:15,10:15,1,No Info,15898,27,05,2019,09,00,19,15,10,15
Multiple carriers,3/06/2019,Delhi,Cochin,DEL → BOM → COK,10:00,21:00,11h,1,No Info,9718,3,06,2019,10,00,21,00,11h,
GoAir,15/05/2019,Kolkata,Banglore,CCU → AMD → BLR,16:40,00:15,7:35,1,No Info,7831,15,05,2019,16,40,00,15,7,35
IndiGo,3/06/2019,Delhi,Cochin,DEL → BOM → COK,08:30,21:00,12:30,1,No Info,6416,3,06,2019,08,30,21,00,12,30
Vistara,27/03/2019,Chennai,Kolkata,MAA → CCU,07:05,09:20,2:15,0,No Info,3739,27,03,2019,07,05,09,20,2,15
Vistara,6/05/2019,Kolkata,Banglore,CCU → DEL → BLR,07:10,23:25,16:15,1,No Info,8085,6,05,2019,07,10,23,25,16,15
IndiGo,3/05/2019,Banglore,Delhi,BLR → DEL,16:55,19:55,3h,0,No Info,4823,3,05,2019,16,55,19,55,3h,
Jet Airways,9/06/2019,Delhi,Cochin,DEL → NAG → BOM → COK,14:35,12:35,22h,2,No Info,13376,9,06,2019,14,35,12,35,22h,
Vistara,15/05/2019,Kolkata,Banglore,CCU → DEL → BLR,20:20,10:45,14:25,1,No Info,8452,15,05,2019,20,20,10,45,14,25
Jet Airways,6/06/2019,Kolkata,Banglore,CCU → BOM → BLR,20:00,22:35,26:35,1,In-flight meal not included,10844,6,06,2019,20,00,22,35,26,35
Vistara,27/03/2019,Delhi,Cochin,DEL → COK,06:00,09:10,3:10,0,No Info,4851,27,03,2019,06,00,09,10,3,10
Multiple carriers,15/06/2019,Delhi,Cochin,DEL → BOM → COK,19:00,01:30,6:30,1,No Info,6795,15,06,2019,19,00,01,30,6,30
IndiGo,18/05/2019,Banglore,Delhi,BLR → DEL,08:30,11:20,2:50,0,No Info,4823,18,05,2019,08,30,11,20,2,50
Jet Airways,9/06/2019,Delhi,Cochin,DEL → BOM → COK,20:55,04:25,7:30,1,In-flight meal not included,10577,9,06,2019,20,55,04,25,7,30
Jet Airways,27/03/2019,Delhi,Cochin,DEL → BOM → COK,20:50,19:45,22:55,1,No Info,12032,27,03,2019,20,50,19,45,22,55
Air Asia,1/06/2019,Delhi,Cochin,DEL → BLR → COK,07:55,13:25,5:30,1,No Info,9330,1,06,2019,07,55,13,25,5,30
Vistara,1/04/2019,Kolkata,Banglore,CCU → DEL → BLR,17:00,22:55,5:55,1,No Info,8977,1,04,2019,17,00,22,55,5,55
Multiple carriers,1/06/2019,Delhi,Cochin,DEL → BOM → COK,12:50,21:00,8:10,1,No Info,7005,1,06,2019,12,50,21,00,8,10
Jet Airways,18/05/2019,Kolkata,Banglore,CCU → BOM → BLR,14:05,20:45,6:40,1,In-flight meal not included,10844,18,05,2019,14,05,20,45,6,40
Multiple carriers,24/06/2019,Delhi,Cochin,DEL → BOM → COK,03:50,12:35,8:45,1,No Info,12192,24,06,2019,03,50,12,35,8,45
Air India,24/03/2019,Banglore,New Delhi,BLR → DEL,10:00,12:45,2:45,0,No Info,4441,24,03,2019,10,00,12,45,2,45
Multiple carriers,9/05/2019,Delhi,Cochin,DEL → BOM → COK,10:35,19:15,8:40,1,No Info,7575,9,05,2019,10,35,19,15,8,40
IndiGo,21/06/2019,Kolkata,Banglore,CCU → BLR,04:40,07:15,2:35,0,No Info,4804,21,06,2019,04,40,07,15,2,35
SpiceJet,6/06/2019,Chennai,Kolkata,MAA → CCU,09:45,12:00,2:15,0,No Info,3597,6,06,2019,09,45,12,00,2,15
Air India,6/06/2019,Kolkata,Banglore,CCU → DEL → BLR,17:30,20:25,26:55,1,No Info,10413,6,06,2019,17,30,20,25,26,55
Jet Airways,9/06/2019,Banglore,Delhi,BLR → DEL,06:00,08:45,2:45,0,No Info,8016,9,06,2019,06,00,08,45,2,45
Jet Airways,9/06/2019,Kolkata,Banglore,CCU → BOM → BLR,20:00,12:00,16h,1,In-flight meal not included,10844,9,06,2019,20,00,12,00,16h,
Jet Airways,12/05/2019,Kolkata,Banglore,CCU → BOM → BLR,16:30,09:20,16:50,1,In-flight meal not included,9663,12,05,2019,16,30,09,20,16,50
IndiGo,18/05/2019,Delhi,Cochin,DEL → BOM → COK,20:25,01:30,5:5,1,No Info,6069,18,05,2019,20,25,01,30,5,5
IndiGo,27/05/2019,Delhi,Cochin,DEL → HYD → COK,11:55,22:30,10:35,1,No Info,6442,27,05,2019,11,55,22,30,10,35
Multiple carriers,1/06/2019,Delhi,Cochin,DEL → BOM → COK,09:00,21:00,12h,1,No Info,13587,1,06,2019,09,00,21,00,12h,
Air India,9/05/2019,Mumbai,Hyderabad,BOM → HYD,19:30,20:45,1:15,0,No Info,3100,9,05,2019,19,30,20,45,1,15
Jet Airways,21/05/2019,Kolkata,Banglore,CCU → BOM → BLR,06:30,18:15,11:45,1,No Info,14781,21,05,2019,06,30,18,15,11,45
Jet Airways,21/05/2019,Delhi,Cochin,DEL → BOM → COK,21:50,19:00,21:10,1,In-flight meal not included,12898,21,05,2019,21,50,19,00,21,10
IndiGo,18/06/2019,Kolkata,Banglore,CCU → BLR,14:25,16:55,2:30,0,No Info,4804,18,06,2019,14,25,16,55,2,30
SpiceJet,15/04/2019,Kolkata,Banglore,CCU → BLR,09:00,11:25,2:25,0,No Info,4174,15,04,2019,09,00,11,25,2,25
IndiGo,24/05/2019,Banglore,Delhi,BLR → DEL,23:30,02:20,2:50,0,No Info,4591,24,05,2019,23,30,02,20,2,50
Jet Airways,6/05/2019,Kolkata,Banglore,CCU → BOM → BLR,16:30,19:50,27:20,1,In-flight meal not included,9663,6,05,2019,16,30,19,50,27,20
Multiple carriers,15/05/2019,Delhi,Cochin,DEL → BOM → COK,08:45,19:15,10:30,1,No Info,8266,15,05,2019,08,45,19,15,10,30
IndiGo,6/05/2019,Banglore,Delhi,BLR → DEL,07:10,10:05,2:55,0,No Info,4823,6,05,2019,07,10,10,05,2,55
Air India,21/05/2019,Delhi,Cochin,DEL → COK,18:05,21:10,3:5,0,No Info,6094,21,05,2019,18,05,21,10,3,5
Jet Airways,24/05/2019,Kolkata,Banglore,CCU → BOM → BLR,21:10,04:40,7:30,1,No Info,14178,24,05,2019,21,10,04,40,7,30
Jet Airways,9/06/2019,Delhi,Cochin,DEL → NAG → BOM → COK,06:45,12:35,29:50,2,No Info,13376,9,06,2019,06,45,12,35,29,50
Air India,24/03/2019,Mumbai,Hyderabad,BOM → HYD,21:05,22:25,1:20,0,No Info,2575,24,03,2019,21,05,22,25,1,20
Vistara,6/03/2019,Mumbai,Hyderabad,BOM → DEL → HYD,07:30,19:55,12:25,1,No Info,12395,6,03,2019,07,30,19,55,12,25
IndiGo,27/03/2019,Delhi,Cochin,DEL → BOM → COK,09:10,21:00,11:50,1,No Info,10351,27,03,2019,09,10,21,00,11,50
Air Asia,21/05/2019,Kolkata,Banglore,CCU → DEL → BLR,07:35,23:30,15:55,1,No Info,5192,21,05,2019,07,35,23,30,15,55
Multiple carriers,15/05/2019,Delhi,Cochin,DEL → BOM → COK,12:50,21:00,8:10,1,No Info,7670,15,05,2019,12,50,21,00,8,10
Air India,18/03/2019,Banglore,New Delhi,BLR → CCU → GAU → DEL,11:05,22:10,35:5,2,No Info,11161,18,03,2019,11,05,22,10,35,5
Jet Airways,24/05/2019,Kolkata,Banglore,CCU → DEL → BLR,20:25,18:00,21:35,1,No Info,14151,24,05,2019,20,25,18,00,21,35
IndiGo,6/05/2019,Kolkata,Banglore,CCU → HYD → BLR,15:15,20:05,4:50,1,No Info,4775,6,05,2019,15,15,20,05,4,50
Air India,6/03/2019,Delhi,Cochin,DEL → HYD → MAA → COK,13:05,09:25,20:20,2,No Info,12865,6,03,2019,13,05,09,25,20,20
Air India,6/03/2019,Mumbai,Hyderabad,BOM → HYD,19:30,20:45,1:15,0,No Info,5462,6,03,2019,19,30,20,45,1,15
SpiceJet,9/03/2019,Delhi,Cochin,DEL → MAA → COK,06:10,11:20,5:10,1,No Info,8382,9,03,2019,06,10,11,20,5,10
Jet Airways,24/04/2019,Banglore,Delhi,BLR → DEL,17:45,20:45,3h,0,In-flight meal not included,4544,24,04,2019,17,45,20,45,3h,
Jet Airways,1/04/2019,Banglore,Delhi,BLR → DEL,15:15,18:10,2:55,0,In-flight meal not included,4544,1,04,2019,15,15,18,10,2,55
Jet Airways,18/05/2019,Kolkata,Banglore,CCU → BOM → BLR,16:30,23:35,7:5,1,No Info,14781,18,05,2019,16,30,23,35,7,5
SpiceJet,27/05/2019,Delhi,Cochin,DEL → PNQ → COK,08:45,13:15,4:30,1,No check-in baggage included,5158,27,05,2019,08,45,13,15,4,30
Jet Airways,21/03/2019,Mumbai,Hyderabad,BOM → HYD,15:50,17:20,1:30,0,No Info,5678,21,03,2019,15,50,17,20,1,30
Jet Airways,9/06/2019,Delhi,Cochin,DEL → JDH → BOM → COK,11:40,19:00,7:20,2,No Info,18804,9,06,2019,11,40,19,00,7,20
IndiGo,3/06/2019,Mumbai,Hyderabad,BOM → HYD,09:10,10:40,1:30,0,No Info,4049,3,06,2019,09,10,10,40,1,30
IndiGo,24/03/2019,Kolkata,Banglore,CCU → BLR,10:10,12:55,2:45,0,No Info,6565,24,03,2019,10,10,12,55,2,45
Jet Airways,18/05/2019,Delhi,Cochin,DEL → BOM → COK,18:15,12:35,18:20,1,In-flight meal not included,12373,18,05,2019,18,15,12,35,18,20
Air India,18/03/2019,Banglore,New Delhi,BLR → DEL,17:00,19:45,2:45,0,No Info,4441,18,03,2019,17,00,19,45,2,45
SpiceJet,18/05/2019,Chennai,Kolkata,MAA → CCU,17:45,20:05,2:20,0,No Info,3597,18,05,2019,17,45,20,05,2,20
Jet Airways,18/06/2019,Mumbai,Hyderabad,BOM → HYD,19:35,21:05,1:30,0,No Info,5678,18,06,2019,19,35,21,05,1,30
Air India,9/03/2019,Delhi,Cochin,DEL → HYD → MAA → COK,09:45,09:25,23:40,2,No Info,10660,9,03,2019,09,45,09,25,23,40
Jet Airways,21/04/2019,Banglore,Delhi,BLR → DEL,06:00,08:45,2:45,0,In-flight meal not included,4544,21,04,2019,06,00,08,45,2,45
IndiGo,24/05/2019,Banglore,Delhi,BLR → DEL,08:30,11:20,2:50,0,No Info,4823,24,05,2019,08,30,11,20,2,50
Air India,9/05/2019,Kolkata,Banglore,CCU → VNS → DEL → BLR,14:30,23:15,8:45,2,No Info,14214,9,05,2019,14,30,23,15,8,45
Jet Airways,1/05/2019,Kolkata,Banglore,CCU → BOM → BLR,08:25,16:20,7:55,1,No Info,14781,1,05,2019,08,25,16,20,7,55
Multiple carriers,1/03/2019,Delhi,Cochin,DEL → BOM → COK,19:00,01:35,6:35,1,No Info,23533,1,03,2019,19,00,01,35,6,35
Jet Airways,9/03/2019,Delhi,Cochin,DEL → BOM → COK,19:15,18:50,23:35,1,In-flight meal not included,14053,9,03,2019,19,15,18,50,23,35
Jet Airways,27/06/2019,Delhi,Cochin,DEL → BOM → COK,21:50,19:00,21:10,1,In-flight meal not included,10262,27,06,2019,21,50,19,00,21,10
IndiGo,21/06/2019,Banglore,Delhi,BLR → DEL,20:00,22:50,2:50,0,No Info,4823,21,06,2019,20,00,22,50,2,50
Air India,18/05/2019,Delhi,Cochin,DEL → BLR → COK,17:40,08:15,14:35,1,No Info,8361,18,05,2019,17,40,08,15,14,35
Air India,9/06/2019,Delhi,Cochin,DEL → NAG → BOM → COK,05:55,19:15,37:20,2,No Info,10493,9,06,2019,05,55,19,15,37,20
Multiple carriers,3/03/2019,Delhi,Cochin,DEL → BOM → COK,07:05,13:20,6:15,1,No Info,17057,3,03,2019,07,05,13,20,6,15
Air India,18/05/2019,Delhi,Cochin,DEL → HYD → BOM → COK,17:15,19:15,26h,2,No Info,12392,18,05,2019,17,15,19,15,26h,
IndiGo,12/06/2019,Delhi,Cochin,DEL → BOM → COK,11:25,01:30,14:5,1,No Info,5883,12,06,2019,11,25,01,30,14,5
Jet Airways,21/05/2019,Delhi,Cochin,DEL → BOM → COK,11:30,19:00,7:30,1,In-flight meal not included,12898,21,05,2019,11,30,19,00,7,30
Jet Airways,21/05/2019,Delhi,Cochin,DEL → BOM → COK,02:15,19:00,16:45,1,No Info,16079,21,05,2019,02,15,19,00,16,45
Multiple carriers,12/06/2019,Delhi,Cochin,DEL → BOM → COK,04:55,12:35,7:40,1,No Info,10678,12,06,2019,04,55,12,35,7,40
Air India,01/03/2019,Banglore,New Delhi,BLR → BOM → IDR → DEL,06:45,11:10,28:25,2,No Info,20999,01,03,2019,06,45,11,10,28,25
IndiGo,21/03/2019,Banglore,New Delhi,BLR → BOM → DEL,19:35,00:35,5h,1,No Info,6575,21,03,2019,19,35,00,35,5h,
Jet Airways,21/05/2019,Delhi,Cochin,DEL → JAI → BOM → COK,19:30,04:25,8:55,2,No Info,15129,21,05,2019,19,30,04,25,8,55
Jet Airways,6/06/2019,Kolkata,Banglore,CCU → BOM → BLR,18:55,18:15,23:20,1,In-flight meal not included,10844,6,06,2019,18,55,18,15,23,20
Air India,03/03/2019,Banglore,New Delhi,BLR → BBI → DEL,09:30,23:45,14:15,1,No Info,11654,03,03,2019,09,30,23,45,14,15
IndiGo,1/04/2019,Kolkata,Banglore,CCU → MAA → BLR,08:10,13:00,4:50,1,No Info,5069,1,04,2019,08,10,13,00,4,50
Air India,1/04/2019,Banglore,Delhi,BLR → DEL,06:10,08:55,2:45,0,No Info,5176,1,04,2019,06,10,08,55,2,45
Jet Airways,9/06/2019,Delhi,Cochin,DEL → IDR → BOM → COK,05:30,04:25,22:55,2,No Info,13292,9,06,2019,05,30,04,25,22,55
IndiGo,6/06/2019,Delhi,Cochin,DEL → BLR → COK,02:00,07:45,5:45,1,No Info,6386,6,06,2019,02,00,07,45,5,45
Jet Airways,21/05/2019,Delhi,Cochin,DEL → AMD → BOM → COK,13:25,19:00,29:35,2,No Info,15129,21,05,2019,13,25,19,00,29,35
Air India,6/03/2019,Kolkata,Banglore,CCU → BLR,20:45,23:20,2:35,0,No Info,4435,6,03,2019,20,45,23,20,2,35
IndiGo,18/05/2019,Banglore,Delhi,BLR → DEL,23:30,02:20,2:50,0,No Info,4591,18,05,2019,23,30,02,20,2,50
Jet Airways,21/03/2019,Banglore,New Delhi,BLR → BOM → DEL,05:45,23:00,17:15,1,In-flight meal not included,7832,21,03,2019,05,45,23,00,17,15
IndiGo,12/04/2019,Kolkata,Banglore,CCU → BLR,04:40,07:15,2:35,0,No Info,4174,12,04,2019,04,40,07,15,2,35
Multiple carriers,27/03/2019,Delhi,Cochin,DEL → BOM → COK,07:00,15:30,8:30,1,No Info,6148,27,03,2019,07,00,15,30,8,30
Multiple carriers,27/05/2019,Delhi,Cochin,DEL → BOM → COK,09:15,19:15,10h,1,No Info,9149,27,05,2019,09,15,19,15,10h,
Multiple carriers,27/03/2019,Delhi,Cochin,DEL → HYD → MAA → COK,13:05,21:20,8:15,2,No Info,6128,27,03,2019,13,05,21,20,8,15
IndiGo,27/03/2019,Delhi,Cochin,DEL → HYD → COK,16:10,22:20,6:10,1,No Info,6412,27,03,2019,16,10,22,20,6,10
Multiple carriers,18/05/2019,Delhi,Cochin,DEL → BOM → COK,08:00,21:00,13h,1,No Info,8073,18,05,2019,08,00,21,00,13h,
Jet Airways,24/06/2019,Delhi,Cochin,DEL → COK,11:00,14:15,3:15,0,In-flight meal not included,4256,24,06,2019,11,00,14,15,3,15
Air India,12/05/2019,Kolkata,Banglore,CCU → DEL → AMD → BLR,10:00,05:25,19:25,2,No Info,14634,12,05,2019,10,00,05,25,19,25
Multiple carriers,21/05/2019,Delhi,Cochin,DEL → BOM → COK,13:00,21:00,8h,1,No Info,14067,21,05,2019,13,00,21,00,8h,
IndiGo,6/05/2019,Kolkata,Banglore,CCU → BLR,15:30,18:05,2:35,0,No Info,4804,6,05,2019,15,30,18,05,2,35
SpiceJet,21/04/2019,Kolkata,Banglore,CCU → BLR,17:10,19:40,2:30,0,No Info,4911,21,04,2019,17,10,19,40,2,30
IndiGo,9/06/2019,Delhi,Cochin,DEL → HYD → COK,16:10,22:30,6:20,1,No Info,6412,9,06,2019,16,10,22,30,6,20
SpiceJet,15/06/2019,Chennai,Kolkata,MAA → CCU,08:20,10:35,2:15,0,No check-in baggage included,3543,15,06,2019,08,20,10,35,2,15
IndiGo,6/06/2019,Chennai,Kolkata,MAA → CCU,11:35,14:00,2:25,0,No Info,3858,6,06,2019,11,35,14,00,2,25
Air India,15/05/2019,Kolkata,Banglore,CCU → BBI → BOM → BLR,12:00,07:55,19:55,2,No Info,9941,15,05,2019,12,00,07,55,19,55
Jet Airways,9/04/2019,Banglore,Delhi,BLR → DEL,08:20,11:20,3h,0,No Info,7229,9,04,2019,08,20,11,20,3h,
GoAir,03/03/2019,Banglore,New Delhi,BLR → GOI → DEL,15:45,20:15,4:30,1,No Info,8352,03,03,2019,15,45,20,15,4,30
Jet Airways,12/05/2019,Kolkata,Banglore,CCU → DEL → BLR,09:35,22:05,12:30,1,No Info,14151,12,05,2019,09,35,22,05,12,30
Multiple carriers,6/06/2019,Delhi,Cochin,DEL → BOM → COK,17:45,01:30,7:45,1,No Info,6795,6,06,2019,17,45,01,30,7,45
IndiGo,3/05/2019,Kolkata,Banglore,CCU → BLR,20:20,22:55,2:35,0,No Info,4804,3,05,2019,20,20,22,55,2,35
Air India,6/06/2019,Delhi,Cochin,DEL → TRV → COK,05:15,06:50,25:35,1,No Info,6587,6,06,2019,05,15,06,50,25,35
GoAir,3/04/2019,Delhi,Cochin,DEL → AMD → COK,07:25,13:35,6:10,1,No Info,4106,3,04,2019,07,25,13,35,6,10
Air India,18/04/2019,Kolkata,Banglore,CCU → BLR,14:15,16:45,2:30,0,No Info,5510,18,04,2019,14,15,16,45,2,30
Jet Airways,9/05/2019,Delhi,Cochin,DEL → JAI → BOM → COK,09:40,19:00,9:20,2,No Info,15129,9,05,2019,09,40,19,00,9,20
Jet Airways,9/05/2019,Delhi,Cochin,DEL → JAI → BOM → COK,09:40,04:25,18:45,2,In-flight meal not included,13029,9,05,2019,09,40,04,25,18,45
IndiGo,15/06/2019,Delhi,Cochin,DEL → MAA → COK,07:15,12:30,5:15,1,No Info,6582,15,06,2019,07,15,12,30,5,15
Multiple carriers,27/06/2019,Delhi,Cochin,DEL → BOM → COK,17:45,01:30,7:45,1,In-flight meal not included,5797,27,06,2019,17,45,01,30,7,45
Jet Airways,12/06/2019,Kolkata,Banglore,CCU → DEL → BLR,20:25,10:55,14:30,1,No Info,12692,12,06,2019,20,25,10,55,14,30
SpiceJet,27/03/2019,Chennai,Kolkata,MAA → CCU,08:20,10:35,2:15,0,No check-in baggage included,3332,27,03,2019,08,20,10,35,2,15
Air India,9/06/2019,Kolkata,Banglore,CCU → BBI → BOM → BLR,12:00,07:55,19:55,2,No Info,10151,9,06,2019,12,00,07,55,19,55
IndiGo,6/04/2019,Delhi,Cochin,DEL → MAA → COK,02:00,07:25,5:25,1,No Info,5046,6,04,2019,02,00,07,25,5,25
Air India,15/06/2019,Delhi,Cochin,DEL → BLR → COK,06:10,23:00,16:50,1,No Info,8907,15,06,2019,06,10,23,00,16,50
Air India,6/05/2019,Banglore,Delhi,BLR → DEL,21:05,23:55,2:50,0,No Info,5228,6,05,2019,21,05,23,55,2,50
IndiGo,3/03/2019,Delhi,Cochin,DEL → LKO → COK,05:35,10:10,4:35,1,No Info,13753,3,03,2019,05,35,10,10,4,35
Jet Airways,09/03/2019,Banglore,New Delhi,BLR → BOM → DEL,08:55,21:20,12:25,1,In-flight meal not included,11087,09,03,2019,08,55,21,20,12,25
Jet Airways,18/05/2019,Kolkata,Banglore,CCU → BOM → BLR,14:05,23:35,9:30,1,No Info,14781,18,05,2019,14,05,23,35,9,30
IndiGo,6/05/2019,Kolkata,Banglore,CCU → BLR,11:30,14:05,2:35,0,No Info,5224,6,05,2019,11,30,14,05,2,35
Jet Airways,6/05/2019,Banglore,Delhi,BLR → DEL,15:15,18:10,2:55,0,In-flight meal not included,3702,6,05,2019,15,15,18,10,2,55
IndiGo,18/03/2019,Mumbai,Hyderabad,BOM → HYD,19:05,20:30,1:25,0,No Info,2754,18,03,2019,19,05,20,30,1,25
Air Asia,24/05/2019,Banglore,Delhi,BLR → DEL,11:10,13:55,2:45,0,No Info,3383,24,05,2019,11,10,13,55,2,45
Air India,15/04/2019,Banglore,Delhi,BLR → DEL,13:20,16:10,2:50,0,No Info,5228,15,04,2019,13,20,16,10,2,50
IndiGo,27/05/2019,Delhi,Cochin,DEL → BOM → COK,20:25,01:30,5:5,1,No Info,5054,27,05,2019,20,25,01,30,5,5
Jet Airways,18/03/2019,Banglore,New Delhi,BLR → BOM → DEL,08:55,19:10,10:15,1,No Info,13555,18,03,2019,08,55,19,10,10,15
Multiple carriers,1/06/2019,Delhi,Cochin,DEL → BOM → COK,17:00,01:30,8:30,1,No Info,7408,1,06,2019,17,00,01,30,8,30
IndiGo,24/05/2019,Kolkata,Banglore,CCU → BLR,14:25,16:55,2:30,0,No Info,5224,24,05,2019,14,25,16,55,2,30
IndiGo,01/03/2019,Banglore,New Delhi,BLR → HYD → DEL,12:10,17:05,4:55,1,No Info,9694,01,03,2019,12,10,17,05,4,55
IndiGo,21/03/2019,Delhi,Cochin,DEL → BOM → COK,17:10,01:35,8:25,1,No Info,7318,21,03,2019,17,10,01,35,8,25
IndiGo,21/05/2019,Delhi,Cochin,DEL → HYD → COK,07:35,12:10,4:35,1,No Info,5054,21,05,2019,07,35,12,10,4,35
Jet Airways,1/05/2019,Banglore,Delhi,BLR → DEL,18:55,22:00,3:5,0,In-flight meal not included,4030,1,05,2019,18,55,22,00,3,5
Jet Airways,06/03/2019,Banglore,New Delhi,BLR → BOM → DEL,08:00,18:25,10:25,1,No Info,16736,06,03,2019,08,00,18,25,10,25
Air India,18/03/2019,Mumbai,Hyderabad,BOM → HYD,19:30,20:45,1:15,0,No Info,2050,18,03,2019,19,30,20,45,1,15
Air India,12/03/2019,Mumbai,Hyderabad,BOM → AMD → ISK → HYD,01:35,14:50,13:15,2,No Info,9977,12,03,2019,01,35,14,50,13,15
Jet Airways,6/06/2019,Delhi,Cochin,DEL → JAI → BOM → COK,05:30,04:25,22:55,2,In-flight meal not included,10368,6,06,2019,05,30,04,25,22,55
IndiGo,9/03/2019,Delhi,Cochin,DEL → AMD → COK,07:45,13:40,5:55,1,No Info,6755,9,03,2019,07,45,13,40,5,55
Jet Airways,15/05/2019,Banglore,Delhi,BLR → DEL,15:15,18:10,2:55,0,In-flight meal not included,3502,15,05,2019,15,15,18,10,2,55
Air India,24/06/2019,Banglore,Delhi,BLR → DEL,10:00,12:45,2:45,0,No Info,6961,24,06,2019,10,00,12,45,2,45
Jet Airways,9/04/2019,Banglore,Delhi,BLR → DEL,15:50,18:45,2:55,0,In-flight meal not included,4544,9,04,2019,15,50,18,45,2,55
SpiceJet,18/05/2019,Kolkata,Banglore,CCU → BLR,14:55,17:25,2:30,0,No check-in baggage included,3841,18,05,2019,14,55,17,25,2,30
Jet Airways,6/03/2019,Mumbai,Hyderabad,BOM → DED → DEL → HYD,14:20,16:50,26:30,2,No Info,24115,6,03,2019,14,20,16,50,26,30
Vistara,24/05/2019,Kolkata,Banglore,CCU → DEL → BLR,07:10,09:05,25:55,1,No Info,9502,24,05,2019,07,10,09,05,25,55
Air India,1/04/2019,Mumbai,Hyderabad,BOM → HYD,06:20,07:40,1:20,0,No Info,3100,1,04,2019,06,20,07,40,1,20
SpiceJet,15/04/2019,Banglore,Delhi,BLR → DEL,05:55,08:35,2:40,0,No check-in baggage included,4319,15,04,2019,05,55,08,35,2,40
IndiGo,1/05/2019,Mumbai,Hyderabad,BOM → HYD,20:05,21:40,1:35,0,No Info,2227,1,05,2019,20,05,21,40,1,35
SpiceJet,24/03/2019,Kolkata,Banglore,CCU → BLR,22:20,00:40,2:20,0,No Info,5831,24,03,2019,22,20,00,40,2,20
IndiGo,9/06/2019,Kolkata,Banglore,CCU → BLR,21:25,00:05,2:40,0,No Info,4804,9,06,2019,21,25,00,05,2,40
IndiGo,6/06/2019,Delhi,Cochin,DEL → HYD → COK,07:35,12:10,4:35,1,No Info,5458,6,06,2019,07,35,12,10,4,35
Jet Airways,9/06/2019,Banglore,Delhi,BLR → DEL,18:55,22:00,3:5,0,In-flight meal not included,7229,9,06,2019,18,55,22,00,3,5
Jet Airways,6/06/2019,Kolkata,Banglore,CCU → BOM → BLR,18:55,10:05,15:10,1,No Info,14571,6,06,2019,18,55,10,05,15,10
SpiceJet,9/06/2019,Banglore,Delhi,BLR → DEL,21:10,00:05,2:55,0,No check-in baggage included,3919,9,06,2019,21,10,00,05,2,55
Multiple carriers,9/03/2019,Delhi,Cochin,DEL → HYD → COK,07:05,16:10,9:5,1,No Info,6916,9,03,2019,07,05,16,10,9,5
Jet Airways,27/03/2019,Delhi,Cochin,DEL → BOM → COK,13:00,04:25,15:25,1,In-flight meal not included,6960,27,03,2019,13,00,04,25,15,25
Jet Airways,06/03/2019,Banglore,New Delhi,BLR → MAA → DEL,09:45,14:25,4:40,1,No Info,16757,06,03,2019,09,45,14,25,4,40
IndiGo,6/03/2019,Delhi,Cochin,DEL → BOM → COK,16:00,01:35,9:35,1,No Info,14871,6,03,2019,16,00,01,35,9,35
IndiGo,12/06/2019,Delhi,Cochin,DEL → HYD → COK,07:35,12:10,4:35,1,No Info,5054,12,06,2019,07,35,12,10,4,35
Air India,3/06/2019,Delhi,Cochin,DEL → LKO → BOM → COK,12:20,19:15,30:55,2,No Info,12488,3,06,2019,12,20,19,15,30,55
IndiGo,15/04/2019,Banglore,Delhi,BLR → DEL,18:25,21:20,2:55,0,No Info,4823,15,04,2019,18,25,21,20,2,55
Air India,9/03/2019,Delhi,Cochin,DEL → BHO → BOM → COK,05:55,19:15,37:20,2,No Info,14483,9,03,2019,05,55,19,15,37,20
Air India,24/06/2019,Delhi,Cochin,DEL → HYD → BOM → COK,17:15,19:15,26h,2,No Info,11989,24,06,2019,17,15,19,15,26h,
Jet Airways,21/05/2019,Delhi,Cochin,DEL → BOM → COK,22:50,19:00,20:10,1,No Info,16079,21,05,2019,22,50,19,00,20,10
Jet Airways,6/05/2019,Kolkata,Banglore,CCU → DEL → BLR,09:35,10:55,25:20,1,No Info,13067,6,05,2019,09,35,10,55,25,20
IndiGo,12/06/2019,Delhi,Cochin,DEL → HYD → COK,05:05,16:10,11:5,1,No Info,6818,12,06,2019,05,05,16,10,11,5
Jet Airways,12/05/2019,Kolkata,Banglore,CCU → BOM → BLR,08:25,08:15,23:50,1,No Info,13941,12,05,2019,08,25,08,15,23,50
Multiple carriers,24/06/2019,Delhi,Cochin,DEL → BOM → COK,09:00,19:00,10h,1,No Info,12927,24,06,2019,09,00,19,00,10h,
IndiGo,15/05/2019,Kolkata,Banglore,CCU → BLR,22:15,00:50,2:35,0,No Info,4804,15,05,2019,22,15,00,50,2,35
Jet Airways,1/04/2019,Delhi,Cochin,DEL → BOM → COK,16:00,12:35,20:35,1,In-flight meal not included,5406,1,04,2019,16,00,12,35,20,35
IndiGo,21/03/2019,Delhi,Cochin,DEL → BOM → COK,10:45,01:35,14:50,1,No Info,7318,21,03,2019,10,45,01,35,14,50
IndiGo,21/03/2019,Chennai,Kolkata,MAA → CCU,07:55,10:15,2:20,0,No Info,3384,21,03,2019,07,55,10,15,2,20
Air Asia,3/06/2019,Delhi,Cochin,DEL → BLR → COK,20:45,06:35,9:50,1,No Info,11410,3,06,2019,20,45,06,35,9,50
Jet Airways,15/03/2019,Banglore,New Delhi,BLR → BOM → DEL,05:45,13:15,7:30,1,In-flight meal not included,9134,15,03,2019,05,45,13,15,7,30
Jet Airways,21/03/2019,Banglore,New Delhi,BLR → BOM → DEL,14:05,21:20,7:15,1,In-flight meal not included,7832,21,03,2019,14,05,21,20,7,15
Jet Airways,06/03/2019,Banglore,New Delhi,BLR → BOM → DEL,08:55,07:40,22:45,1,No Info,14815,06,03,2019,08,55,07,40,22,45
IndiGo,3/06/2019,Banglore,Delhi,BLR → DEL,23:30,02:20,2:50,0,No Info,4591,3,06,2019,23,30,02,20,2,50
Jet Airways,9/05/2019,Delhi,Cochin,DEL → BOM → COK,22:50,19:00,20:10,1,In-flight meal not included,12373,9,05,2019,22,50,19,00,20,10
Air Asia,09/03/2019,Banglore,New Delhi,BLR → DEL,05:50,08:40,2:50,0,No Info,4284,09,03,2019,05,50,08,40,2,50
Jet Airways,18/05/2019,Kolkata,Banglore,CCU → BOM → BLR,05:45,04:40,22:55,1,No Info,13941,18,05,2019,05,45,04,40,22,55
Jet Airways,9/03/2019,Delhi,Cochin,DEL → BOM → COK,17:25,18:50,25:25,1,No Info,16289,9,03,2019,17,25,18,50,25,25
IndiGo,24/06/2019,Delhi,Cochin,DEL → PNQ → COK,23:30,04:35,5:5,1,No Info,9165,24,06,2019,23,30,04,35,5,5
Jet Airways,21/06/2019,Banglore,Delhi,BLR → DEL,06:00,08:45,2:45,0,No Info,8016,21,06,2019,06,00,08,45,2,45
Air Asia,1/04/2019,Kolkata,Banglore,CCU → DEL → BLR,22:40,10:40,12h,1,No Info,5192,1,04,2019,22,40,10,40,12h,
Jet Airways,9/06/2019,Kolkata,Banglore,CCU → BOM → BLR,21:10,08:15,11:5,1,No Info,14939,9,06,2019,21,10,08,15,11,5
Jet Airways,01/03/2019,Banglore,New Delhi,BLR → BOM → DEL,11:40,09:30,21:50,1,No Info,25735,01,03,2019,11,40,09,30,21,50
Multiple carriers,3/06/2019,Delhi,Cochin,DEL → BOM → COK,10:00,19:00,9h,1,No Info,14502,3,06,2019,10,00,19,00,9h,
Jet Airways,12/03/2019,Banglore,New Delhi,BLR → BOM → DEL,22:55,12:25,13:30,1,No Info,13817,12,03,2019,22,55,12,25,13,30
Jet Airways,24/05/2019,Kolkata,Banglore,CCU → DEL → BLR,09:35,18:00,8:25,1,No Info,14151,24,05,2019,09,35,18,00,8,25
Multiple carriers,6/03/2019,Delhi,Cochin,DEL → BOM → COK,10:45,19:15,8:30,1,No Info,15077,6,03,2019,10,45,19,15,8,30
Multiple carriers,12/06/2019,Delhi,Cochin,DEL → BOM → COK,09:00,19:00,10h,1,No Info,12192,12,06,2019,09,00,19,00,10h,
SpiceJet,21/05/2019,Mumbai,Hyderabad,BOM → HYD,13:15,14:45,1:30,0,No check-in baggage included,1965,21,05,2019,13,15,14,45,1,30
IndiGo,18/05/2019,Chennai,Kolkata,MAA → CCU,07:55,10:15,2:20,0,No Info,3850,18,05,2019,07,55,10,15,2,20
IndiGo,1/06/2019,Mumbai,Hyderabad,BOM → HYD,16:55,18:25,1:30,0,No Info,3175,1,06,2019,16,55,18,25,1,30
Jet Airways,21/05/2019,Banglore,Delhi,BLR → DEL,18:55,22:00,3:5,0,No Info,7229,21,05,2019,18,55,22,00,3,5
Jet Airways,27/05/2019,Delhi,Cochin,DEL → BOM → COK,19:15,19:00,23:45,1,No Info,16079,27,05,2019,19,15,19,00,23,45
IndiGo,27/03/2019,Mumbai,Hyderabad,BOM → HYD,09:10,10:40,1:30,0,No Info,4392,27,03,2019,09,10,10,40,1,30
Jet Airways,18/03/2019,Banglore,New Delhi,BLR → BOM → DEL,18:40,00:45,6:5,1,No Info,54826,18,03,2019,18,40,00,45,6,5
Jet Airways,15/06/2019,Delhi,Cochin,DEL → JAI → BOM → COK,09:40,19:00,9:20,2,In-flight meal not included,10368,15,06,2019,09,40,19,00,9,20
Jet Airways,27/05/2019,Delhi,Cochin,DEL → BOM → COK,22:50,19:00,20:10,1,In-flight meal not included,12898,27,05,2019,22,50,19,00,20,10
Air India,1/05/2019,Kolkata,Banglore,CCU → GAU → DEL → BLR,16:45,12:30,19:45,2,No Info,14960,1,05,2019,16,45,12,30,19,45
IndiGo,27/05/2019,Delhi,Cochin,DEL → HYD → COK,08:35,22:30,13:55,1,No Info,6442,27,05,2019,08,35,22,30,13,55
SpiceJet,21/05/2019,Chennai,Kolkata,MAA → CCU,08:20,10:35,2:15,0,No Info,3597,21,05,2019,08,20,10,35,2,15
Jet Airways,6/06/2019,Delhi,Cochin,DEL → JDH → BOM → COK,11:40,19:00,7:20,2,No Info,18804,6,06,2019,11,40,19,00,7,20
Vistara,15/03/2019,Delhi,Cochin,DEL → COK,06:00,09:10,3:10,0,No Info,6111,15,03,2019,06,00,09,10,3,10
IndiGo,9/06/2019,Delhi,Cochin,DEL → COK,21:05,00:20,3:15,0,No Info,6015,9,06,2019,21,05,00,20,3,15
Air India,18/05/2019,Banglore,Delhi,BLR → DEL,13:20,16:10,2:50,0,No Info,6121,18,05,2019,13,20,16,10,2,50
Jet Airways,24/05/2019,Kolkata,Banglore,CCU → GAU → BLR,10:20,17:35,7:15,1,In-flight meal not included,6287,24,05,2019,10,20,17,35,7,15
Jet Airways,9/05/2019,Banglore,Delhi,BLR → DEL,15:15,18:10,2:55,0,No Info,7229,9,05,2019,15,15,18,10,2,55
IndiGo,12/06/2019,Delhi,Cochin,DEL → HYD → COK,08:35,16:10,7:35,1,No Info,6442,12,06,2019,08,35,16,10,7,35
Jet Airways,27/04/2019,Banglore,Delhi,BLR → DEL,15:15,18:10,2:55,0,In-flight meal not included,4544,27,04,2019,15,15,18,10,2,55
Air India,12/06/2019,Kolkata,Banglore,CCU → BOM → COK → BLR,09:25,13:45,28:20,2,No Info,11542,12,06,2019,09,25,13,45,28,20
Jet Airways,21/05/2019,Delhi,Cochin,DEL → BOM → COK,19:45,04:25,8:40,1,No Info,16079,21,05,2019,19,45,04,25,8,40
Multiple carriers,27/03/2019,Delhi,Cochin,DEL → HYD → COK,07:05,16:10,9:5,1,No Info,6076,27,03,2019,07,05,16,10,9,5
Air India,1/04/2019,Kolkata,Banglore,CCU → DEL → COK → BLR,10:00,01:20,15:20,2,No Info,10408,1,04,2019,10,00,01,20,15,20
Air India,27/03/2019,Delhi,Cochin,DEL → NAG → BOM → COK,05:55,19:15,37:20,2,No Info,8446,27,03,2019,05,55,19,15,37,20
GoAir,01/03/2019,Banglore,New Delhi,BLR → DEL,07:45,10:40,2:55,0,No Info,13663,01,03,2019,07,45,10,40,2,55
Air India,15/05/2019,Delhi,Cochin,DEL → BLR → COK,20:30,08:15,11:45,1,No Info,10671,15,05,2019,20,30,08,15,11,45
Air Asia,18/06/2019,Banglore,Delhi,BLR → DEL,23:55,02:45,2:50,0,No Info,3383,18,06,2019,23,55,02,45,2,50
Multiple carriers,9/05/2019,Delhi,Cochin,DEL → BOM → COK,10:20,01:30,15:10,1,No Info,9021,9,05,2019,10,20,01,30,15,10
Multiple carriers,18/05/2019,Delhi,Cochin,DEL → BOM → COK,09:00,19:15,10:15,1,No Info,14533,18,05,2019,09,00,19,15,10,15
Jet Airways,6/06/2019,Delhi,Cochin,DEL → LKO → BOM → COK,11:45,04:25,16:40,2,In-flight meal not included,11992,6,06,2019,11,45,04,25,16,40
IndiGo,12/05/2019,Chennai,Kolkata,MAA → CCU,13:15,15:35,2:20,0,No Info,3597,12,05,2019,13,15,15,35,2,20
IndiGo,9/06/2019,Banglore,Delhi,BLR → DEL,01:30,04:15,2:45,0,No Info,4077,9,06,2019,01,30,04,15,2,45
Multiple carriers,12/06/2019,Delhi,Cochin,DEL → HYD → COK,07:05,16:10,9:5,1,No Info,9646,12,06,2019,07,05,16,10,9,5
SpiceJet,1/04/2019,Kolkata,Banglore,CCU → BLR,22:20,00:40,2:20,0,No Info,3873,1,04,2019,22,20,00,40,2,20
Jet Airways,9/05/2019,Delhi,Cochin,DEL → AMD → BOM → COK,19:10,19:00,23:50,2,No Info,15129,9,05,2019,19,10,19,00,23,50
IndiGo,9/06/2019,Delhi,Cochin,DEL → BOM → COK,17:30,01:30,8h,1,No Info,6104,9,06,2019,17,30,01,30,8h,
Jet Airways,6/03/2019,Delhi,Cochin,DEL → AMD → BOM → COK,19:10,04:25,33:15,2,In-flight meal not included,16022,6,03,2019,19,10,04,25,33,15
Jet Airways,09/03/2019,Banglore,New Delhi,BLR → MAA → DEL,09:45,00:30,14:45,1,In-flight meal not included,10562,09,03,2019,09,45,00,30,14,45
Air India,9/03/2019,Delhi,Cochin,DEL → MAA → COK,06:05,09:25,27:20,1,No Info,10945,9,03,2019,06,05,09,25,27,20
SpiceJet,27/05/2019,Kolkata,Banglore,CCU → BLR,09:00,11:25,2:25,0,No Info,3873,27,05,2019,09,00,11,25,2,25
Jet Airways,27/03/2019,Mumbai,Hyderabad,BOM → HYD,02:55,04:25,1:30,0,In-flight meal not included,1840,27,03,2019,02,55,04,25,1,30
IndiGo,3/03/2019,Delhi,Cochin,DEL → HYD → COK,04:55,12:00,7:5,1,No Info,9585,3,03,2019,04,55,12,00,7,5
Jet Airways,18/05/2019,Mumbai,Hyderabad,BOM → HYD,19:35,21:05,1:30,0,In-flight meal not included,3210,18,05,2019,19,35,21,05,1,30
IndiGo,9/05/2019,Delhi,Cochin,DEL → BLR → COK,15:10,20:00,4:50,1,No Info,6147,9,05,2019,15,10,20,00,4,50
Jet Airways,9/05/2019,Kolkata,Banglore,CCU → DEL → BLR,17:00,23:35,6:35,1,In-flight meal not included,7341,9,05,2019,17,00,23,35,6,35
Air India,21/05/2019,Delhi,Cochin,DEL → BOM → COK,09:00,19:15,10:15,1,No Info,8372,21,05,2019,09,00,19,15,10,15
Multiple carriers,27/06/2019,Delhi,Cochin,DEL → BOM → COK,07:30,19:00,11:30,1,No Info,10877,27,06,2019,07,30,19,00,11,30
Air India,9/05/2019,Delhi,Cochin,DEL → GOI → BOM → COK,22:00,19:15,21:15,2,No Info,10441,9,05,2019,22,00,19,15,21,15
IndiGo,6/03/2019,Delhi,Cochin,DEL → BOM → COK,04:45,21:00,16:15,1,No Info,13611,6,03,2019,04,45,21,00,16,15
Jet Airways,09/03/2019,Banglore,New Delhi,BLR → BOM → DEL,08:55,10:45,25:50,1,In-flight meal not included,11087,09,03,2019,08,55,10,45,25,50
Jet Airways,27/03/2019,Delhi,Cochin,DEL → BOM → COK,19:15,19:45,24:30,1,In-flight meal not included,5963,27,03,2019,19,15,19,45,24,30
IndiGo,24/05/2019,Chennai,Kolkata,MAA → CCU,13:15,15:35,2:20,0,No Info,3597,24,05,2019,13,15,15,35,2,20
Jet Airways,12/06/2019,Kolkata,Banglore,CCU → BOM → BLR,18:55,10:05,15:10,1,In-flight meal not included,8529,12,06,2019,18,55,10,05,15,10
Multiple carriers,12/06/2019,Delhi,Cochin,DEL → BOM → COK,04:55,19:00,14:5,1,No Info,10678,12,06,2019,04,55,19,00,14,5
IndiGo,27/03/2019,Delhi,Cochin,DEL → BOM → COK,08:25,21:00,12:35,1,No Info,8285,27,03,2019,08,25,21,00,12,35
Jet Airways,12/06/2019,Delhi,Cochin,DEL → BOM → COK,02:15,12:35,10:20,1,No Info,18371,12,06,2019,02,15,12,35,10,20
Jet Airways,6/06/2019,Kolkata,Banglore,CCU → DEL → BLR,20:25,09:45,13:20,1,No Info,12692,6,06,2019,20,25,09,45,13,20
IndiGo,24/04/2019,Banglore,Delhi,BLR → DEL,06:05,08:50,2:45,0,No Info,4423,24,04,2019,06,05,08,50,2,45
Jet Airways,9/06/2019,Banglore,Delhi,BLR → DEL,19:50,22:50,3h,0,In-flight meal not included,7229,9,06,2019,19,50,22,50,3h,
IndiGo,03/03/2019,Banglore,New Delhi,BLR → DEL,23:30,02:20,2:50,0,No Info,6144,03,03,2019,23,30,02,20,2,50
Jet Airways,1/06/2019,Delhi,Cochin,DEL → NAG → BOM → COK,06:45,04:25,21:40,2,In-flight meal not included,10919,1,06,2019,06,45,04,25,21,40
IndiGo,27/03/2019,Kolkata,Banglore,CCU → BLR,21:25,00:05,2:40,0,No Info,4148,27,03,2019,21,25,00,05,2,40
SpiceJet,24/03/2019,Banglore,New Delhi,BLR → DEL,20:30,23:20,2:50,0,No check-in baggage included,3873,24,03,2019,20,30,23,20,2,50
Jet Airways,21/03/2019,Delhi,Cochin,DEL → JAI → BOM → COK,09:40,18:50,9:10,2,No Info,11702,21,03,2019,09,40,18,50,9,10
IndiGo,6/03/2019,Delhi,Cochin,DEL → BOM → COK,17:10,01:35,8:25,1,No Info,14871,6,03,2019,17,10,01,35,8,25
Air India,18/03/2019,Banglore,New Delhi,BLR → BOM → IDR → DEL,06:45,11:10,28:25,2,No Info,11234,18,03,2019,06,45,11,10,28,25
IndiGo,6/06/2019,Delhi,Cochin,DEL → HYD → COK,14:20,22:30,8:10,1,No Info,6938,6,06,2019,14,20,22,30,8,10
IndiGo,12/06/2019,Delhi,Cochin,DEL → BOM → COK,08:30,21:00,12:30,1,No Info,6093,12,06,2019,08,30,21,00,12,30
IndiGo,15/05/2019,Banglore,Delhi,BLR → DEL,10:10,13:00,2:50,0,No Info,3943,15,05,2019,10,10,13,00,2,50
Jet Airways,6/06/2019,Mumbai,Hyderabad,BOM → HYD,10:20,11:50,1:30,0,No Info,8040,6,06,2019,10,20,11,50,1,30
Jet Airways,9/05/2019,Delhi,Cochin,DEL → AMD → BOM → COK,23:05,12:35,13:30,2,No Info,15129,9,05,2019,23,05,12,35,13,30
SpiceJet,9/05/2019,Chennai,Kolkata,MAA → CCU,17:45,20:05,2:20,0,No Info,3597,9,05,2019,17,45,20,05,2,20
Vistara,6/05/2019,Kolkata,Banglore,CCU → DEL → BLR,07:10,18:50,11:40,1,No Info,8610,6,05,2019,07,10,18,50,11,40
Jet Airways,1/05/2019,Kolkata,Banglore,CCU → DEL → BLR,17:00,23:35,6:35,1,No Info,13067,1,05,2019,17,00,23,35,6,35
SpiceJet,9/05/2019,Banglore,Delhi,BLR → DEL,09:30,12:20,2:50,0,No Info,4991,9,05,2019,09,30,12,20,2,50
SpiceJet,1/04/2019,Kolkata,Banglore,CCU → MAA → BLR,15:05,20:20,5:15,1,No Info,4649,1,04,2019,15,05,20,20,5,15
SpiceJet,18/05/2019,Chennai,Kolkata,MAA → CCU,08:20,10:35,2:15,0,No Info,3597,18,05,2019,08,20,10,35,2,15
Jet Airways,21/05/2019,Delhi,Cochin,DEL → BOM → COK,08:00,19:00,11h,1,In-flight meal not included,12898,21,05,2019,08,00,19,00,11h,
Jet Airways,27/03/2019,Delhi,Cochin,DEL → IXC → BOM → COK,06:20,19:45,37:25,2,In-flight meal not included,9296,27,03,2019,06,20,19,45,37,25
IndiGo,03/03/2019,Banglore,New Delhi,BLR → DEL,16:55,19:45,2:50,0,No Info,8855,03,03,2019,16,55,19,45,2,50
Jet Airways,6/06/2019,Delhi,Cochin,DEL → BOM → COK,21:50,19:00,21:10,1,In-flight meal not included,10262,6,06,2019,21,50,19,00,21,10
IndiGo,24/06/2019,Banglore,Delhi,BLR → DEL,06:05,08:50,2:45,0,No Info,3943,24,06,2019,06,05,08,50,2,45
Multiple carriers,3/06/2019,Delhi,Cochin,DEL → BOM → COK,12:50,19:15,6:25,1,No Info,9001,3,06,2019,12,50,19,15,6,25
Multiple carriers,18/05/2019,Delhi,Cochin,DEL → BOM → COK,10:20,01:30,15:10,1,No Info,7670,18,05,2019,10,20,01,30,15,10
Multiple carriers,3/06/2019,Delhi,Cochin,DEL → BOM → COK,17:45,01:30,7:45,1,No Info,7530,3,06,2019,17,45,01,30,7,45
IndiGo,1/05/2019,Kolkata,Banglore,CCU → PAT → BLR,09:20,14:15,4:55,1,No Info,8443,1,05,2019,09,20,14,15,4,55
SpiceJet,1/04/2019,Delhi,Cochin,DEL → MAA → COK,06:05,11:20,5:15,1,No Info,5351,1,04,2019,06,05,11,20,5,15
Vistara,21/03/2019,Delhi,Cochin,DEL → COK,06:00,09:10,3:10,0,No Info,6688,21,03,2019,06,00,09,10,3,10
Jet Airways,12/03/2019,Banglore,New Delhi,BLR → BOM → DEL,20:35,19:10,22:35,1,In-flight meal not included,11087,12,03,2019,20,35,19,10,22,35
Air India,15/03/2019,Banglore,New Delhi,BLR → CCU → BBI → DEL,05:50,12:05,30:15,2,No Info,7664,15,03,2019,05,50,12,05,30,15
IndiGo,15/04/2019,Kolkata,Banglore,CCU → HYD → BLR,15:15,20:30,5:15,1,No Info,4775,15,04,2019,15,15,20,30,5,15
GoAir,27/06/2019,Kolkata,Banglore,CCU → BLR,15:20,17:55,2:35,0,No Info,3514,27,06,2019,15,20,17,55,2,35
Jet Airways,24/06/2019,Delhi,Cochin,DEL → NAG → BOM → COK,06:45,04:25,21:40,2,No Info,13376,24,06,2019,06,45,04,25,21,40
Jet Airways,12/06/2019,Delhi,Cochin,DEL → ATQ → BOM → COK,08:10,12:35,28:25,2,No Info,14300,12,06,2019,08,10,12,35,28,25
Air India,27/06/2019,Delhi,Cochin,DEL → MAA → COK,20:40,09:25,12:45,1,No Info,7480,27,06,2019,20,40,09,25,12,45
IndiGo,12/05/2019,Mumbai,Hyderabad,BOM → HYD,21:20,22:50,1:30,0,No Info,2227,12,05,2019,21,20,22,50,1,30
Air Asia,18/05/2019,Delhi,Cochin,DEL → BLR → COK,07:55,22:25,14:30,1,No Info,7452,18,05,2019,07,55,22,25,14,30
Air Asia,24/05/2019,Kolkata,Banglore,CCU → BLR,10:20,12:55,2:35,0,No Info,4409,24,05,2019,10,20,12,55,2,35
Air India,3/04/2019,Kolkata,Banglore,CCU → BBI → HYD → BLR,09:10,11:05,25:55,2,No Info,4647,3,04,2019,09,10,11,05,25,55
SpiceJet,21/03/2019,Chennai,Kolkata,MAA → CCU,09:30,12:05,2:35,0,No check-in baggage included,3332,21,03,2019,09,30,12,05,2,35
Air India,27/03/2019,Delhi,Cochin,DEL → BOM → COK,10:00,19:15,9:15,1,No Info,6902,27,03,2019,10,00,19,15,9,15
Air Asia,6/06/2019,Kolkata,Banglore,CCU → BBI → BLR,19:55,23:30,3:35,1,No Info,6857,6,06,2019,19,55,23,30,3,35
Jet Airways,9/05/2019,Delhi,Cochin,DEL → BOM → COK,19:15,04:25,9:10,1,In-flight meal not included,12373,9,05,2019,19,15,04,25,9,10
Multiple carriers,15/06/2019,Delhi,Cochin,DEL → BOM → COK,11:40,19:00,7:20,1,No Info,11789,15,06,2019,11,40,19,00,7,20
Air India,9/05/2019,Delhi,Cochin,DEL → HYD → BOM → COK,17:15,07:40,14:25,2,No Info,13039,9,05,2019,17,15,07,40,14,25
Jet Airways,12/03/2019,Banglore,New Delhi,BLR → BOM → DEL,22:55,11:25,12:30,1,In-flight meal not included,11087,12,03,2019,22,55,11,25,12,30
Vistara,18/05/2019,Kolkata,Banglore,CCU → DEL → BLR,20:20,23:25,27:5,1,No Info,9345,18,05,2019,20,20,23,25,27,5
SpiceJet,24/06/2019,Mumbai,Hyderabad,BOM → HYD,22:45,00:15,1:30,0,No check-in baggage included,1965,24,06,2019,22,45,00,15,1,30
IndiGo,3/06/2019,Delhi,Cochin,DEL → BOM → COK,07:30,21:00,13:30,1,No Info,6093,3,06,2019,07,30,21,00,13,30
Jet Airways,9/06/2019,Kolkata,Banglore,CCU → BOM → BLR,18:55,08:15,13:20,1,In-flight meal not included,11841,9,06,2019,18,55,08,15,13,20
Jet Airways,9/05/2019,Kolkata,Banglore,CCU → BOM → BLR,21:10,10:05,12:55,1,In-flight meal not included,9663,9,05,2019,21,10,10,05,12,55
Jet Airways,6/06/2019,Delhi,Cochin,DEL → BOM → COK,19:15,19:00,23:45,1,No Info,14714,6,06,2019,19,15,19,00,23,45
Jet Airways,12/06/2019,Kolkata,Banglore,CCU → BOM → BLR,18:55,22:35,27:40,1,In-flight meal not included,8529,12,06,2019,18,55,22,35,27,40
IndiGo,6/04/2019,Delhi,Cochin,DEL → HYD → COK,07:35,12:10,4:35,1,No Info,5073,6,04,2019,07,35,12,10,4,35
Jet Airways,24/04/2019,Banglore,Delhi,BLR → DEL,07:10,10:10,3h,0,No Info,7229,24,04,2019,07,10,10,10,3h,
Air India,6/06/2019,Delhi,Cochin,DEL → BOM → COK,10:00,19:15,9:15,1,No Info,9194,6,06,2019,10,00,19,15,9,15
Multiple carriers,12/06/2019,Delhi,Cochin,DEL → BOM → COK,11:40,19:00,7:20,1,No Info,11789,12,06,2019,11,40,19,00,7,20
SpiceJet,12/06/2019,Mumbai,Hyderabad,BOM → HYD,13:15,14:45,1:30,0,No Info,2017,12,06,2019,13,15,14,45,1,30
Air India,6/06/2019,Kolkata,Banglore,CCU → VNS → DEL → BLR,14:30,12:30,22h,2,No Info,15894,6,06,2019,14,30,12,30,22h,
IndiGo,9/05/2019,Banglore,Delhi,BLR → DEL,01:30,04:15,2:45,0,No Info,3419,9,05,2019,01,30,04,15,2,45
Jet Airways,9/06/2019,Delhi,Cochin,DEL → JAI → BOM → COK,05:30,04:25,22:55,2,In-flight meal not included,10368,9,06,2019,05,30,04,25,22,55
IndiGo,24/04/2019,Delhi,Cochin,DEL → BLR → COK,15:10,20:00,4:50,1,No Info,6027,24,04,2019,15,10,20,00,4,50
Air India,18/05/2019,Delhi,Cochin,DEL → MAA → COK,20:40,09:25,12:45,1,No Info,7480,18,05,2019,20,40,09,25,12,45
SpiceJet,12/06/2019,Kolkata,Banglore,CCU → PNQ → BLR,08:35,17:15,8:40,1,No Info,7189,12,06,2019,08,35,17,15,8,40
Air India,15/03/2019,Banglore,New Delhi,BLR → DEL,10:00,12:45,2:45,0,No Info,7276,15,03,2019,10,00,12,45,2,45
Jet Airways,6/03/2019,Delhi,Cochin,DEL → BOM → COK,11:30,04:25,16:55,1,No Info,15764,6,03,2019,11,30,04,25,16,55
Jet Airways,6/06/2019,Delhi,Cochin,DEL → BOM → COK,19:15,04:25,9:10,1,No Info,14714,6,06,2019,19,15,04,25,9,10
Multiple carriers,21/05/2019,Delhi,Cochin,DEL → BOM → COK,17:00,01:30,8:30,1,No Info,7888,21,05,2019,17,00,01,30,8,30
Jet Airways,6/06/2019,Delhi,Cochin,DEL → BOM → COK,08:00,04:25,20:25,1,In-flight meal not included,10262,6,06,2019,08,00,04,25,20,25
Jet Airways,18/05/2019,Delhi,Cochin,DEL → ATQ → BOM → COK,20:00,04:25,8:25,2,In-flight meal not included,15318,18,05,2019,20,00,04,25,8,25
Jet Airways,1/05/2019,Kolkata,Banglore,CCU → GAU → BLR,10:20,17:35,7:15,1,In-flight meal not included,5608,1,05,2019,10,20,17,35,7,15
Jet Airways,1/04/2019,Kolkata,Banglore,CCU → BOM → BLR,08:25,18:15,9:50,1,No Info,12681,1,04,2019,08,25,18,15,9,50
Air India,6/03/2019,Delhi,Cochin,DEL → HYD → MAA → COK,17:15,09:25,16:10,2,No Info,9417,6,03,2019,17,15,09,25,16,10
Multiple carriers,3/03/2019,Delhi,Cochin,DEL → BOM → COK,07:05,21:00,13:55,1,No Info,17057,3,03,2019,07,05,21,00,13,55
Multiple carriers,27/03/2019,Delhi,Cochin,DEL → BOM → COK,13:00,21:00,8h,1,No Info,12537,27,03,2019,13,00,21,00,8h,
Air India,27/05/2019,Delhi,Cochin,DEL → GOI → BOM → COK,22:00,19:15,21:15,2,No Info,10651,27,05,2019,22,00,19,15,21,15
Vistara,1/06/2019,Delhi,Cochin,DEL → COK,06:00,09:10,3:10,0,No Info,6741,1,06,2019,06,00,09,10,3,10
Jet Airways,24/05/2019,Kolkata,Banglore,CCU → BOM → BLR,20:00,22:35,26:35,1,In-flight meal not included,10844,24,05,2019,20,00,22,35,26,35
Air India,27/05/2019,Delhi,Cochin,DEL → CCU → BOM → COK,14:25,19:15,28:50,2,No Info,13381,27,05,2019,14,25,19,15,28,50
IndiGo,6/04/2019,Banglore,Delhi,BLR → DEL,06:05,08:50,2:45,0,No Info,4423,6,04,2019,06,05,08,50,2,45
Jet Airways,27/05/2019,Mumbai,Hyderabad,BOM → HYD,19:35,21:05,1:30,0,No Info,5678,27,05,2019,19,35,21,05,1,30
Jet Airways,21/05/2019,Delhi,Cochin,DEL → IDR → BOM → COK,09:35,12:35,27h,2,In-flight meal not included,12719,21,05,2019,09,35,12,35,27h,
IndiGo,1/06/2019,Delhi,Cochin,DEL → HYD → COK,07:35,12:10,4:35,1,No Info,5054,1,06,2019,07,35,12,10,4,35
Air India,24/05/2019,Delhi,Cochin,DEL → MAA → COK,09:45,09:25,23:40,1,No Info,7480,24,05,2019,09,45,09,25,23,40
Air India,3/06/2019,Banglore,Delhi,BLR → DEL,17:00,19:45,2:45,0,No Info,6961,3,06,2019,17,00,19,45,2,45
SpiceJet,24/04/2019,Kolkata,Banglore,CCU → BLR,17:10,19:40,2:30,0,No check-in baggage included,3841,24,04,2019,17,10,19,40,2,30
IndiGo,3/06/2019,Banglore,Delhi,BLR → DEL,21:15,00:15,3h,0,No Info,3943,3,06,2019,21,15,00,15,3h,
Jet Airways,3/05/2019,Banglore,Delhi,BLR → DEL,08:20,11:20,3h,0,No Info,7229,3,05,2019,08,20,11,20,3h,
SpiceJet,15/05/2019,Banglore,Delhi,BLR → DEL,09:30,12:20,2:50,0,No check-in baggage included,4319,15,05,2019,09,30,12,20,2,50
IndiGo,24/04/2019,Banglore,Delhi,BLR → DEL,13:00,15:50,2:50,0,No Info,4423,24,04,2019,13,00,15,50,2,50
Jet Airways,21/05/2019,Delhi,Cochin,DEL → BOM → COK,22:50,04:25,5:35,1,No Info,16079,21,05,2019,22,50,04,25,5,35
Jet Airways,21/06/2019,Banglore,Delhi,BLR → DEL,19:50,22:50,3h,0,In-flight meal not included,7754,21,06,2019,19,50,22,50,3h,
Air India,1/06/2019,Delhi,Cochin,DEL → HYD → MAA → COK,13:15,09:25,20:10,2,No Info,10467,1,06,2019,13,15,09,25,20,10
Jet Airways,3/06/2019,Delhi,Cochin,DEL → BOM → COK,17:30,12:35,19:5,1,No Info,14714,3,06,2019,17,30,12,35,19,5
Air India,1/05/2019,Kolkata,Banglore,CCU → GAU → BLR,16:45,21:05,28:20,1,No Info,7452,1,05,2019,16,45,21,05,28,20
Air India,21/05/2019,Delhi,Cochin,DEL → UDR → BOM → COK,13:20,19:15,29:55,2,No Info,13276,21,05,2019,13,20,19,15,29,55
Air India,01/03/2019,Banglore,New Delhi,BLR → BOM → NAG → DEL,08:50,10:35,25:45,2,No Info,31783,01,03,2019,08,50,10,35,25,45
Air India,1/05/2019,Chennai,Kolkata,MAA → CCU,11:40,13:55,2:15,0,No Info,4667,1,05,2019,11,40,13,55,2,15
Jet Airways,15/06/2019,Banglore,Delhi,BLR → DEL,15:15,18:10,2:55,0,In-flight meal not included,7229,15,06,2019,15,15,18,10,2,55
Jet Airways,15/06/2019,Delhi,Cochin,DEL → BDQ → BOM → COK,18:25,12:35,18:10,2,No Info,14237,15,06,2019,18,25,12,35,18,10
Multiple carriers,15/05/2019,Delhi,Cochin,DEL → BOM → COK,10:20,19:15,8:55,1,No Info,8266,15,05,2019,10,20,19,15,8,55
Jet Airways,24/06/2019,Delhi,Cochin,DEL → LKO → BOM → COK,09:25,04:25,19h,2,No Info,13882,24,06,2019,09,25,04,25,19h,
IndiGo,6/05/2019,Banglore,Delhi,BLR → DEL,20:00,22:50,2:50,0,No Info,4823,6,05,2019,20,00,22,50,2,50
Air Asia,24/05/2019,Banglore,Delhi,BLR → DEL,23:55,02:45,2:50,0,No Info,4483,24,05,2019,23,55,02,45,2,50
Air India,12/06/2019,Banglore,Delhi,BLR → DEL,06:10,08:55,2:45,0,No Info,6961,12,06,2019,06,10,08,55,2,45
Jet Airways,12/05/2019,Kolkata,Banglore,CCU → BOM → BLR,18:55,10:05,15:10,1,In-flight meal not included,9663,12,05,2019,18,55,10,05,15,10
Jet Airways,18/05/2019,Delhi,Cochin,DEL → AMD → BOM → COK,23:05,04:25,29:20,2,No Info,16704,18,05,2019,23,05,04,25,29,20
IndiGo,12/05/2019,Mumbai,Hyderabad,BOM → HYD,09:10,10:40,1:30,0,No Info,4049,12,05,2019,09,10,10,40,1,30
SpiceJet,24/03/2019,Chennai,Kolkata,MAA → CCU,08:20,10:35,2:15,0,No check-in baggage included,3807,24,03,2019,08,20,10,35,2,15
IndiGo,9/06/2019,Delhi,Cochin,DEL → HYD → COK,06:50,22:30,15:40,1,No Info,6442,9,06,2019,06,50,22,30,15,40
Jet Airways,15/03/2019,Banglore,New Delhi,BLR → BOM → DEL,07:00,07:40,24:40,1,In-flight meal not included,7832,15,03,2019,07,00,07,40,24,40
IndiGo,24/06/2019,Delhi,Cochin,DEL → HYD → COK,08:35,22:30,13:55,1,No Info,6442,24,06,2019,08,35,22,30,13,55
IndiGo,21/04/2019,Banglore,Delhi,BLR → DEL,20:00,22:50,2:50,0,No Info,4823,21,04,2019,20,00,22,50,2,50
Jet Airways,06/03/2019,Banglore,New Delhi,BLR → BOM → DEL,05:45,05:05,23:20,1,No Info,13555,06,03,2019,05,45,05,05,23,20
GoAir,6/04/2019,Delhi,Cochin,DEL → BOM → COK,10:35,19:35,9h,1,No Info,5135,6,04,2019,10,35,19,35,9h,
Air Asia,15/05/2019,Banglore,Delhi,BLR → DEL,23:55,02:45,2:50,0,No Info,3383,15,05,2019,23,55,02,45,2,50
GoAir,15/06/2019,Delhi,Cochin,DEL → AMD → COK,07:25,13:35,6:10,1,No Info,5842,15,06,2019,07,25,13,35,6,10
Jet Airways,18/05/2019,Delhi,Cochin,DEL → AMD → BOM → COK,13:25,04:25,15h,2,No Info,16704,18,05,2019,13,25,04,25,15h,
Air India,1/05/2019,Kolkata,Banglore,CCU → BOM → BLR,16:50,07:55,15:5,1,No Info,8366,1,05,2019,16,50,07,55,15,5
SpiceJet,9/05/2019,Mumbai,Hyderabad,BOM → HYD,05:45,07:15,1:30,0,No check-in baggage included,1965,9,05,2019,05,45,07,15,1,30
SpiceJet,6/06/2019,Kolkata,Banglore,CCU → BLR,17:10,19:40,2:30,0,No Info,3873,6,06,2019,17,10,19,40,2,30
Jet Airways,01/03/2019,Banglore,New Delhi,BLR → BOM → DEL,08:00,20:20,12:20,1,No Info,27992,01,03,2019,08,00,20,20,12,20
Multiple carriers,6/06/2019,Delhi,Cochin,DEL → BOM → COK,04:55,12:35,7:40,1,No Info,10678,6,06,2019,04,55,12,35,7,40
Air India,21/03/2019,Banglore,New Delhi,BLR → BOM → DEL,08:50,23:15,14:25,1,No Info,6824,21,03,2019,08,50,23,15,14,25
Air India,12/06/2019,Delhi,Cochin,DEL → AMD → BOM → COK,05:00,19:15,38:15,2,No Info,9443,12,06,2019,05,00,19,15,38,15
Multiple carriers,21/03/2019,Delhi,Cochin,DEL → BOM → COK,07:05,19:15,12:10,1,No Info,13378,21,03,2019,07,05,19,15,12,10
IndiGo,1/05/2019,Banglore,Delhi,BLR → DEL,04:00,06:50,2:50,0,No Info,3943,1,05,2019,04,00,06,50,2,50
IndiGo,18/05/2019,Delhi,Cochin,DEL → BOM → COK,11:25,21:00,9:35,1,No Info,7191,18,05,2019,11,25,21,00,9,35
SpiceJet,27/06/2019,Banglore,Delhi,BLR → DEL,05:55,08:35,2:40,0,No Info,3625,27,06,2019,05,55,08,35,2,40
GoAir,27/05/2019,Delhi,Cochin,DEL → AMD → COK,07:25,13:35,6:10,1,No Info,6841,27,05,2019,07,25,13,35,6,10
Jet Airways,24/03/2019,Kolkata,Banglore,CCU → BOM → BLR,16:55,23:25,6:30,1,In-flight meal not included,11134,24,03,2019,16,55,23,25,6,30
Jet Airways,6/06/2019,Kolkata,Banglore,CCU → BOM → BLR,18:55,20:45,25:50,1,No Info,14571,6,06,2019,18,55,20,45,25,50
Air India,01/03/2019,Banglore,New Delhi,BLR → CCU → BBI → HYD → DEL,05:50,12:15,30:25,3,No Info,12346,01,03,2019,05,50,12,15,30,25
Jet Airways,21/04/2019,Banglore,Delhi,BLR → DEL,17:45,20:45,3h,0,In-flight meal not included,4544,21,04,2019,17,45,20,45,3h,
Jet Airways,9/06/2019,Delhi,Cochin,DEL → NAG → BOM → COK,14:35,04:25,13:50,2,No Info,13376,9,06,2019,14,35,04,25,13,50
Jet Airways,12/03/2019,Banglore,New Delhi,BLR → BOM → DEL,18:55,12:25,17:30,1,In-flight meal not included,11087,12,03,2019,18,55,12,25,17,30
SpiceJet,3/03/2019,Kolkata,Banglore,CCU → BLR,09:00,11:30,2:30,0,No Info,5515,3,03,2019,09,00,11,30,2,30
IndiGo,27/06/2019,Kolkata,Banglore,CCU → BLR,04:40,07:15,2:35,0,No Info,4804,27,06,2019,04,40,07,15,2,35
IndiGo,12/06/2019,Chennai,Kolkata,MAA → CCU,13:15,15:35,2:20,0,No Info,3597,12,06,2019,13,15,15,35,2,20
Multiple carriers,6/03/2019,Delhi,Cochin,DEL → BOM → COK,06:00,19:15,13:15,1,No Info,15353,6,03,2019,06,00,19,15,13,15
Jet Airways,12/06/2019,Kolkata,Banglore,CCU → BOM → BLR,06:30,16:20,9:50,1,In-flight meal not included,9899,12,06,2019,06,30,16,20,9,50
IndiGo,24/03/2019,Banglore,New Delhi,BLR → DEL,18:25,21:20,2:55,0,No Info,7303,24,03,2019,18,25,21,20,2,55
Jet Airways,12/03/2019,Banglore,New Delhi,BLR → BOM → DEL,08:55,21:20,12:25,1,No Info,13817,12,03,2019,08,55,21,20,12,25
Jet Airways,6/03/2019,Delhi,Cochin,DEL → AMD → BOM → COK,19:10,19:45,24:35,2,No Info,19329,6,03,2019,19,10,19,45,24,35
Jet Airways,12/06/2019,Delhi,Cochin,DEL → BOM → COK,07:05,12:35,5:30,1,No Info,16289,12,06,2019,07,05,12,35,5,30
Jet Airways,15/05/2019,Kolkata,Banglore,CCU → BOM → BLR,18:55,10:05,15:10,1,In-flight meal not included,9663,15,05,2019,18,55,10,05,15,10
Air India,3/06/2019,Delhi,Cochin,DEL → HYD → MAA → COK,09:45,09:25,23:40,2,No Info,10975,3,06,2019,09,45,09,25,23,40
Air Asia,18/03/2019,Kolkata,Banglore,CCU → BLR,10:20,12:55,2:35,0,No Info,4384,18,03,2019,10,20,12,55,2,35
Jet Airways,12/06/2019,Delhi,Cochin,DEL → BOM → COK,09:00,19:00,10h,1,No Info,14714,12,06,2019,09,00,19,00,10h,
Jet Airways,12/06/2019,Delhi,Cochin,DEL → NAG → BOM → COK,14:35,04:25,13:50,2,In-flight meal not included,10919,12,06,2019,14,35,04,25,13,50
Jet Airways,21/05/2019,Kolkata,Banglore,CCU → BOM → BLR,14:05,04:40,14:35,1,No Info,14388,21,05,2019,14,05,04,40,14,35
Multiple carriers,15/06/2019,Delhi,Cochin,DEL → BOM → COK,11:25,19:00,7:35,1,No Info,10877,15,06,2019,11,25,19,00,7,35
Jet Airways,9/05/2019,Delhi,Cochin,DEL → AMD → BOM → COK,23:05,12:35,13:30,2,No Info,15129,9,05,2019,23,05,12,35,13,30
IndiGo,6/05/2019,Delhi,Cochin,DEL → BOM → COK,07:30,21:00,13:30,1,No Info,7191,6,05,2019,07,30,21,00,13,30
GoAir,1/05/2019,Kolkata,Banglore,CCU → BOM → BLR,23:30,07:45,8:15,1,No Info,6686,1,05,2019,23,30,07,45,8,15
Multiple carriers,3/06/2019,Delhi,Cochin,DEL → BOM → COK,12:50,01:30,12:40,1,No Info,7530,3,06,2019,12,50,01,30,12,40
IndiGo,15/06/2019,Delhi,Cochin,DEL → HYD → COK,07:35,22:30,14:55,1,No Info,6442,15,06,2019,07,35,22,30,14,55
Jet Airways,27/06/2019,Delhi,Cochin,DEL → BOM → COK,09:00,12:35,27:35,1,In-flight meal not included,10262,27,06,2019,09,00,12,35,27,35
Jet Airways,12/03/2019,Banglore,New Delhi,BLR → BOM → DEL,18:55,09:30,14:35,1,No Info,13817,12,03,2019,18,55,09,30,14,35
Jet Airways,12/06/2019,Kolkata,Banglore,CCU → BOM → BLR,14:05,23:35,9:30,1,No Info,13626,12,06,2019,14,05,23,35,9,30
Jet Airways,12/05/2019,Kolkata,Banglore,CCU → BOM → BLR,18:55,10:05,15:10,1,No Info,14388,12,05,2019,18,55,10,05,15,10
IndiGo,27/04/2019,Kolkata,Banglore,CCU → BLR,04:40,07:15,2:35,0,No Info,4804,27,04,2019,04,40,07,15,2,35
IndiGo,21/03/2019,Delhi,Cochin,DEL → COK,14:30,17:35,3:5,0,No Info,5406,21,03,2019,14,30,17,35,3,5
SpiceJet,3/04/2019,Delhi,Cochin,DEL → BLR → COK,17:55,22:50,4:55,1,No Info,4611,3,04,2019,17,55,22,50,4,55
IndiGo,9/06/2019,Kolkata,Banglore,CCU → MAA → BLR,08:10,13:00,4:50,1,No Info,5069,9,06,2019,08,10,13,00,4,50
GoAir,6/06/2019,Banglore,Delhi,BLR → DEL,07:45,10:40,2:55,0,No Info,3898,6,06,2019,07,45,10,40,2,55
IndiGo,6/06/2019,Mumbai,Hyderabad,BOM → HYD,12:00,13:30,1:30,0,No Info,2754,6,06,2019,12,00,13,30,1,30
Multiple carriers,27/05/2019,Delhi,Cochin,DEL → BOM → COK,15:00,01:30,10:30,1,In-flight meal not included,6943,27,05,2019,15,00,01,30,10,30
Jet Airways,18/05/2019,Kolkata,Banglore,CCU → BOM → BLR,05:45,18:15,12:30,1,No Info,14781,18,05,2019,05,45,18,15,12,30
Jet Airways,21/05/2019,Delhi,Cochin,DEL → BOM → COK,13:00,19:00,6h,1,No Info,16079,21,05,2019,13,00,19,00,6h,
IndiGo,15/03/2019,Banglore,New Delhi,BLR → DEL,16:55,19:45,2:50,0,No Info,8033,15,03,2019,16,55,19,45,2,50
IndiGo,09/03/2019,Banglore,New Delhi,BLR → DEL,18:25,21:20,2:55,0,No Info,6860,09,03,2019,18,25,21,20,2,55
Multiple carriers,27/03/2019,Delhi,Cochin,DEL → BOM → COK,11:40,19:15,7:35,1,No Info,6953,27,03,2019,11,40,19,15,7,35
IndiGo,12/05/2019,Banglore,Delhi,BLR → DEL,07:10,10:05,2:55,0,No Info,4823,12,05,2019,07,10,10,05,2,55
IndiGo,9/04/2019,Kolkata,Banglore,CCU → BLR,04:40,07:15,2:35,0,No Info,4174,9,04,2019,04,40,07,15,2,35
Jet Airways,27/06/2019,Delhi,Cochin,DEL → AMD → BOM → COK,13:25,19:00,29:35,2,No Info,12819,27,06,2019,13,25,19,00,29,35
Jet Airways,15/05/2019,Kolkata,Banglore,CCU → BOM → BLR,21:10,04:40,7:30,1,In-flight meal not included,9663,15,05,2019,21,10,04,40,7,30
SpiceJet,3/05/2019,Kolkata,Banglore,CCU → BLR,06:55,09:30,2:35,0,No check-in baggage included,3841,3,05,2019,06,55,09,30,2,35
IndiGo,27/06/2019,Delhi,Cochin,DEL → COK,05:35,08:50,3:15,0,No Info,5000,27,06,2019,05,35,08,50,3,15
Air India,01/03/2019,Banglore,New Delhi,BLR → CCU → GAU → DEL,05:50,22:10,16:20,2,Change airports,13366,01,03,2019,05,50,22,10,16,20
Vistara,6/03/2019,Mumbai,Hyderabad,BOM → DEL → HYD,21:55,16:45,18:50,1,No Info,12395,6,03,2019,21,55,16,45,18,50
Air India,15/05/2019,Kolkata,Banglore,CCU → GAU → BLR,16:45,21:05,28:20,1,No Info,7452,15,05,2019,16,45,21,05,28,20
Jet Airways,18/05/2019,Delhi,Cochin,DEL → BOM → COK,19:45,19:00,23:15,1,No Info,15554,18,05,2019,19,45,19,00,23,15
Jet Airways,6/05/2019,Kolkata,Banglore,CCU → DEL → BLR,17:00,15:05,22:5,1,No Info,13067,6,05,2019,17,00,15,05,22,5
IndiGo,1/03/2019,Kolkata,Banglore,CCU → BLR,15:10,17:45,2:35,0,No Info,6565,1,03,2019,15,10,17,45,2,35
SpiceJet,24/05/2019,Mumbai,Hyderabad,BOM → HYD,05:45,07:15,1:30,0,No check-in baggage included,1965,24,05,2019,05,45,07,15,1,30
SpiceJet,27/03/2019,Chennai,Kolkata,MAA → CCU,09:30,12:05,2:35,0,No check-in baggage included,3332,27,03,2019,09,30,12,05,2,35
IndiGo,21/03/2019,Banglore,New Delhi,BLR → LKO → DEL,05:25,10:10,4:45,1,No Info,6208,21,03,2019,05,25,10,10,4,45
Air India,18/03/2019,Banglore,New Delhi,BLR → GAU → DEL,13:50,18:40,28:50,1,No Info,11161,18,03,2019,13,50,18,40,28,50
Air India,12/06/2019,Kolkata,Banglore,CCU → DEL → COK → BLR,10:00,13:45,27:45,2,No Info,12224,12,06,2019,10,00,13,45,27,45
Jet Airways,1/05/2019,Kolkata,Banglore,CCU → BOM → BLR,18:55,12:00,17:5,1,In-flight meal not included,9663,1,05,2019,18,55,12,00,17,5
Jet Airways,18/03/2019,Banglore,New Delhi,BLR → BOM → DEL,08:55,15:15,6:20,1,No Info,12284,18,03,2019,08,55,15,15,6,20
Air India,27/05/2019,Delhi,Cochin,DEL → MAA → COK,17:20,09:25,16:5,1,No Info,7480,27,05,2019,17,20,09,25,16,5
Jet Airways,6/03/2019,Delhi,Cochin,DEL → BOM → COK,19:15,04:25,9:10,1,No Info,17024,6,03,2019,19,15,04,25,9,10
Jet Airways,6/06/2019,Kolkata,Banglore,CCU → DEL → BLR,20:25,19:10,22:45,1,No Info,14151,6,06,2019,20,25,19,10,22,45
IndiGo,21/06/2019,Kolkata,Banglore,CCU → BLR,17:15,19:50,2:35,0,No Info,4804,21,06,2019,17,15,19,50,2,35
IndiGo,18/05/2019,Delhi,Cochin,DEL → BOM → COK,16:00,21:00,5h,1,No Info,6069,18,05,2019,16,00,21,00,5h,
Vistara,21/03/2019,Banglore,New Delhi,BLR → AMD → DEL,06:40,21:55,15:15,1,No Info,6065,21,03,2019,06,40,21,55,15,15
Jet Airways,18/05/2019,Kolkata,Banglore,CCU → DEL → BLR,20:25,09:45,13:20,1,No Info,14151,18,05,2019,20,25,09,45,13,20
Jet Airways,24/03/2019,Kolkata,Banglore,CCU → BOM → BLR,18:55,12:00,17:5,1,No Info,14231,24,03,2019,18,55,12,00,17,5
Vistara,6/03/2019,Mumbai,Hyderabad,BOM → DEL → HYD,15:40,09:25,17:45,1,No Info,12395,6,03,2019,15,40,09,25,17,45
IndiGo,24/04/2019,Delhi,Cochin,DEL → MAA → COK,02:00,07:25,5:25,1,No Info,5636,24,04,2019,02,00,07,25,5,25
Air India,6/04/2019,Delhi,Cochin,DEL → BLR → COK,17:40,23:00,5:20,1,No Info,5232,6,04,2019,17,40,23,00,5,20
Jet Airways,1/06/2019,Delhi,Cochin,DEL → BOM → COK,14:00,04:25,14:25,1,No Info,14714,1,06,2019,14,00,04,25,14,25
IndiGo,6/05/2019,Chennai,Kolkata,MAA → CCU,07:55,10:15,2:20,0,No Info,3850,6,05,2019,07,55,10,15,2,20
Air India,27/05/2019,Delhi,Cochin,DEL → BLR → COK,17:40,09:35,15:55,1,No Info,7258,27,05,2019,17,40,09,35,15,55
Jet Airways,06/03/2019,Banglore,New Delhi,BLR → BOM → DEL,21:25,20:20,22:55,1,No Info,17471,06,03,2019,21,25,20,20,22,55
SpiceJet,9/05/2019,Banglore,Delhi,BLR → DEL,21:10,00:05,2:55,0,No Info,4423,9,05,2019,21,10,00,05,2,55
IndiGo,18/06/2019,Mumbai,Hyderabad,BOM → HYD,21:20,22:50,1:30,0,No Info,2227,18,06,2019,21,20,22,50,1,30
Multiple carriers,24/06/2019,Delhi,Cochin,DEL → BOM → COK,10:00,01:30,15:30,1,No Info,13377,24,06,2019,10,00,01,30,15,30
Jet Airways,12/06/2019,Banglore,Delhi,BLR → DEL,08:20,11:20,3h,0,No Info,8016,12,06,2019,08,20,11,20,3h,
Air India,09/03/2019,Banglore,New Delhi,BLR → HYD → DEL,06:50,08:50,26h,1,No Info,5626,09,03,2019,06,50,08,50,26h,
IndiGo,21/03/2019,Banglore,New Delhi,BLR → DEL,16:55,19:45,2:50,0,No Info,6860,21,03,2019,16,55,19,45,2,50
IndiGo,1/06/2019,Delhi,Cochin,DEL → BOM → COK,18:35,01:30,6:55,1,No Info,6628,1,06,2019,18,35,01,30,6,55
Jet Airways,6/06/2019,Delhi,Cochin,DEL → BOM → COK,13:00,12:35,23:35,1,In-flight meal not included,11627,6,06,2019,13,00,12,35,23,35
SpiceJet,9/06/2019,Kolkata,Banglore,CCU → BLR,17:10,19:40,2:30,0,No Info,4174,9,06,2019,17,10,19,40,2,30
Jet Airways,1/06/2019,Delhi,Cochin,DEL → BOM → COK,18:15,04:25,10:10,1,No Info,14714,1,06,2019,18,15,04,25,10,10
Jet Airways,12/05/2019,Kolkata,Banglore,CCU → DEL → BLR,09:35,21:05,11:30,1,No Info,14151,12,05,2019,09,35,21,05,11,30
Jet Airways,27/05/2019,Delhi,Cochin,DEL → BOM → COK,16:00,19:00,27h,1,In-flight meal not included,12898,27,05,2019,16,00,19,00,27h,
Jet Airways,18/05/2019,Delhi,Cochin,DEL → BOM → COK,21:50,04:25,6:35,1,In-flight meal not included,12373,18,05,2019,21,50,04,25,6,35
IndiGo,18/06/2019,Banglore,Delhi,BLR → DEL,10:10,13:00,2:50,0,No Info,3943,18,06,2019,10,10,13,00,2,50
Air Asia,9/06/2019,Kolkata,Banglore,CCU → IXR → DEL → BLR,15:10,23:30,8:20,2,No Info,7870,9,06,2019,15,10,23,30,8,20
Jet Airways,18/06/2019,Banglore,Delhi,BLR → DEL,18:55,22:00,3:5,0,No Info,8016,18,06,2019,18,55,22,00,3,5
Air India,15/05/2019,Delhi,Cochin,DEL → HYD → MAA → COK,13:05,09:25,20:20,2,No Info,10975,15,05,2019,13,05,09,25,20,20
IndiGo,27/05/2019,Chennai,Kolkata,MAA → CCU,07:55,10:15,2:20,0,No Info,3850,27,05,2019,07,55,10,15,2,20
IndiGo,18/06/2019,Kolkata,Banglore,CCU → BLR,20:25,23:10,2:45,0,No Info,4804,18,06,2019,20,25,23,10,2,45
Jet Airways,9/03/2019,Delhi,Cochin,DEL → BOM → COK,20:50,04:25,7:35,1,No Info,15554,9,03,2019,20,50,04,25,7,35
SpiceJet,18/03/2019,Kolkata,Banglore,CCU → BLR,06:55,09:35,2:40,0,No Info,4465,18,03,2019,06,55,09,35,2,40
Jet Airways,9/06/2019,Kolkata,Banglore,CCU → BOM → BLR,21:10,10:05,12:55,1,In-flight meal not included,11841,9,06,2019,21,10,10,05,12,55
Multiple carriers,9/03/2019,Delhi,Cochin,DEL → BOM → COK,08:00,19:15,11:15,1,No Info,19332,9,03,2019,08,00,19,15,11,15
SpiceJet,21/06/2019,Kolkata,Banglore,CCU → BLR,17:10,19:40,2:30,0,No check-in baggage included,3841,21,06,2019,17,10,19,40,2,30
IndiGo,12/04/2019,Banglore,Delhi,BLR → DEL,10:10,13:00,2:50,0,No Info,4591,12,04,2019,10,10,13,00,2,50
IndiGo,24/05/2019,Kolkata,Banglore,CCU → HYD → BLR,15:15,20:05,4:50,1,No Info,5192,24,05,2019,15,15,20,05,4,50
Jet Airways,9/06/2019,Delhi,Cochin,DEL → BOM → COK,18:15,12:35,18:20,1,In-flight meal not included,10577,9,06,2019,18,15,12,35,18,20
Jet Airways,18/05/2019,Delhi,Cochin,DEL → JAI → BOM → COK,19:30,04:25,8:55,2,No Info,15129,18,05,2019,19,30,04,25,8,55
Multiple carriers,6/06/2019,Delhi,Cochin,DEL → BOM → COK,06:00,19:00,13h,1,No Info,11789,6,06,2019,06,00,19,00,13h,
Air India,15/06/2019,Delhi,Cochin,DEL → BOM → COK,21:00,07:40,10:40,1,No Info,8372,15,06,2019,21,00,07,40,10,40
Multiple carriers,9/05/2019,Delhi,Cochin,DEL → BOM → COK,06:00,19:15,13:15,1,No Info,8266,9,05,2019,06,00,19,15,13,15
Jet Airways,6/05/2019,Kolkata,Banglore,CCU → BOM → BLR,06:30,19:50,13:20,1,No Info,14781,6,05,2019,06,30,19,50,13,20
Vistara,21/04/2019,Banglore,Delhi,BLR → DEL,17:00,19:35,2:35,0,No Info,5613,21,04,2019,17,00,19,35,2,35
Jet Airways,24/04/2019,Banglore,Delhi,BLR → DEL,15:15,18:10,2:55,0,No Info,7229,24,04,2019,15,15,18,10,2,55
IndiGo,24/06/2019,Delhi,Cochin,DEL → BOM → COK,08:30,21:00,12:30,1,No Info,6093,24,06,2019,08,30,21,00,12,30
Jet Airways,21/05/2019,Delhi,Cochin,DEL → BHO → BOM → COK,05:30,12:35,7:5,2,In-flight meal not included,15544,21,05,2019,05,30,12,35,7,5
GoAir,18/05/2019,Delhi,Cochin,DEL → AMD → COK,07:25,13:35,6:10,1,No Info,6296,18,05,2019,07,25,13,35,6,10
IndiGo,27/04/2019,Kolkata,Banglore,CCU → BLR,09:35,12:20,2:45,0,No Info,4804,27,04,2019,09,35,12,20,2,45
Air Asia,18/03/2019,Banglore,New Delhi,BLR → DEL,05:50,08:40,2:50,0,No Info,4284,18,03,2019,05,50,08,40,2,50
IndiGo,21/03/2019,Delhi,Cochin,DEL → HYD → COK,07:35,22:20,14:45,1,No Info,6558,21,03,2019,07,35,22,20,14,45
IndiGo,24/06/2019,Delhi,Cochin,DEL → LKO → COK,21:50,03:35,5:45,1,No Info,5775,24,06,2019,21,50,03,35,5,45
SpiceJet,21/06/2019,Chennai,Kolkata,MAA → CCU,08:20,10:35,2:15,0,No check-in baggage included,3543,21,06,2019,08,20,10,35,2,15
Jet Airways,6/03/2019,Delhi,Cochin,DEL → BOM → COK,09:55,18:50,8:55,1,No Info,17024,6,03,2019,09,55,18,50,8,55
Jet Airways,9/06/2019,Mumbai,Hyderabad,BOM → HYD,07:05,08:30,1:25,0,In-flight meal not included,4050,9,06,2019,07,05,08,30,1,25
Air India,6/03/2019,Mumbai,Hyderabad,BOM → BHO → DEL → HYD,06:00,15:15,33:15,2,No Info,14219,6,03,2019,06,00,15,15,33,15
Jet Airways,01/03/2019,Banglore,New Delhi,BLR → BOM → DEL,11:40,18:25,6:45,1,No Info,26890,01,03,2019,11,40,18,25,6,45
Air India,15/06/2019,Delhi,Cochin,DEL → AMD → BOM → COK,19:45,19:15,23:30,2,No Info,9653,15,06,2019,19,45,19,15,23,30
IndiGo,21/06/2019,Banglore,Delhi,BLR → DEL,06:05,08:50,2:45,0,No Info,3943,21,06,2019,06,05,08,50,2,45
Jet Airways,18/05/2019,Kolkata,Banglore,CCU → BOM → BLR,14:05,16:20,26:15,1,In-flight meal not included,10844,18,05,2019,14,05,16,20,26,15
Jet Airways,1/04/2019,Kolkata,Banglore,CCU → BOM → BLR,21:10,04:40,7:30,1,In-flight meal not included,8849,1,04,2019,21,10,04,40,7,30
IndiGo,12/06/2019,Mumbai,Hyderabad,BOM → HYD,01:40,03:10,1:30,0,No Info,2754,12,06,2019,01,40,03,10,1,30
Air India,21/03/2019,Delhi,Cochin,DEL → CCU → BOM → COK,06:50,19:15,36:25,2,No Info,10756,21,03,2019,06,50,19,15,36,25
Jet Airways,21/05/2019,Kolkata,Banglore,CCU → DEL → BLR,17:00,21:05,28:5,1,No Info,14151,21,05,2019,17,00,21,05,28,5
Jet Airways,12/06/2019,Kolkata,Banglore,CCU → BOM → BLR,08:25,20:45,12:20,1,In-flight meal not included,9899,12,06,2019,08,25,20,45,12,20
Jet Airways,21/03/2019,Delhi,Cochin,DEL → BOM → COK,22:00,04:25,6:25,1,No Info,12242,21,03,2019,22,00,04,25,6,25
Jet Airways,9/06/2019,Delhi,Cochin,DEL → JAI → BOM → COK,19:30,12:35,17:5,2,In-flight meal not included,10368,9,06,2019,19,30,12,35,17,5
IndiGo,24/05/2019,Mumbai,Hyderabad,BOM → HYD,09:10,10:40,1:30,0,No Info,5755,24,05,2019,09,10,10,40,1,30
Jet Airways,15/06/2019,Delhi,Cochin,DEL → BOM → COK,18:15,04:25,10:10,1,In-flight meal not included,10262,15,06,2019,18,15,04,25,10,10
SpiceJet,6/06/2019,Kolkata,Banglore,CCU → PNQ → BLR,08:35,17:15,8:40,1,No Info,6643,6,06,2019,08,35,17,15,8,40
Multiple carriers Premium economy,21/03/2019,Delhi,Cochin,DEL → BOM → COK,07:30,21:00,13:30,1,No Info,9845,21,03,2019,07,30,21,00,13,30
Jet Airways,24/03/2019,Kolkata,Banglore,CCU → BOM → BLR,18:55,12:00,17:5,1,In-flight meal not included,11134,24,03,2019,18,55,12,00,17,5
SpiceJet,1/06/2019,Delhi,Cochin,DEL → MAA → COK,06:05,11:20,5:15,1,No Info,5583,1,06,2019,06,05,11,20,5,15
IndiGo,15/05/2019,Delhi,Cochin,DEL → BOM → COK,16:00,21:00,5h,1,No Info,6069,15,05,2019,16,00,21,00,5h,
Jet Airways,12/03/2019,Banglore,New Delhi,BLR → BOM → DEL,05:45,20:20,14:35,1,No Info,13817,12,03,2019,05,45,20,20,14,35
Air India,6/03/2019,Delhi,Cochin,DEL → AMD → BOM → COK,05:00,19:15,38:15,2,No Info,10283,6,03,2019,05,00,19,15,38,15
Air India,24/03/2019,Kolkata,Banglore,CCU → GAU → BLR,09:50,21:05,11:15,1,No Info,7795,24,03,2019,09,50,21,05,11,15
Multiple carriers,9/03/2019,Delhi,Cochin,DEL → BOM → COK,00:20,07:40,7:20,1,In-flight meal not included,13977,9,03,2019,00,20,07,40,7,20
Jet Airways,1/06/2019,Delhi,Cochin,DEL → NAG → BOM → COK,06:45,04:25,21:40,2,In-flight meal not included,10919,1,06,2019,06,45,04,25,21,40
IndiGo,3/03/2019,Kolkata,Banglore,CCU → BLR,20:25,23:05,2:40,0,No Info,6038,3,03,2019,20,25,23,05,2,40
IndiGo,21/05/2019,Delhi,Cochin,DEL → COK,05:35,08:50,3:15,0,No Info,5601,21,05,2019,05,35,08,50,3,15
IndiGo,9/03/2019,Delhi,Cochin,DEL → BOM → COK,07:30,21:00,13:30,1,No Info,12351,9,03,2019,07,30,21,00,13,30
Air India,15/04/2019,Delhi,Cochin,DEL → COK,05:10,08:00,2:50,0,No Info,6094,15,04,2019,05,10,08,00,2,50
Multiple carriers,15/05/2019,Delhi,Cochin,DEL → BOM → COK,10:35,19:15,8:40,1,No Info,7575,15,05,2019,10,35,19,15,8,40
Jet Airways,27/05/2019,Delhi,Cochin,DEL → BOM → COK,21:50,04:25,6:35,1,No Info,16079,27,05,2019,21,50,04,25,6,35
Jet Airways,15/06/2019,Delhi,Cochin,DEL → BOM → COK,19:15,19:00,23:45,1,In-flight meal not included,10262,15,06,2019,19,15,19,00,23,45
Air Asia,9/06/2019,Delhi,Cochin,DEL → BLR → COK,16:45,22:25,5:40,1,No Info,13470,9,06,2019,16,45,22,25,5,40
Jet Airways,27/06/2019,Banglore,Delhi,BLR → DEL,11:10,14:05,2:55,0,No Info,8016,27,06,2019,11,10,14,05,2,55
Jet Airways,9/03/2019,Delhi,Cochin,DEL → BOM → COK,18:15,18:50,24:35,1,No Info,16289,9,03,2019,18,15,18,50,24,35
Jet Airways,6/06/2019,Delhi,Cochin,DEL → BOM → COK,19:45,04:25,8:40,1,In-flight meal not included,10262,6,06,2019,19,45,04,25,8,40
IndiGo,27/06/2019,Banglore,Delhi,BLR → DEL,18:25,21:20,2:55,0,No Info,4823,27,06,2019,18,25,21,20,2,55
Vistara,9/04/2019,Banglore,Delhi,BLR → DEL,09:45,12:35,2:50,0,No Info,5403,9,04,2019,09,45,12,35,2,50
Jet Airways,18/05/2019,Delhi,Cochin,DEL → BOM → COK,17:30,19:00,25:30,1,In-flight meal not included,12373,18,05,2019,17,30,19,00,25,30
SpiceJet,6/03/2019,Mumbai,Hyderabad,BOM → JLR → HYD,14:10,22:25,8:15,1,No Info,13552,6,03,2019,14,10,22,25,8,15
Jet Airways,9/05/2019,Kolkata,Banglore,CCU → BOM → BLR,08:25,20:45,12:20,1,In-flight meal not included,10844,9,05,2019,08,25,20,45,12,20
Air India,6/03/2019,Mumbai,Hyderabad,BOM → JDH → DEL → HYD,09:40,23:45,14:5,2,No Info,22619,6,03,2019,09,40,23,45,14,5
Multiple carriers,27/05/2019,Delhi,Cochin,DEL → BOM → COK,10:35,19:15,8:40,1,No Info,8625,27,05,2019,10,35,19,15,8,40
IndiGo,24/03/2019,Banglore,New Delhi,BLR → DEL,06:00,08:45,2:45,0,No Info,4777,24,03,2019,06,00,08,45,2,45
IndiGo,21/06/2019,Delhi,Cochin,DEL → COK,05:35,08:50,3:15,0,No Info,5000,21,06,2019,05,35,08,50,3,15
Jet Airways,6/03/2019,Delhi,Cochin,DEL → AMD → BOM → COK,19:10,19:45,24:35,2,No Info,21954,6,03,2019,19,10,19,45,24,35
Jet Airways,3/06/2019,Delhi,Cochin,DEL → BOM → COK,11:30,04:25,16:55,1,In-flight meal not included,11627,3,06,2019,11,30,04,25,16,55
Jet Airways,24/05/2019,Kolkata,Banglore,CCU → BOM → BLR,14:05,04:40,14:35,1,No Info,13731,24,05,2019,14,05,04,40,14,35
IndiGo,3/04/2019,Banglore,Delhi,BLR → DEL,22:10,01:00,2:50,0,No Info,3943,3,04,2019,22,10,01,00,2,50
Jet Airways,21/03/2019,Banglore,New Delhi,BLR → BOM → DEL,08:55,23:00,14:5,1,In-flight meal not included,6992,21,03,2019,08,55,23,00,14,5
Jet Airways,6/05/2019,Kolkata,Banglore,CCU → BOM → BLR,18:55,04:40,9:45,1,No Info,13941,6,05,2019,18,55,04,40,9,45
Jet Airways,12/06/2019,Delhi,Cochin,DEL → BOM → COK,08:00,19:00,11h,1,No Info,14924,12,06,2019,08,00,19,00,11h,
Jet Airways,27/06/2019,Delhi,Cochin,DEL → BOM → COK,02:15,12:35,10:20,1,No Info,18371,27,06,2019,02,15,12,35,10,20
IndiGo,3/03/2019,Chennai,Kolkata,MAA → CCU,19:35,21:55,2:20,0,No Info,7295,3,03,2019,19,35,21,55,2,20
Air India,09/03/2019,Banglore,New Delhi,BLR → GOI → DEL,17:00,16:40,23:40,1,No Info,9292,09,03,2019,17,00,16,40,23,40
Jet Airways,1/05/2019,Kolkata,Banglore,CCU → BOM → BLR,20:00,08:15,12:15,1,No Info,13941,1,05,2019,20,00,08,15,12,15
IndiGo,24/03/2019,Kolkata,Banglore,CCU → HYD → BLR,04:15,09:50,5:35,1,No Info,4150,24,03,2019,04,15,09,50,5,35
Jet Airways,1/04/2019,Kolkata,Banglore,CCU → BOM → BLR,20:00,23:35,27:35,1,No Info,12681,1,04,2019,20,00,23,35,27,35
IndiGo,3/06/2019,Delhi,Cochin,DEL → COK,05:35,08:50,3:15,0,No Info,5601,3,06,2019,05,35,08,50,3,15
Air India,21/05/2019,Kolkata,Banglore,CCU → GAU → DEL → BLR,09:50,08:55,23:5,2,No Info,14960,21,05,2019,09,50,08,55,23,5
Multiple carriers,6/06/2019,Delhi,Cochin,DEL → BOM → COK,16:00,01:30,9:30,1,No Info,13377,6,06,2019,16,00,01,30,9,30
IndiGo,21/03/2019,Mumbai,Hyderabad,BOM → HYD,12:00,13:25,1:25,0,No Info,3342,21,03,2019,12,00,13,25,1,25
Jet Airways,6/06/2019,Banglore,Delhi,BLR → DEL,11:10,14:05,2:55,0,No Info,8016,6,06,2019,11,10,14,05,2,55
Jet Airways,06/03/2019,Banglore,New Delhi,BLR → BOM → DEL,05:45,23:00,17:15,1,No Info,16736,06,03,2019,05,45,23,00,17,15
Jet Airways,24/03/2019,Kolkata,Banglore,CCU → BOM → BLR,21:10,19:40,22:30,1,In-flight meal not included,10031,24,03,2019,21,10,19,40,22,30
Air India,21/04/2019,Delhi,Cochin,DEL → BLR → COK,20:30,08:15,11:45,1,No Info,7258,21,04,2019,20,30,08,15,11,45
Jet Airways,15/05/2019,Banglore,Delhi,BLR → DEL,06:00,08:45,2:45,0,In-flight meal not included,4030,15,05,2019,06,00,08,45,2,45
Air India,24/06/2019,Delhi,Cochin,DEL → CCU → BOM → COK,14:25,19:15,28:50,2,No Info,13381,24,06,2019,14,25,19,15,28,50
Jet Airways,24/05/2019,Delhi,Cochin,DEL → AMD → BOM → COK,23:05,04:25,29:20,2,No Info,16704,24,05,2019,23,05,04,25,29,20
Multiple carriers,24/06/2019,Delhi,Cochin,DEL → BOM → COK,09:00,21:00,12h,1,No Info,13587,24,06,2019,09,00,21,00,12h,
Jet Airways,24/05/2019,Mumbai,Hyderabad,BOM → HYD,02:55,04:20,1:25,0,No Info,5678,24,05,2019,02,55,04,20,1,25
Jet Airways,1/04/2019,Kolkata,Banglore,CCU → BOM → BLR,06:30,09:20,26:50,1,In-flight meal not included,7064,1,04,2019,06,30,09,20,26,50
IndiGo,3/06/2019,Mumbai,Hyderabad,BOM → HYD,01:40,03:10,1:30,0,No Info,2754,3,06,2019,01,40,03,10,1,30
Vistara,1/05/2019,Banglore,Delhi,BLR → DEL,09:45,12:35,2:50,0,No Info,4668,1,05,2019,09,45,12,35,2,50
Air Asia,21/06/2019,Kolkata,Banglore,CCU → BLR,19:55,22:25,2:30,0,No Info,4107,21,06,2019,19,55,22,25,2,30
IndiGo,12/06/2019,Delhi,Cochin,DEL → BOM → COK,04:55,21:00,16:5,1,No Info,5894,12,06,2019,04,55,21,00,16,5
Jet Airways,6/06/2019,Delhi,Cochin,DEL → BOM → COK,17:30,04:25,10:55,1,In-flight meal not included,10262,6,06,2019,17,30,04,25,10,55
Jet Airways,9/05/2019,Kolkata,Banglore,CCU → BOM → BLR,16:30,08:15,15:45,1,No Info,13941,9,05,2019,16,30,08,15,15,45
Air Asia,27/04/2019,Delhi,Cochin,DEL → BLR → COK,16:45,07:10,14:25,1,No Info,6451,27,04,2019,16,45,07,10,14,25
Air India,27/06/2019,Delhi,Cochin,DEL → HYD → MAA → COK,09:45,09:25,23:40,2,No Info,10975,27,06,2019,09,45,09,25,23,40
Air India,6/03/2019,Delhi,Cochin,DEL → JAI → BOM → COK,12:00,07:40,19:40,2,No Info,14746,6,03,2019,12,00,07,40,19,40
Air Asia,6/06/2019,Delhi,Cochin,DEL → BLR → COK,20:45,07:10,10:25,1,No Info,11410,6,06,2019,20,45,07,10,10,25
SpiceJet,1/05/2019,Kolkata,Banglore,CCU → BLR,06:55,09:30,2:35,0,No check-in baggage included,3841,1,05,2019,06,55,09,30,2,35
Air India,3/06/2019,Delhi,Cochin,DEL → CCU → BOM → COK,06:50,07:40,24:50,2,No Info,13381,3,06,2019,06,50,07,40,24,50
Multiple carriers,9/05/2019,Delhi,Cochin,DEL → BOM → COK,11:30,01:30,14h,1,No Info,15078,9,05,2019,11,30,01,30,14h,
Air India,9/05/2019,Kolkata,Banglore,CCU → BOM → BLR,09:25,18:30,9:5,1,No Info,8891,9,05,2019,09,25,18,30,9,5
Jet Airways,9/05/2019,Kolkata,Banglore,CCU → BOM → BLR,14:05,10:05,20h,1,In-flight meal not included,7757,9,05,2019,14,05,10,05,20h,
Air India,9/04/2019,Banglore,Delhi,BLR → DEL,05:45,08:45,3h,0,No Info,4441,9,04,2019,05,45,08,45,3h,
Jet Airways,24/03/2019,Kolkata,Banglore,CCU → BOM → BLR,19:45,18:10,22:25,1,In-flight meal not included,10031,24,03,2019,19,45,18,10,22,25
IndiGo,12/04/2019,Banglore,Delhi,BLR → DEL,13:00,15:50,2:50,0,No Info,4823,12,04,2019,13,00,15,50,2,50
Air India,24/05/2019,Kolkata,Banglore,CCU → BOM → BLR,09:25,18:30,9:5,1,No Info,8576,24,05,2019,09,25,18,30,9,5
Jet Airways,12/03/2019,Banglore,New Delhi,BLR → BOM → DEL,20:35,16:10,19:35,1,In-flight meal not included,11087,12,03,2019,20,35,16,10,19,35
Jet Airways,18/05/2019,Delhi,Cochin,DEL → BOM → COK,10:00,12:35,26:35,1,In-flight meal not included,12373,18,05,2019,10,00,12,35,26,35
Air India,21/05/2019,Kolkata,Banglore,CCU → BOM → GOI → BLR,09:25,05:35,20:10,2,No Info,11432,21,05,2019,09,25,05,35,20,10
IndiGo,15/06/2019,Mumbai,Hyderabad,BOM → HYD,16:55,18:25,1:30,0,No Info,3175,15,06,2019,16,55,18,25,1,30
IndiGo,12/05/2019,Kolkata,Banglore,CCU → BLR,09:35,12:20,2:45,0,No Info,4804,12,05,2019,09,35,12,20,2,45
Jet Airways,27/06/2019,Delhi,Cochin,DEL → JAI → BOM → COK,09:40,12:35,26:55,2,No Info,13014,27,06,2019,09,40,12,35,26,55
Multiple carriers,6/03/2019,Delhi,Cochin,DEL → HYD → COK,07:10,22:20,15:10,1,In-flight meal not included,7563,6,03,2019,07,10,22,20,15,10
SpiceJet,27/06/2019,Kolkata,Banglore,CCU → BLR,09:00,11:25,2:25,0,No Info,3873,27,06,2019,09,00,11,25,2,25
IndiGo,21/05/2019,Delhi,Cochin,DEL → HYD → COK,11:55,00:55,13h,1,No Info,6282,21,05,2019,11,55,00,55,13h,
Multiple carriers,1/06/2019,Delhi,Cochin,DEL → BOM → COK,08:30,19:00,10:30,1,No Info,11200,1,06,2019,08,30,19,00,10,30
Vistara,24/04/2019,Banglore,Delhi,BLR → DEL,19:30,22:15,2:45,0,No Info,5613,24,04,2019,19,30,22,15,2,45
IndiGo,9/06/2019,Delhi,Cochin,DEL → COK,14:20,17:35,3:15,0,No Info,5601,9,06,2019,14,20,17,35,3,15
Jet Airways,15/06/2019,Delhi,Cochin,DEL → BOM → COK,14:00,12:35,22:35,1,In-flight meal not included,10262,15,06,2019,14,00,12,35,22,35
IndiGo,01/03/2019,Banglore,New Delhi,BLR → DEL,20:00,22:55,2:55,0,No Info,14306,01,03,2019,20,00,22,55,2,55
Jet Airways,1/04/2019,Kolkata,Banglore,CCU → BOM → BLR,20:00,20:45,24:45,1,In-flight meal not included,7064,1,04,2019,20,00,20,45,24,45
Jet Airways,27/06/2019,Delhi,Cochin,DEL → BOM → COK,07:05,19:00,11:55,1,No Info,18371,27,06,2019,07,05,19,00,11,55
Air India,18/05/2019,Delhi,Cochin,DEL → CCU → BOM → COK,20:15,19:15,23h,2,No Info,13591,18,05,2019,20,15,19,15,23h,
Jet Airways,1/06/2019,Delhi,Cochin,DEL → JAI → BOM → COK,09:40,12:35,26:55,2,In-flight meal not included,10368,1,06,2019,09,40,12,35,26,55
Multiple carriers,12/06/2019,Delhi,Cochin,DEL → IXU → BOM → COK,17:50,01:30,7:40,2,No Info,18275,12,06,2019,17,50,01,30,7,40
IndiGo,27/05/2019,Banglore,Delhi,BLR → DEL,22:10,01:00,2:50,0,No Info,3749,27,05,2019,22,10,01,00,2,50
Air Asia,6/06/2019,Kolkata,Banglore,CCU → IXR → DEL → BLR,15:10,23:30,8:20,2,No Info,6810,6,06,2019,15,10,23,30,8,20
Multiple carriers,21/05/2019,Delhi,Cochin,DEL → BOM → COK,11:40,21:00,9:20,1,No Info,7485,21,05,2019,11,40,21,00,9,20
Air India,27/05/2019,Kolkata,Banglore,CCU → BLR,14:15,16:45,2:30,0,No Info,5510,27,05,2019,14,15,16,45,2,30
Jet Airways,3/06/2019,Delhi,Cochin,DEL → BOM → COK,18:15,04:25,10:10,1,In-flight meal not included,10262,3,06,2019,18,15,04,25,10,10
Multiple carriers,24/06/2019,Delhi,Cochin,DEL → HYD → COK,07:10,16:10,9h,1,No Info,6723,24,06,2019,07,10,16,10,9h,
Multiple carriers,21/03/2019,Delhi,Cochin,DEL → BOM → COK,08:00,15:30,7:30,1,No Info,8307,21,03,2019,08,00,15,30,7,30
GoAir,21/04/2019,Delhi,Cochin,DEL → HYD → COK,05:55,13:35,7:40,1,No Info,6146,21,04,2019,05,55,13,35,7,40
Jet Airways,27/05/2019,Delhi,Cochin,DEL → AMD → BOM → COK,13:25,12:35,23:10,2,No Info,15129,27,05,2019,13,25,12,35,23,10
Jet Airways,1/05/2019,Kolkata,Banglore,CCU → BOM → BLR,06:30,12:00,5:30,1,No Info,14388,1,05,2019,06,30,12,00,5,30
Jet Airways,6/04/2019,Banglore,Delhi,BLR → DEL,06:00,08:45,2:45,0,In-flight meal not included,4544,6,04,2019,06,00,08,45,2,45
Jet Airways,12/04/2019,Banglore,Delhi,BLR → DEL,11:10,14:05,2:55,0,In-flight meal not included,5198,12,04,2019,11,10,14,05,2,55
IndiGo,18/05/2019,Delhi,Cochin,DEL → BOM → COK,09:15,01:30,16:15,1,No Info,7503,18,05,2019,09,15,01,30,16,15
GoAir,01/03/2019,Banglore,New Delhi,BLR → GOI → DEL,15:45,20:15,4:30,1,No Info,12314,01,03,2019,15,45,20,15,4,30
Air India,15/05/2019,Delhi,Cochin,DEL → BOM → COK,13:00,19:15,6:15,1,No Info,8372,15,05,2019,13,00,19,15,6,15
Jet Airways,21/05/2019,Kolkata,Banglore,CCU → BOM → BLR,16:30,23:35,7:5,1,No Info,14781,21,05,2019,16,30,23,35,7,5
Jet Airways,24/06/2019,Banglore,Delhi,BLR → DEL,19:50,22:50,3h,0,No Info,8016,24,06,2019,19,50,22,50,3h,
IndiGo,12/03/2019,Chennai,Kolkata,MAA → CCU,07:55,10:15,2:20,0,No Info,6297,12,03,2019,07,55,10,15,2,20
Jet Airways,1/05/2019,Kolkata,Banglore,CCU → BOM → BLR,08:25,09:20,24:55,1,No Info,14388,1,05,2019,08,25,09,20,24,55
GoAir,1/06/2019,Delhi,Cochin,DEL → AMD → COK,07:25,13:35,6:10,1,No Info,6393,1,06,2019,07,25,13,35,6,10
Jet Airways,9/06/2019,Kolkata,Banglore,CCU → BOM → BLR,21:10,10:05,12:55,1,No Info,14939,9,06,2019,21,10,10,05,12,55
Jet Airways,21/05/2019,Kolkata,Banglore,CCU → BOM → BLR,08:25,19:50,11:25,1,No Info,14781,21,05,2019,08,25,19,50,11,25
IndiGo,6/03/2019,Delhi,Cochin,DEL → BOM → COK,07:30,21:00,13:30,1,No Info,14871,6,03,2019,07,30,21,00,13,30
SpiceJet,6/04/2019,Banglore,Delhi,BLR → DEL,09:30,12:20,2:50,0,No check-in baggage included,4319,6,04,2019,09,30,12,20,2,50
Jet Airways,15/05/2019,Kolkata,Banglore,CCU → DEL → BLR,17:00,09:45,16:45,1,No Info,13067,15,05,2019,17,00,09,45,16,45
Jet Airways,01/03/2019,Banglore,New Delhi,BLR → BOM → DEL,16:55,08:15,15:20,1,No Info,26890,01,03,2019,16,55,08,15,15,20
Jet Airways,15/03/2019,Banglore,New Delhi,BLR → BOM → DEL,07:00,13:15,6:15,1,In-flight meal not included,9134,15,03,2019,07,00,13,15,6,15
IndiGo,3/04/2019,Banglore,Delhi,BLR → DEL,21:15,00:15,3h,0,No Info,3943,3,04,2019,21,15,00,15,3h,
Air India,24/06/2019,Delhi,Cochin,DEL → BOM → COK,07:00,19:15,12:15,1,No Info,8879,24,06,2019,07,00,19,15,12,15
Jet Airways,24/05/2019,Kolkata,Banglore,CCU → BOM → BLR,18:55,12:00,17:5,1,No Info,14571,24,05,2019,18,55,12,00,17,5
IndiGo,15/06/2019,Kolkata,Banglore,CCU → BLR,09:35,12:10,2:35,0,No Info,5644,15,06,2019,09,35,12,10,2,35
Jet Airways,9/06/2019,Kolkata,Banglore,CCU → BOM → BLR,06:30,04:40,22:10,1,In-flight meal not included,9663,9,06,2019,06,30,04,40,22,10
Jet Airways,9/06/2019,Kolkata,Banglore,CCU → BOM → BLR,14:05,23:35,9:30,1,No Info,14571,9,06,2019,14,05,23,35,9,30
SpiceJet,9/06/2019,Banglore,Delhi,BLR → DEL,21:10,00:05,2:55,0,No Info,3971,9,06,2019,21,10,00,05,2,55
Jet Airways,6/03/2019,Delhi,Cochin,DEL → BOM → COK,09:00,18:50,9:50,1,No Info,17024,6,03,2019,09,00,18,50,9,50
SpiceJet,15/05/2019,Kolkata,Banglore,CCU → BLR,17:10,19:40,2:30,0,No check-in baggage included,3841,15,05,2019,17,10,19,40,2,30
Jet Airways,27/05/2019,Delhi,Cochin,DEL → BOM → COK,19:45,19:00,23:15,1,In-flight meal not included,12898,27,05,2019,19,45,19,00,23,15
Jet Airways,6/06/2019,Delhi,Cochin,DEL → NAG → BOM → COK,14:35,04:25,13:50,2,No Info,13376,6,06,2019,14,35,04,25,13,50
Jet Airways,15/06/2019,Delhi,Cochin,DEL → IDR → BOM → COK,21:25,12:35,15:10,2,In-flight meal not included,9905,15,06,2019,21,25,12,35,15,10
Multiple carriers,15/06/2019,Delhi,Cochin,DEL → BOM → COK,08:00,21:00,13h,1,No Info,13587,15,06,2019,08,00,21,00,13h,
Multiple carriers,24/06/2019,Delhi,Cochin,DEL → BOM → COK,06:00,21:00,15h,1,No Info,7740,24,06,2019,06,00,21,00,15h,
Multiple carriers,21/05/2019,Delhi,Cochin,DEL → BOM → COK,06:00,12:35,6:35,1,No Info,9794,21,05,2019,06,00,12,35,6,35
Jet Airways,06/03/2019,Banglore,New Delhi,BLR → BOM → DEL,22:50,21:20,22:30,1,No Info,17471,06,03,2019,22,50,21,20,22,30
Jet Airways,9/03/2019,Delhi,Cochin,DEL → IXC → BOM → COK,13:45,04:25,14:40,2,In-flight meal not included,15129,9,03,2019,13,45,04,25,14,40
Jet Airways,1/05/2019,Kolkata,Banglore,CCU → DEL → BLR,09:35,14:25,28:50,1,No Info,11467,1,05,2019,09,35,14,25,28,50
Air India,12/06/2019,Kolkata,Banglore,CCU → MAA → BLR,14:35,14:35,24h,1,No Info,6528,12,06,2019,14,35,14,35,24h,
Multiple carriers,27/06/2019,Delhi,Cochin,DEL → BOM → COK,07:30,19:15,11:45,1,No Info,8266,27,06,2019,07,30,19,15,11,45
IndiGo,6/03/2019,Delhi,Cochin,DEL → HYD → COK,06:40,22:20,15:40,1,No Info,6442,6,03,2019,06,40,22,20,15,40
Jet Airways,12/06/2019,Delhi,Cochin,DEL → BOM → COK,22:50,12:35,13:45,1,In-flight meal not included,10262,12,06,2019,22,50,12,35,13,45
Jet Airways,1/03/2019,Mumbai,Hyderabad,BOM → HYD,07:10,08:35,1:25,0,No Info,17501,1,03,2019,07,10,08,35,1,25
Air India,24/05/2019,Banglore,Delhi,BLR → DEL,06:10,08:55,2:45,0,No Info,8273,24,05,2019,06,10,08,55,2,45
Air India,21/03/2019,Delhi,Cochin,DEL → LKO → BOM → COK,18:30,19:15,24:45,2,No Info,10703,21,03,2019,18,30,19,15,24,45
Multiple carriers,15/06/2019,Delhi,Cochin,DEL → BOM → COK,10:00,01:30,15:30,1,No Info,8510,15,06,2019,10,00,01,30,15,30
IndiGo,15/03/2019,Mumbai,Hyderabad,BOM → HYD,20:05,21:35,1:30,0,No Info,2754,15,03,2019,20,05,21,35,1,30
IndiGo,18/05/2019,Mumbai,Hyderabad,BOM → HYD,21:20,22:50,1:30,0,No Info,2227,18,05,2019,21,20,22,50,1,30
Multiple carriers,27/06/2019,Delhi,Cochin,DEL → IXU → BOM → COK,17:50,01:30,7:40,2,No Info,18275,27,06,2019,17,50,01,30,7,40
SpiceJet,21/04/2019,Delhi,Cochin,DEL → PNQ → COK,08:45,13:15,4:30,1,No check-in baggage included,6356,21,04,2019,08,45,13,15,4,30
Jet Airways,15/05/2019,Kolkata,Banglore,CCU → BOM → BLR,14:05,20:45,6:40,1,No Info,14781,15,05,2019,14,05,20,45,6,40
Jet Airways,27/05/2019,Delhi,Cochin,DEL → JAI → BOM → COK,09:40,12:35,26:55,2,In-flight meal not included,13029,27,05,2019,09,40,12,35,26,55
GoAir,1/05/2019,Banglore,Delhi,BLR → DEL,11:40,14:30,2:50,0,No Info,4340,1,05,2019,11,40,14,30,2,50
Air India,12/06/2019,Kolkata,Banglore,CCU → DEL → COK → BLR,17:30,13:45,20:15,2,No Info,12224,12,06,2019,17,30,13,45,20,15
Jet Airways,24/05/2019,Kolkata,Banglore,CCU → BOM → BLR,16:30,18:15,25:45,1,In-flight meal not included,10844,24,05,2019,16,30,18,15,25,45
IndiGo,15/04/2019,Kolkata,Banglore,CCU → BLR,09:35,12:20,2:45,0,No Info,4174,15,04,2019,09,35,12,20,2,45
Air India,01/03/2019,Banglore,New Delhi,BLR → HYD → VGA → DEL,17:00,22:55,29:55,2,No Info,14887,01,03,2019,17,00,22,55,29,55
Multiple carriers,9/04/2019,Delhi,Cochin,DEL → BOM → COK,09:00,19:15,10:15,1,No Info,12853,9,04,2019,09,00,19,15,10,15
Air Asia,15/05/2019,Banglore,Delhi,BLR → DEL,11:10,13:55,2:45,0,No Info,3383,15,05,2019,11,10,13,55,2,45
GoAir,01/03/2019,Banglore,New Delhi,BLR → DEL,11:40,14:35,2:55,0,No Info,11111,01,03,2019,11,40,14,35,2,55
Jet Airways,1/04/2019,Banglore,Delhi,BLR → DEL,17:45,20:45,3h,0,No Info,7229,1,04,2019,17,45,20,45,3h,
Jet Airways,6/05/2019,Banglore,Delhi,BLR → DEL,17:45,20:45,3h,0,In-flight meal not included,4030,6,05,2019,17,45,20,45,3h,
IndiGo,3/03/2019,Delhi,Cochin,DEL → BOM → COK,15:00,01:35,10:35,1,No Info,14871,3,03,2019,15,00,01,35,10,35
Jet Airways,27/05/2019,Delhi,Cochin,DEL → BOM → COK,19:45,04:25,8:40,1,In-flight meal not included,12898,27,05,2019,19,45,04,25,8,40
Multiple carriers,18/05/2019,Delhi,Cochin,DEL → BOM → COK,11:30,19:15,7:45,1,No Info,14533,18,05,2019,11,30,19,15,7,45
Air India,6/06/2019,Delhi,Cochin,DEL → BLR → COK,17:40,08:15,14:35,1,No Info,7258,6,06,2019,17,40,08,15,14,35
SpiceJet,1/04/2019,Delhi,Cochin,DEL → PNQ → COK,08:45,13:15,4:30,1,No Info,4812,1,04,2019,08,45,13,15,4,30
Jet Airways,9/05/2019,Kolkata,Banglore,CCU → DEL → BLR,09:35,21:05,11:30,1,In-flight meal not included,12384,9,05,2019,09,35,21,05,11,30
Air India,6/06/2019,Delhi,Cochin,DEL → JAI → BOM → COK,12:00,07:40,19:40,2,No Info,8603,6,06,2019,12,00,07,40,19,40
Air India,6/06/2019,Delhi,Cochin,DEL → JAI → BOM → COK,12:00,19:15,7:15,2,No Info,8603,6,06,2019,12,00,19,15,7,15
Jet Airways,24/03/2019,Kolkata,Banglore,CCU → BOM → BLR,13:55,23:25,9:30,1,No Info,14231,24,03,2019,13,55,23,25,9,30
Jet Airways,9/05/2019,Delhi,Cochin,DEL → AMD → BOM → COK,23:05,04:25,29:20,2,No Info,15129,9,05,2019,23,05,04,25,29,20
Air Asia,1/06/2019,Delhi,Cochin,DEL → BLR → COK,20:45,07:10,10:25,1,No Info,11410,1,06,2019,20,45,07,10,10,25
Air India,12/03/2019,Banglore,New Delhi,BLR → BOM → BHO → DEL,08:50,09:25,24:35,2,No Info,12725,12,03,2019,08,50,09,25,24,35
Jet Airways,9/06/2019,Delhi,Cochin,DEL → IDR → BOM → COK,09:35,12:35,27h,2,No Info,13292,9,06,2019,09,35,12,35,27h,
SpiceJet,24/04/2019,Kolkata,Banglore,CCU → BLR,06:55,09:30,2:35,0,No Info,3873,24,04,2019,06,55,09,30,2,35
IndiGo,15/06/2019,Chennai,Kolkata,MAA → CCU,07:55,10:15,2:20,0,No Info,3850,15,06,2019,07,55,10,15,2,20
SpiceJet,9/06/2019,Kolkata,Banglore,CCU → KNU → BLR,11:35,18:50,7:15,1,No Info,8479,9,06,2019,11,35,18,50,7,15
Jet Airways,24/05/2019,Kolkata,Banglore,CCU → DEL → BLR,09:35,23:35,14h,1,No Info,14151,24,05,2019,09,35,23,35,14h,
Air India,24/04/2019,Banglore,Delhi,BLR → DEL,06:10,08:55,2:45,0,No Info,5228,24,04,2019,06,10,08,55,2,45
Vistara,9/06/2019,Kolkata,Banglore,CCU → DEL → BLR,07:10,09:05,25:55,1,No Info,9397,9,06,2019,07,10,09,05,25,55
Jet Airways,18/06/2019,Mumbai,Hyderabad,BOM → HYD,07:05,08:30,1:25,0,In-flight meal not included,4995,18,06,2019,07,05,08,30,1,25
Air India,1/06/2019,Delhi,Cochin,DEL → AMD → BOM → COK,19:45,19:15,23:30,2,No Info,10651,1,06,2019,19,45,19,15,23,30
Air Asia,3/04/2019,Banglore,Delhi,BLR → DEL,04:55,07:45,2:50,0,No Info,4282,3,04,2019,04,55,07,45,2,50
Air India,21/05/2019,Kolkata,Banglore,CCU → JAI → BOM → BLR,08:20,21:50,13:30,2,No Info,10697,21,05,2019,08,20,21,50,13,30
Jet Airways,21/05/2019,Kolkata,Banglore,CCU → DEL → BLR,09:35,14:25,28:50,1,In-flight meal not included,9314,21,05,2019,09,35,14,25,28,50
IndiGo,27/06/2019,Chennai,Kolkata,MAA → CCU,05:15,07:40,2:25,0,No Info,3540,27,06,2019,05,15,07,40,2,25
Air India,12/06/2019,Delhi,Cochin,DEL → AMD → BOM → COK,16:40,19:15,26:35,2,No Info,9443,12,06,2019,16,40,19,15,26,35
Multiple carriers,6/03/2019,Delhi,Cochin,DEL → BOM → COK,07:30,15:30,8h,1,No Info,15147,6,03,2019,07,30,15,30,8h,
Jet Airways,27/06/2019,Banglore,Delhi,BLR → DEL,08:20,11:20,3h,0,No Info,8016,27,06,2019,08,20,11,20,3h,
IndiGo,24/05/2019,Mumbai,Hyderabad,BOM → HYD,21:20,22:50,1:30,0,No Info,2437,24,05,2019,21,20,22,50,1,30
IndiGo,27/05/2019,Delhi,Cochin,DEL → BOM → COK,10:35,01:30,14:55,1,No Info,6104,27,05,2019,10,35,01,30,14,55
SpiceJet,6/06/2019,Mumbai,Hyderabad,BOM → HYD,22:45,00:15,1:30,0,No check-in baggage included,1965,6,06,2019,22,45,00,15,1,30
Multiple carriers,12/06/2019,Delhi,Cochin,DEL → BOM → COK,13:00,21:00,8h,1,No Info,7408,12,06,2019,13,00,21,00,8h,
IndiGo,18/06/2019,Mumbai,Hyderabad,BOM → HYD,06:25,07:55,1:30,0,No Info,4049,18,06,2019,06,25,07,55,1,30
Jet Airways,1/06/2019,Banglore,Delhi,BLR → DEL,19:50,22:50,3h,0,No Info,8016,1,06,2019,19,50,22,50,3h,
Multiple carriers,9/05/2019,Delhi,Cochin,DEL → BOM → COK,07:00,19:00,12h,1,No Info,10197,9,05,2019,07,00,19,00,12h,
Jet Airways,1/05/2019,Kolkata,Banglore,CCU → BOM → BLR,21:10,08:15,11:5,1,In-flight meal not included,10844,1,05,2019,21,10,08,15,11,5
Jet Airways,9/06/2019,Kolkata,Banglore,CCU → DEL → BLR,17:00,19:10,26:10,1,No Info,12692,9,06,2019,17,00,19,10,26,10
Jet Airways,6/05/2019,Kolkata,Banglore,CCU → BOM → BLR,08:25,16:20,7:55,1,No Info,14781,6,05,2019,08,25,16,20,7,55
GoAir,24/05/2019,Kolkata,Banglore,CCU → BOM → BLR,23:30,07:45,8:15,1,No Info,7335,24,05,2019,23,30,07,45,8,15
Jet Airways,27/05/2019,Banglore,Delhi,BLR → DEL,08:20,11:20,3h,0,No Info,7229,27,05,2019,08,20,11,20,3h,
Vistara,24/03/2019,Banglore,New Delhi,BLR → DEL,21:10,00:05,2:55,0,No Info,4353,24,03,2019,21,10,00,05,2,55
Jet Airways,18/05/2019,Kolkata,Banglore,CCU → BOM → BLR,20:00,08:15,12:15,1,No Info,13941,18,05,2019,20,00,08,15,12,15
Jet Airways,12/03/2019,Banglore,New Delhi,BLR → MAA → DEL,09:45,14:25,4:40,1,No Info,12295,12,03,2019,09,45,14,25,4,40
Jet Airways,27/05/2019,Delhi,Cochin,DEL → BOM → COK,22:50,12:35,13:45,1,In-flight meal not included,12898,27,05,2019,22,50,12,35,13,45
Vistara,9/05/2019,Kolkata,Banglore,CCU → DEL → BLR,07:10,22:40,15:30,1,No Info,7927,9,05,2019,07,10,22,40,15,30
Air Asia,15/04/2019,Banglore,Delhi,BLR → DEL,23:55,02:45,2:50,0,No Info,4483,15,04,2019,23,55,02,45,2,50
Jet Airways,06/03/2019,Banglore,New Delhi,BLR → BOM → DEL,11:40,18:25,6:45,1,No Info,19225,06,03,2019,11,40,18,25,6,45
GoAir,24/04/2019,Delhi,Cochin,DEL → AMD → COK,07:25,13:35,6:10,1,No Info,4692,24,04,2019,07,25,13,35,6,10
Jet Airways,18/03/2019,Banglore,New Delhi,BLR → BOM → DEL,21:25,09:30,12:5,1,No Info,13555,18,03,2019,21,25,09,30,12,5
IndiGo,9/04/2019,Delhi,Cochin,DEL → BOM → COK,15:00,01:30,10:30,1,No Info,6270,9,04,2019,15,00,01,30,10,30
Jet Airways,6/05/2019,Kolkata,Banglore,CCU → BOM → BLR,18:55,16:20,21:25,1,No Info,13584,6,05,2019,18,55,16,20,21,25
Jet Airways,21/03/2019,Delhi,Cochin,DEL → MAA → BOM → COK,16:10,18:50,26:40,2,No Info,13180,21,03,2019,16,10,18,50,26,40
Jet Airways,12/05/2019,Kolkata,Banglore,CCU → DEL → BLR,20:25,18:00,21:35,1,No Info,14151,12,05,2019,20,25,18,00,21,35
Vistara,12/05/2019,Delhi,Cochin,DEL → COK,06:00,09:10,3:10,0,No Info,6216,12,05,2019,06,00,09,10,3,10
Multiple carriers,3/03/2019,Delhi,Cochin,DEL → BOM → COK,07:30,18:50,11:20,1,No Info,15135,3,03,2019,07,30,18,50,11,20
Multiple carriers,6/03/2019,Delhi,Cochin,DEL → BOM → COK,11:30,21:00,9:30,1,In-flight meal not included,15136,6,03,2019,11,30,21,00,9,30
Jet Airways,27/06/2019,Delhi,Cochin,DEL → BOM → COK,02:15,19:00,16:45,1,In-flight meal not included,10262,27,06,2019,02,15,19,00,16,45
Jet Airways,18/05/2019,Kolkata,Banglore,CCU → DEL → BLR,09:35,22:05,12:30,1,In-flight meal not included,12384,18,05,2019,09,35,22,05,12,30
Jet Airways,1/04/2019,Kolkata,Banglore,CCU → DEL → BLR,09:35,19:10,9:35,1,In-flight meal not included,9314,1,04,2019,09,35,19,10,9,35
Jet Airways,6/05/2019,Kolkata,Banglore,CCU → DEL → BLR,17:00,18:00,25h,1,In-flight meal not included,9314,6,05,2019,17,00,18,00,25h,
Air India,1/06/2019,Delhi,Cochin,DEL → BOM → COK,09:00,19:15,10:15,1,No Info,10454,1,06,2019,09,00,19,15,10,15
Air India,18/05/2019,Delhi,Cochin,DEL → BOM → COK,23:00,07:40,8:40,1,No Info,8372,18,05,2019,23,00,07,40,8,40
Jet Airways,9/03/2019,Delhi,Cochin,DEL → BOM → COK,19:45,04:25,8:40,1,In-flight meal not included,11848,9,03,2019,19,45,04,25,8,40
IndiGo,1/06/2019,Delhi,Cochin,DEL → BOM → COK,08:30,21:00,12:30,1,No Info,6416,1,06,2019,08,30,21,00,12,30
IndiGo,1/04/2019,Mumbai,Hyderabad,BOM → HYD,09:10,10:40,1:30,0,No Info,3342,1,04,2019,09,10,10,40,1,30
Jet Airways,6/06/2019,Kolkata,Banglore,CCU → BOM → PNQ → BLR,06:30,07:25,24:55,2,In-flight meal not included,10118,6,06,2019,06,30,07,25,24,55
Air India,12/06/2019,Kolkata,Banglore,CCU → GAU → DEL → BLR,16:45,12:30,19:45,2,No Info,14960,12,06,2019,16,45,12,30,19,45
IndiGo,15/06/2019,Delhi,Cochin,DEL → HYD → COK,05:05,16:10,11:5,1,No Info,6818,15,06,2019,05,05,16,10,11,5
Air India,12/06/2019,Kolkata,Banglore,CCU → BLR,14:15,16:45,2:30,0,No Info,5510,12,06,2019,14,15,16,45,2,30
Jet Airways,21/05/2019,Kolkata,Banglore,CCU → BOM → BLR,06:30,09:20,26:50,1,No Info,14388,21,05,2019,06,30,09,20,26,50
Multiple carriers,3/06/2019,Delhi,Cochin,DEL → HYD → COK,14:55,22:30,7:35,1,No Info,7038,3,06,2019,14,55,22,30,7,35
Multiple carriers,9/05/2019,Delhi,Cochin,DEL → BOM → COK,08:45,19:15,10:30,1,No Info,8266,9,05,2019,08,45,19,15,10,30
Jet Airways,27/06/2019,Delhi,Cochin,DEL → ATQ → BOM → COK,18:20,19:00,24:40,2,No Info,14300,27,06,2019,18,20,19,00,24,40
Air India,9/05/2019,Kolkata,Banglore,CCU → BOM → BLR,09:25,07:55,22:30,1,No Info,8366,9,05,2019,09,25,07,55,22,30
Jet Airways,06/03/2019,Banglore,New Delhi,BLR → BOM → DEL,22:50,10:25,11:35,1,No Info,17261,06,03,2019,22,50,10,25,11,35
Vistara,6/06/2019,Kolkata,Banglore,CCU → DEL → BLR,07:10,09:05,25:55,1,No Info,8452,6,06,2019,07,10,09,05,25,55
IndiGo,1/04/2019,Kolkata,Banglore,CCU → GAU → BLR,15:10,20:30,5:20,1,No Info,8567,1,04,2019,15,10,20,30,5,20
Multiple carriers,15/06/2019,Delhi,Cochin,DEL → HYD → COK,07:05,22:30,15:25,1,No Info,9646,15,06,2019,07,05,22,30,15,25
Air India,9/04/2019,Delhi,Cochin,DEL → GOI → BOM → COK,22:00,19:15,21:15,2,No Info,8341,9,04,2019,22,00,19,15,21,15
Jet Airways,9/05/2019,Delhi,Cochin,DEL → BOM → COK,17:30,19:00,25:30,1,In-flight meal not included,12373,9,05,2019,17,30,19,00,25,30
SpiceJet,21/06/2019,Chennai,Kolkata,MAA → CCU,17:45,20:05,2:20,0,No check-in baggage included,3543,21,06,2019,17,45,20,05,2,20
Jet Airways,9/06/2019,Kolkata,Banglore,CCU → DEL → BLR,17:00,23:35,6:35,1,In-flight meal not included,13994,9,06,2019,17,00,23,35,6,35
IndiGo,24/03/2019,Banglore,New Delhi,BLR → DEL,04:00,06:50,2:50,0,No Info,4777,24,03,2019,04,00,06,50,2,50
Multiple carriers,1/06/2019,Delhi,Cochin,DEL → HYD → COK,14:55,22:30,7:35,1,No Info,7038,1,06,2019,14,55,22,30,7,35
IndiGo,3/04/2019,Mumbai,Hyderabad,BOM → HYD,16:55,18:25,1:30,0,No Info,3175,3,04,2019,16,55,18,25,1,30
Multiple carriers,9/06/2019,Delhi,Cochin,DEL → BOM → COK,10:00,21:00,11h,1,No Info,7408,9,06,2019,10,00,21,00,11h,
IndiGo,15/06/2019,Banglore,Delhi,BLR → DEL,21:15,00:15,3h,0,No Info,3943,15,06,2019,21,15,00,15,3h,
Jet Airways,6/03/2019,Delhi,Cochin,DEL → BOM → COK,08:00,04:25,20:25,1,No Info,15974,6,03,2019,08,00,04,25,20,25
SpiceJet,27/05/2019,Kolkata,Banglore,CCU → BLR,06:55,09:30,2:35,0,No Info,3873,27,05,2019,06,55,09,30,2,35
IndiGo,15/04/2019,Banglore,Delhi,BLR → DEL,10:10,13:00,2:50,0,No Info,4423,15,04,2019,10,10,13,00,2,50
Jet Airways,27/05/2019,Delhi,Cochin,DEL → JAI → BOM → COK,09:40,04:25,18:45,2,No Info,15129,27,05,2019,09,40,04,25,18,45
IndiGo,21/03/2019,Delhi,Cochin,DEL → BOM → COK,08:25,21:00,12:35,1,No Info,8285,21,03,2019,08,25,21,00,12,35
Air India,6/06/2019,Mumbai,Hyderabad,BOM → HYD,06:20,07:40,1:20,0,No Info,3100,6,06,2019,06,20,07,40,1,20
Air India,01/03/2019,Banglore,New Delhi,BLR → BOM → BHO → DEL,08:50,09:25,24:35,2,No Info,25430,01,03,2019,08,50,09,25,24,35
SpiceJet,18/03/2019,Mumbai,Hyderabad,BOM → HYD,13:10,14:30,1:20,0,No check-in baggage included,2385,18,03,2019,13,10,14,30,1,20
Jet Airways,6/06/2019,Kolkata,Banglore,CCU → GAU → BLR,10:20,17:35,7:15,1,No Info,11316,6,06,2019,10,20,17,35,7,15
Jet Airways,15/06/2019,Delhi,Cochin,DEL → BOM → COK,02:15,19:00,16:45,1,In-flight meal not included,10262,15,06,2019,02,15,19,00,16,45
Air India,24/05/2019,Kolkata,Banglore,CCU → IXR → BBI → BLR,05:50,13:15,7:25,2,No Info,7662,24,05,2019,05,50,13,15,7,25
Jet Airways,24/03/2019,Kolkata,Banglore,CCU → BOM → BLR,16:55,19:40,26:45,1,No Info,14231,24,03,2019,16,55,19,40,26,45
IndiGo,9/06/2019,Delhi,Cochin,DEL → BOM → COK,09:15,21:00,11:45,1,No Info,6838,9,06,2019,09,15,21,00,11,45
Jet Airways,15/06/2019,Delhi,Cochin,DEL → NAG → BOM → COK,06:45,04:25,21:40,2,No Info,13376,15,06,2019,06,45,04,25,21,40
Jet Airways,24/06/2019,Delhi,Cochin,DEL → BOM → COK,15:00,19:00,28h,1,In-flight meal not included,10262,24,06,2019,15,00,19,00,28h,
IndiGo,27/03/2019,Delhi,Cochin,DEL → BOM → COK,07:30,15:30,8h,1,No Info,8574,27,03,2019,07,30,15,30,8h,
Jet Airways,09/03/2019,Banglore,New Delhi,BLR → BOM → DEL,21:25,07:40,10:15,1,In-flight meal not included,7832,09,03,2019,21,25,07,40,10,15
Multiple carriers,24/06/2019,Delhi,Cochin,DEL → BOM → COK,03:50,19:00,15:10,1,No Info,12192,24,06,2019,03,50,19,00,15,10
Jet Airways,15/06/2019,Mumbai,Hyderabad,BOM → HYD,10:20,11:50,1:30,0,In-flight meal not included,4050,15,06,2019,10,20,11,50,1,30
GoAir,12/04/2019,Banglore,Delhi,BLR → DEL,07:45,10:40,2:55,0,No Info,6722,12,04,2019,07,45,10,40,2,55
Jet Airways,9/06/2019,Kolkata,Banglore,CCU → BOM → BLR,20:00,16:20,20:20,1,In-flight meal not included,10844,9,06,2019,20,00,16,20,20,20
Multiple carriers,15/06/2019,Delhi,Cochin,DEL → BOM → COK,07:00,21:00,14h,1,No Info,7408,15,06,2019,07,00,21,00,14h,
Jet Airways,21/03/2019,Delhi,Cochin,DEL → BOM → COK,20:50,04:25,7:35,1,No Info,14189,21,03,2019,20,50,04,25,7,35
SpiceJet,24/05/2019,Kolkata,Banglore,CCU → BLR,17:10,19:40,2:30,0,No check-in baggage included,3841,24,05,2019,17,10,19,40,2,30
Jet Airways,9/05/2019,Kolkata,Banglore,CCU → BOM → BLR,14:05,04:40,14:35,1,In-flight meal not included,8586,9,05,2019,14,05,04,40,14,35
Multiple carriers,27/06/2019,Delhi,Cochin,DEL → BOM → COK,10:35,19:15,8:40,1,No Info,7155,27,06,2019,10,35,19,15,8,40
Jet Airways,12/06/2019,Kolkata,Banglore,CCU → BOM → BLR,08:25,18:15,9:50,1,In-flight meal not included,9899,12,06,2019,08,25,18,15,9,50
Jet Airways,6/06/2019,Kolkata,Banglore,CCU → BOM → BLR,08:25,19:50,11:25,1,No Info,14571,6,06,2019,08,25,19,50,11,25
IndiGo,18/05/2019,Banglore,Delhi,BLR → DEL,18:55,21:50,2:55,0,No Info,4823,18,05,2019,18,55,21,50,2,55
Jet Airways,9/05/2019,Banglore,Delhi,BLR → DEL,08:20,11:20,3h,0,In-flight meal not included,4544,9,05,2019,08,20,11,20,3h,
Air India,01/03/2019,Banglore,New Delhi,BLR → AMD → DEL,00:30,20:30,20h,1,1 Long layover,14752,01,03,2019,00,30,20,30,20h,
Air India,9/05/2019,Kolkata,Banglore,CCU → BOM → COK → BLR,09:25,13:45,28:20,2,No Info,11542,9,05,2019,09,25,13,45,28,20
Jet Airways,21/05/2019,Delhi,Cochin,DEL → COK,09:50,13:05,3:15,0,In-flight meal not included,7202,21,05,2019,09,50,13,05,3,15
Multiple carriers,9/06/2019,Delhi,Cochin,DEL → BOM → COK,10:35,19:00,8:25,1,No Info,11098,9,06,2019,10,35,19,00,8,25
Air India,27/03/2019,Mumbai,Hyderabad,BOM → HYD,19:30,20:45,1:15,0,No Info,2575,27,03,2019,19,30,20,45,1,15
Multiple carriers,27/03/2019,Delhi,Cochin,DEL → BOM → COK,13:00,01:35,12:35,1,No Info,6673,27,03,2019,13,00,01,35,12,35
IndiGo,01/03/2019,Banglore,New Delhi,BLR → DEL,18:55,21:45,2:50,0,No Info,14306,01,03,2019,18,55,21,45,2,50
Jet Airways,18/05/2019,Delhi,Cochin,DEL → BOM → COK,21:50,04:25,6:35,1,No Info,15554,18,05,2019,21,50,04,25,6,35
Jet Airways,15/05/2019,Kolkata,Banglore,CCU → DEL → BLR,09:35,14:25,28:50,1,In-flight meal not included,9314,15,05,2019,09,35,14,25,28,50
Jet Airways,9/03/2019,Mumbai,Hyderabad,BOM → HYD,06:30,08:00,1:30,0,In-flight meal not included,4995,9,03,2019,06,30,08,00,1,30
Jet Airways,21/03/2019,Banglore,New Delhi,BLR → BOM → DEL,11:40,07:40,20h,1,In-flight meal not included,7832,21,03,2019,11,40,07,40,20h,
Jet Airways,21/05/2019,Kolkata,Banglore,CCU → BOM → BLR,08:25,08:15,23:50,1,In-flight meal not included,8586,21,05,2019,08,25,08,15,23,50
Air India,27/04/2019,Delhi,Cochin,DEL → COK,05:10,08:00,2:50,0,No Info,6094,27,04,2019,05,10,08,00,2,50
Jet Airways,24/06/2019,Delhi,Cochin,DEL → IDR → BOM → COK,05:30,19:00,13:30,2,No Info,13292,24,06,2019,05,30,19,00,13,30
Jet Airways,9/06/2019,Delhi,Cochin,DEL → JAI → BOM → COK,05:30,04:25,22:55,2,In-flight meal not included,10368,9,06,2019,05,30,04,25,22,55
Multiple carriers,27/05/2019,Delhi,Cochin,DEL → BOM → COK,10:00,21:00,11h,1,No Info,9718,27,05,2019,10,00,21,00,11h,
Jet Airways,21/03/2019,Banglore,New Delhi,BLR → BOM → DEL,08:55,07:40,22:45,1,In-flight meal not included,7412,21,03,2019,08,55,07,40,22,45
Air India,6/06/2019,Delhi,Cochin,DEL → GOI → BOM → COK,22:00,19:15,21:15,2,No Info,10441,6,06,2019,22,00,19,15,21,15
IndiGo,3/03/2019,Delhi,Cochin,DEL → BOM → COK,10:45,01:35,14:50,1,No Info,14871,3,03,2019,10,45,01,35,14,50
Jet Airways,18/05/2019,Delhi,Cochin,DEL → BOM → COK,08:00,19:00,11h,1,No Info,15554,18,05,2019,08,00,19,00,11h,
Jet Airways,01/03/2019,Banglore,New Delhi,BLR → BOM → DEL,14:05,19:10,5:5,1,No Info,36235,01,03,2019,14,05,19,10,5,5
IndiGo,24/03/2019,Mumbai,Hyderabad,BOM → HYD,16:55,18:25,1:30,0,No Info,3175,24,03,2019,16,55,18,25,1,30
SpiceJet,24/05/2019,Chennai,Kolkata,MAA → CCU,17:45,20:05,2:20,0,No Info,3597,24,05,2019,17,45,20,05,2,20
SpiceJet,27/06/2019,Mumbai,Hyderabad,BOM → HYD,13:15,14:45,1:30,0,No check-in baggage included,1965,27,06,2019,13,15,14,45,1,30
Multiple carriers,24/06/2019,Delhi,Cochin,DEL → BOM → COK,10:00,19:00,9h,1,No Info,12717,24,06,2019,10,00,19,00,9h,
IndiGo,3/06/2019,Delhi,Cochin,DEL → COK,14:25,17:40,3:15,0,No Info,6015,3,06,2019,14,25,17,40,3,15
Air Asia,09/03/2019,Banglore,New Delhi,BLR → DEL,23:25,02:10,2:45,0,No Info,5615,09,03,2019,23,25,02,10,2,45
Multiple carriers,27/03/2019,Delhi,Cochin,DEL → BOM → COK,19:00,01:35,6:35,1,No Info,7845,27,03,2019,19,00,01,35,6,35
Jet Airways,9/06/2019,Kolkata,Banglore,CCU → BOM → BLR,21:10,22:35,25:25,1,In-flight meal not included,10844,9,06,2019,21,10,22,35,25,25
Jet Airways,15/03/2019,Banglore,New Delhi,BLR → BOM → DEL,21:25,05:05,7:40,1,No Info,27210,15,03,2019,21,25,05,05,7,40
IndiGo,6/04/2019,Kolkata,Banglore,CCU → BLR,14:25,16:55,2:30,0,No Info,4174,6,04,2019,14,25,16,55,2,30
Multiple carriers,21/03/2019,Delhi,Cochin,DEL → BOM → COK,08:00,21:00,13h,1,No Info,6883,21,03,2019,08,00,21,00,13h,
Multiple carriers,21/03/2019,Delhi,Cochin,DEL → BOM → COK,09:00,21:00,12h,1,No Info,6883,21,03,2019,09,00,21,00,12h,
Jet Airways,21/05/2019,Kolkata,Banglore,CCU → GAU → BLR,10:20,17:35,7:15,1,No Info,8355,21,05,2019,10,20,17,35,7,15
SpiceJet,24/03/2019,Banglore,New Delhi,BLR → DEL,20:30,23:20,2:50,0,No check-in baggage included,5469,24,03,2019,20,30,23,20,2,50
Jet Airways,27/06/2019,Banglore,Delhi,BLR → DEL,06:00,08:45,2:45,0,In-flight meal not included,6478,27,06,2019,06,00,08,45,2,45
Vistara,03/03/2019,Banglore,New Delhi,BLR → DEL,19:40,22:20,2:40,0,No Info,11913,03,03,2019,19,40,22,20,2,40
IndiGo,21/05/2019,Delhi,Cochin,DEL → BOM → COK,18:35,01:30,6:55,1,No Info,7006,21,05,2019,18,35,01,30,6,55
Jet Airways,1/04/2019,Kolkata,Banglore,CCU → BOM → BLR,16:30,22:35,6:5,1,No Info,12681,1,04,2019,16,30,22,35,6,5
Jet Airways,21/05/2019,Delhi,Cochin,DEL → AMD → BOM → COK,23:05,19:00,19:55,2,No Info,15129,21,05,2019,23,05,19,00,19,55
Multiple carriers,15/06/2019,Delhi,Cochin,DEL → BOM → COK,14:00,21:00,7h,1,No Info,13587,15,06,2019,14,00,21,00,7h,
Jet Airways,1/06/2019,Delhi,Cochin,DEL → BOM → COK,19:15,19:00,23:45,1,No Info,14714,1,06,2019,19,15,19,00,23,45
IndiGo,03/03/2019,Banglore,New Delhi,BLR → HYD → DEL,07:30,12:20,4:50,1,No Info,6220,03,03,2019,07,30,12,20,4,50
Jet Airways,6/06/2019,Delhi,Cochin,DEL → BOM → COK,07:05,12:35,5:30,1,In-flight meal not included,10262,6,06,2019,07,05,12,35,5,30
Air India,12/05/2019,Kolkata,Banglore,CCU → BOM → BLR,09:25,18:30,9:5,1,No Info,8576,12,05,2019,09,25,18,30,9,5
Jet Airways,24/03/2019,Kolkata,Banglore,CCU → BOM → BLR,19:45,20:40,24:55,1,In-flight meal not included,10031,24,03,2019,19,45,20,40,24,55
Jet Airways,24/06/2019,Delhi,Cochin,DEL → AMD → BOM → COK,19:10,19:00,23:50,2,No Info,12819,24,06,2019,19,10,19,00,23,50
GoAir,15/04/2019,Delhi,Cochin,DEL → AMD → COK,07:25,13:35,6:10,1,No Info,5052,15,04,2019,07,25,13,35,6,10
Jet Airways,01/03/2019,Banglore,New Delhi,BLR → BOM → DEL,08:00,08:15,24:15,1,No Info,22270,01,03,2019,08,00,08,15,24,15
Vistara,27/04/2019,Banglore,Delhi,BLR → DEL,07:00,09:40,2:40,0,No Info,5613,27,04,2019,07,00,09,40,2,40
SpiceJet,1/04/2019,Kolkata,Banglore,CCU → BLR,09:00,11:25,2:25,0,No Info,3873,1,04,2019,09,00,11,25,2,25
IndiGo,15/05/2019,Delhi,Cochin,DEL → COK,05:35,08:50,3:15,0,No Info,6015,15,05,2019,05,35,08,50,3,15
Jet Airways,9/06/2019,Kolkata,Banglore,CCU → BOM → BLR,06:30,12:00,5:30,1,In-flight meal not included,10844,9,06,2019,06,30,12,00,5,30
SpiceJet,12/05/2019,Mumbai,Hyderabad,BOM → HYD,13:15,14:45,1:30,0,No Info,2227,12,05,2019,13,15,14,45,1,30
Jet Airways,1/04/2019,Banglore,Delhi,BLR → DEL,19:50,22:50,3h,0,No Info,7229,1,04,2019,19,50,22,50,3h,
Jet Airways,6/06/2019,Delhi,Cochin,DEL → JAI → BOM → COK,05:30,19:00,13:30,2,In-flight meal not included,10368,6,06,2019,05,30,19,00,13,30
Jet Airways,21/05/2019,Delhi,Cochin,DEL → BOM → COK,17:30,04:25,10:55,1,In-flight meal not included,12898,21,05,2019,17,30,04,25,10,55
Multiple carriers,12/06/2019,Delhi,Cochin,DEL → BOM → COK,07:00,19:00,12h,1,No Info,12192,12,06,2019,07,00,19,00,12h,
Jet Airways,9/05/2019,Kolkata,Banglore,CCU → DEL → BLR,09:35,23:35,14h,1,No Info,12121,9,05,2019,09,35,23,35,14h,
Air India,27/05/2019,Delhi,Cochin,DEL → CCU → BOM → COK,06:50,07:40,24:50,2,No Info,16163,27,05,2019,06,50,07,40,24,50
Jet Airways,18/03/2019,Banglore,New Delhi,BLR → BOM → DEL,05:45,18:25,12:40,1,No Info,12284,18,03,2019,05,45,18,25,12,40
IndiGo,21/06/2019,Banglore,Delhi,BLR → DEL,19:30,22:15,2:45,0,No Info,5780,21,06,2019,19,30,22,15,2,45
Jet Airways,9/05/2019,Mumbai,Hyderabad,BOM → HYD,10:20,11:50,1:30,0,In-flight meal not included,4995,9,05,2019,10,20,11,50,1,30
IndiGo,9/06/2019,Delhi,Cochin,DEL → BLR → COK,05:10,10:05,4:55,1,No Info,6496,9,06,2019,05,10,10,05,4,55
Air India,12/06/2019,Delhi,Cochin,DEL → LKO → BOM → COK,12:20,19:15,30:55,2,No Info,12488,12,06,2019,12,20,19,15,30,55
IndiGo,15/05/2019,Banglore,Delhi,BLR → DEL,07:10,10:05,2:55,0,No Info,4823,15,05,2019,07,10,10,05,2,55
SpiceJet,18/06/2019,Mumbai,Hyderabad,BOM → HYD,05:45,07:15,1:30,0,No check-in baggage included,2647,18,06,2019,05,45,07,15,1,30
IndiGo,03/03/2019,Banglore,New Delhi,BLR → DEL,13:00,15:50,2:50,0,No Info,12649,03,03,2019,13,00,15,50,2,50
Multiple carriers,12/06/2019,Delhi,Cochin,DEL → BOM → COK,11:40,19:15,7:35,1,No Info,8266,12,06,2019,11,40,19,15,7,35
Vistara,15/05/2019,Delhi,Cochin,DEL → COK,06:00,09:10,3:10,0,No Info,6216,15,05,2019,06,00,09,10,3,10
IndiGo,1/04/2019,Banglore,Delhi,BLR → DEL,01:30,04:15,2:45,0,No Info,4423,1,04,2019,01,30,04,15,2,45
Jet Airways,06/03/2019,Banglore,New Delhi,BLR → BOM → DEL,08:00,08:15,24:15,1,No Info,17996,06,03,2019,08,00,08,15,24,15
SpiceJet,15/04/2019,Delhi,Cochin,DEL → PNQ → COK,08:45,13:15,4:30,1,No check-in baggage included,5726,15,04,2019,08,45,13,15,4,30
Multiple carriers,6/03/2019,Delhi,Cochin,DEL → BOM → COK,06:00,15:30,9:30,1,No Info,15147,6,03,2019,06,00,15,30,9,30
Jet Airways,18/05/2019,Delhi,Cochin,DEL → BOM → COK,20:55,19:00,22:5,1,No Info,15554,18,05,2019,20,55,19,00,22,5
Jet Airways,24/06/2019,Delhi,Cochin,DEL → AMD → BOM → COK,23:05,04:25,29:20,2,No Info,12819,24,06,2019,23,05,04,25,29,20
Multiple carriers,27/06/2019,Delhi,Cochin,DEL → BOM → COK,18:00,01:30,7:30,1,No Info,7198,27,06,2019,18,00,01,30,7,30
IndiGo,3/04/2019,Delhi,Cochin,DEL → BOM → COK,16:00,21:00,5h,1,No Info,5073,3,04,2019,16,00,21,00,5h,
IndiGo,27/06/2019,Banglore,Delhi,BLR → DEL,21:15,00:15,3h,0,No Info,3943,27,06,2019,21,15,00,15,3h,
Jet Airways,27/03/2019,Mumbai,Hyderabad,BOM → HYD,07:10,08:35,1:25,0,In-flight meal not included,3205,27,03,2019,07,10,08,35,1,25
SpiceJet,12/05/2019,Banglore,Delhi,BLR → DEL,05:55,08:35,2:40,0,No check-in baggage included,3257,12,05,2019,05,55,08,35,2,40
IndiGo,3/06/2019,Kolkata,Banglore,CCU → BLR,22:15,00:50,2:35,0,No Info,4804,3,06,2019,22,15,00,50,2,35
IndiGo,09/03/2019,Banglore,New Delhi,BLR → NAG → DEL,16:50,21:35,4:45,1,No Info,10231,09,03,2019,16,50,21,35,4,45
Jet Airways,21/05/2019,Delhi,Cochin,DEL → BOM → COK,20:55,04:25,7:30,1,In-flight meal not included,12898,21,05,2019,20,55,04,25,7,30
IndiGo,21/03/2019,Mumbai,Hyderabad,BOM → HYD,21:20,22:45,1:25,0,No Info,2227,21,03,2019,21,20,22,45,1,25
Air India,1/04/2019,Kolkata,Banglore,CCU → BBI → BOM → BLR,12:00,11:10,23:10,2,No Info,9258,1,04,2019,12,00,11,10,23,10
Jet Airways,24/05/2019,Kolkata,Banglore,CCU → BOM → BLR,16:30,09:20,16:50,1,In-flight meal not included,9663,24,05,2019,16,30,09,20,16,50
Jet Airways,21/05/2019,Mumbai,Hyderabad,BOM → HYD,07:05,08:30,1:25,0,No Info,8040,21,05,2019,07,05,08,30,1,25
GoAir,6/06/2019,Banglore,Delhi,BLR → DEL,20:55,23:40,2:45,0,No Info,3419,6,06,2019,20,55,23,40,2,45
Jet Airways,1/06/2019,Banglore,Delhi,BLR → DEL,07:10,10:10,3h,0,No Info,8016,1,06,2019,07,10,10,10,3h,
Jet Airways,6/04/2019,Banglore,Delhi,BLR → DEL,17:45,20:45,3h,0,No Info,7229,6,04,2019,17,45,20,45,3h,
GoAir,6/06/2019,Delhi,Cochin,DEL → BOM → COK,10:35,19:35,9h,1,No Info,4959,6,06,2019,10,35,19,35,9h,
Air India,9/06/2019,Kolkata,Banglore,CCU → BBI → BOM → BLR,12:00,11:10,23:10,2,No Info,10151,9,06,2019,12,00,11,10,23,10
Air India,18/05/2019,Delhi,Cochin,DEL → RPR → NAG → BOM → COK,05:15,19:15,38h,3,No Info,10703,18,05,2019,05,15,19,15,38h,
Jet Airways,9/06/2019,Kolkata,Banglore,CCU → BOM → BLR,08:25,18:15,9:50,1,In-flight meal not included,10844,9,06,2019,08,25,18,15,9,50
IndiGo,6/03/2019,Delhi,Cochin,DEL → HYD → COK,16:10,22:20,6:10,1,No Info,7205,6,03,2019,16,10,22,20,6,10
Jet Airways,18/03/2019,Banglore,New Delhi,BLR → BOM → DEL,08:55,18:25,9:30,1,No Info,12284,18,03,2019,08,55,18,25,9,30
Jet Airways,9/06/2019,Kolkata,Banglore,CCU → DEL → BLR,09:35,22:05,12:30,1,In-flight meal not included,13994,9,06,2019,09,35,22,05,12,30
IndiGo,15/04/2019,Delhi,Cochin,DEL → COK,14:25,17:40,3:15,0,No Info,6015,15,04,2019,14,25,17,40,3,15
IndiGo,3/04/2019,Kolkata,Banglore,CCU → MAA → BLR,06:15,10:30,4:15,1,No Info,4226,3,04,2019,06,15,10,30,4,15
Jet Airways,21/03/2019,Delhi,Cochin,DEL → AMD → BOM → COK,19:10,18:50,23:40,2,No Info,9483,21,03,2019,19,10,18,50,23,40
Jet Airways,15/05/2019,Banglore,Delhi,BLR → DEL,07:10,10:10,3h,0,In-flight meal not included,5198,15,05,2019,07,10,10,10,3h,
Jet Airways,27/06/2019,Delhi,Cochin,DEL → JAI → BOM → COK,05:30,19:00,13:30,2,In-flight meal not included,10368,27,06,2019,05,30,19,00,13,30
Vistara,3/06/2019,Chennai,Kolkata,MAA → CCU,17:45,20:05,2:20,0,No Info,11982,3,06,2019,17,45,20,05,2,20
Air India,15/03/2019,Banglore,New Delhi,BLR → MAA → DEL,11:50,13:00,25:10,1,No Info,8032,15,03,2019,11,50,13,00,25,10
Air India,15/05/2019,Kolkata,Banglore,CCU → BLR,14:15,16:45,2:30,0,No Info,5510,15,05,2019,14,15,16,45,2,30
IndiGo,9/05/2019,Delhi,Cochin,DEL → PNQ → COK,23:30,04:35,5:5,1,No Info,8177,9,05,2019,23,30,04,35,5,5
Air Asia,1/06/2019,Delhi,Cochin,DEL → BLR → COK,16:45,22:25,5:40,1,No Info,11410,1,06,2019,16,45,22,25,5,40
GoAir,21/03/2019,Delhi,Cochin,DEL → BOM → COK,07:00,12:50,5:50,1,No Info,9385,21,03,2019,07,00,12,50,5,50
Jet Airways,6/06/2019,Delhi,Cochin,DEL → BOM → COK,10:00,19:00,9h,1,In-flight meal not included,10262,6,06,2019,10,00,19,00,9h,
SpiceJet,18/06/2019,Kolkata,Banglore,CCU → BLR,09:00,11:25,2:25,0,No Info,3873,18,06,2019,09,00,11,25,2,25
Multiple carriers,21/03/2019,Delhi,Cochin,DEL → BOM → COK,11:40,18:50,7:10,1,No Info,11999,21,03,2019,11,40,18,50,7,10
Jet Airways,27/06/2019,Delhi,Cochin,DEL → ATQ → BOM → COK,18:20,12:35,18:15,2,No Info,14300,27,06,2019,18,20,12,35,18,15
SpiceJet,12/05/2019,Mumbai,Hyderabad,BOM → HYD,13:15,14:45,1:30,0,No check-in baggage included,2175,12,05,2019,13,15,14,45,1,30
Air India,9/05/2019,Delhi,Cochin,DEL → CCU → BOM → COK,06:50,07:40,24:50,2,No Info,14431,9,05,2019,06,50,07,40,24,50
Jet Airways,21/05/2019,Banglore,Delhi,BLR → DEL,06:00,08:45,2:45,0,No Info,7229,21,05,2019,06,00,08,45,2,45
IndiGo,24/05/2019,Kolkata,Banglore,CCU → HYD → BLR,19:20,23:45,4:25,1,No Info,3809,24,05,2019,19,20,23,45,4,25
Multiple carriers,24/06/2019,Delhi,Cochin,DEL → BOM → COK,07:30,19:15,11:45,1,No Info,7354,24,06,2019,07,30,19,15,11,45
Multiple carriers,27/03/2019,Delhi,Cochin,DEL → BOM → COK,08:00,15:30,7:30,1,No Info,12537,27,03,2019,08,00,15,30,7,30
Air India,27/05/2019,Delhi,Cochin,DEL → BOM → COK,13:00,19:15,6:15,1,No Info,9719,27,05,2019,13,00,19,15,6,15
Jet Airways,24/05/2019,Mumbai,Hyderabad,BOM → HYD,10:20,11:50,1:30,0,No Info,8040,24,05,2019,10,20,11,50,1,30
Jet Airways,24/05/2019,Mumbai,Hyderabad,BOM → HYD,07:05,08:30,1:25,0,In-flight meal not included,4995,24,05,2019,07,05,08,30,1,25
IndiGo,6/04/2019,Banglore,Delhi,BLR → DEL,23:30,02:20,2:50,0,No Info,4591,6,04,2019,23,30,02,20,2,50
Air India,6/06/2019,Kolkata,Banglore,CCU → GAU → BLR,16:45,21:05,28:20,1,No Info,7662,6,06,2019,16,45,21,05,28,20
IndiGo,24/06/2019,Chennai,Kolkata,MAA → CCU,07:55,10:15,2:20,0,No Info,3850,24,06,2019,07,55,10,15,2,20
IndiGo,3/06/2019,Delhi,Cochin,DEL → HYD → COK,08:35,22:30,13:55,1,No Info,6442,3,06,2019,08,35,22,30,13,55
IndiGo,3/06/2019,Delhi,Cochin,DEL → PNQ → COK,23:30,04:35,5:5,1,No Info,11378,3,06,2019,23,30,04,35,5,5
Multiple carriers,27/06/2019,Delhi,Cochin,DEL → BOM → COK,15:00,01:30,10:30,1,No Info,13377,27,06,2019,15,00,01,30,10,30
Jet Airways,21/05/2019,Kolkata,Banglore,CCU → BOM → BLR,08:25,20:45,12:20,1,In-flight meal not included,10844,21,05,2019,08,25,20,45,12,20
Jet Airways,9/05/2019,Mumbai,Hyderabad,BOM → HYD,07:05,08:30,1:25,0,In-flight meal not included,4995,9,05,2019,07,05,08,30,1,25
Air India,27/03/2019,Delhi,Cochin,DEL → HYD → MAA → COK,17:15,09:25,16:10,2,No Info,6057,27,03,2019,17,15,09,25,16,10
Air India,6/04/2019,Banglore,Delhi,BLR → DEL,10:00,12:45,2:45,0,No Info,5176,6,04,2019,10,00,12,45,2,45
Jet Airways,9/06/2019,Delhi,Cochin,DEL → JAI → BOM → COK,09:40,04:25,18:45,2,No Info,13014,9,06,2019,09,40,04,25,18,45
IndiGo,01/03/2019,Banglore,New Delhi,BLR → HYD → DEL,16:15,20:35,4:20,1,No Info,7917,01,03,2019,16,15,20,35,4,20
SpiceJet,9/06/2019,Delhi,Cochin,DEL → MAA → COK,06:05,11:20,5:15,1,No Info,5583,9,06,2019,06,05,11,20,5,15
Jet Airways,9/04/2019,Banglore,Delhi,BLR → DEL,06:00,08:45,2:45,0,No Info,7229,9,04,2019,06,00,08,45,2,45
IndiGo,18/05/2019,Delhi,Cochin,DEL → BOM → COK,16:00,01:30,9:30,1,No Info,7191,18,05,2019,16,00,01,30,9,30
Jet Airways,12/06/2019,Mumbai,Hyderabad,BOM → HYD,19:35,21:05,1:30,0,In-flight meal not included,3210,12,06,2019,19,35,21,05,1,30
IndiGo,6/03/2019,Delhi,Cochin,DEL → BOM → COK,15:00,01:35,10:35,1,No Info,14871,6,03,2019,15,00,01,35,10,35
Multiple carriers,15/05/2019,Delhi,Cochin,DEL → BOM → COK,08:30,19:15,10:45,1,No Info,8099,15,05,2019,08,30,19,15,10,45
Air India,21/05/2019,Kolkata,Banglore,CCU → BOM → BLR,09:25,18:30,9:5,1,No Info,8366,21,05,2019,09,25,18,30,9,5
IndiGo,9/03/2019,Chennai,Kolkata,MAA → CCU,22:05,00:25,2:20,0,No Info,6297,9,03,2019,22,05,00,25,2,20
Multiple carriers,3/03/2019,Delhi,Cochin,DEL → BOM → COK,13:00,21:00,8h,1,No Info,18286,3,03,2019,13,00,21,00,8h,
Jet Airways,6/03/2019,Delhi,Cochin,DEL → BOM → COK,23:05,19:45,20:40,1,No Info,17024,6,03,2019,23,05,19,45,20,40
Jet Airways,24/04/2019,Banglore,Delhi,BLR → DEL,07:10,10:10,3h,0,In-flight meal not included,6144,24,04,2019,07,10,10,10,3h,
Multiple carriers,9/03/2019,Delhi,Cochin,DEL → BOM → COK,06:00,19:45,13:45,1,No Info,13941,9,03,2019,06,00,19,45,13,45
Jet Airways,9/05/2019,Banglore,Delhi,BLR → DEL,18:55,22:00,3:5,0,In-flight meal not included,3702,9,05,2019,18,55,22,00,3,5
SpiceJet,15/05/2019,Delhi,Cochin,DEL → MAA → COK,06:05,11:20,5:15,1,No Info,5583,15,05,2019,06,05,11,20,5,15
Air India,12/03/2019,Mumbai,Hyderabad,BOM → DEL → HYD,19:40,09:10,13:30,1,No Info,10208,12,03,2019,19,40,09,10,13,30
Jet Airways,6/05/2019,Kolkata,Banglore,CCU → DEL → BLR,09:35,18:00,8:25,1,In-flight meal not included,12384,6,05,2019,09,35,18,00,8,25
Air India,6/05/2019,Kolkata,Banglore,CCU → DEL → AMD → BLR,10:00,05:25,19:25,2,No Info,17049,6,05,2019,10,00,05,25,19,25
IndiGo,24/05/2019,Delhi,Cochin,DEL → BOM → COK,07:30,21:00,13:30,1,No Info,7006,24,05,2019,07,30,21,00,13,30
Air India,12/06/2019,Kolkata,Banglore,CCU → IXR → DEL → BLR,05:50,20:25,14:35,2,No Info,12723,12,06,2019,05,50,20,25,14,35
Jet Airways,12/06/2019,Delhi,Cochin,DEL → BOM → COK,08:00,04:25,20:25,1,In-flight meal not included,10577,12,06,2019,08,00,04,25,20,25
Jet Airways,06/03/2019,Banglore,New Delhi,BLR → BOM → DEL,07:00,19:10,12:10,1,No Info,16736,06,03,2019,07,00,19,10,12,10
Jet Airways,24/06/2019,Delhi,Cochin,DEL → BOM → COK,13:00,04:25,15:25,1,In-flight meal not included,10262,24,06,2019,13,00,04,25,15,25
Multiple carriers,24/06/2019,Delhi,Cochin,DEL → BOM → COK,11:25,19:15,7:50,1,No Info,7155,24,06,2019,11,25,19,15,7,50
Multiple carriers,3/03/2019,Delhi,Cochin,DEL → BOM → COK,10:20,01:35,15:15,1,No Info,15147,3,03,2019,10,20,01,35,15,15
IndiGo,12/06/2019,Banglore,Delhi,BLR → DEL,07:10,10:05,2:55,0,No Info,4823,12,06,2019,07,10,10,05,2,55
Air India,15/03/2019,Banglore,New Delhi,BLR → BBI → DEL,09:30,16:20,6:50,1,No Info,8714,15,03,2019,09,30,16,20,6,50
Jet Airways,6/05/2019,Kolkata,Banglore,CCU → DEL → BLR,09:35,09:45,24:10,1,No Info,10953,6,05,2019,09,35,09,45,24,10
Air India,12/06/2019,Kolkata,Banglore,CCU → DEL → BLR,20:30,20:25,23:55,1,No Info,10203,12,06,2019,20,30,20,25,23,55
Jet Airways,18/05/2019,Delhi,Cochin,DEL → BOM → COK,13:00,12:35,23:35,1,In-flight meal not included,12373,18,05,2019,13,00,12,35,23,35
Jet Airways,12/05/2019,Kolkata,Banglore,CCU → DEL → BLR,09:35,23:35,14h,1,No Info,14151,12,05,2019,09,35,23,35,14h,
Jet Airways,24/05/2019,Kolkata,Banglore,CCU → DEL → BLR,09:35,14:25,28:50,1,No Info,12121,24,05,2019,09,35,14,25,28,50
Vistara,9/04/2019,Delhi,Cochin,DEL → COK,06:00,09:10,3:10,0,No Info,5586,9,04,2019,06,00,09,10,3,10
Jet Airways,18/05/2019,Kolkata,Banglore,CCU → BOM → BLR,08:25,12:00,27:35,1,In-flight meal not included,10844,18,05,2019,08,25,12,00,27,35
Jet Airways,21/05/2019,Kolkata,Banglore,CCU → BOM → BLR,21:10,04:40,7:30,1,In-flight meal not included,8586,21,05,2019,21,10,04,40,7,30
SpiceJet,6/06/2019,Delhi,Cochin,DEL → BLR → COK,17:55,22:50,4:55,1,No Info,5409,6,06,2019,17,55,22,50,4,55
Multiple carriers,21/03/2019,Delhi,Cochin,DEL → HYD → MAA → COK,09:45,21:20,11:35,2,No Info,7178,21,03,2019,09,45,21,20,11,35
Multiple carriers,24/06/2019,Delhi,Cochin,DEL → BOM → COK,10:20,01:30,15:10,1,In-flight meal not included,5797,24,06,2019,10,20,01,30,15,10
Jet Airways,24/03/2019,Kolkata,Banglore,CCU → BOM → BLR,19:45,19:40,23:55,1,No Info,13759,24,03,2019,19,45,19,40,23,55
Air India,24/05/2019,Kolkata,Banglore,CCU → DEL → COK → BLR,07:00,01:20,18:20,2,No Info,13873,24,05,2019,07,00,01,20,18,20
Jet Airways,21/05/2019,Delhi,Cochin,DEL → BOM → COK,20:55,19:00,22:5,1,No Info,16079,21,05,2019,20,55,19,00,22,5
SpiceJet,27/06/2019,Mumbai,Hyderabad,BOM → HYD,13:15,14:45,1:30,0,No Info,2017,27,06,2019,13,15,14,45,1,30
Jet Airways,18/05/2019,Kolkata,Banglore,CCU → BOM → BLR,20:00,18:15,22:15,1,In-flight meal not included,10844,18,05,2019,20,00,18,15,22,15
SpiceJet,24/04/2019,Banglore,Delhi,BLR → DEL,21:10,00:05,2:55,0,No check-in baggage included,3573,24,04,2019,21,10,00,05,2,55
Jet Airways,6/05/2019,Kolkata,Banglore,CCU → DEL → BLR,09:35,09:45,24:10,1,In-flight meal not included,8066,6,05,2019,09,35,09,45,24,10
Jet Airways,9/03/2019,Delhi,Cochin,DEL → BOM → COK,20:50,18:50,22h,1,In-flight meal not included,14053,9,03,2019,20,50,18,50,22h,
Jet Airways,18/03/2019,Banglore,New Delhi,BLR → BOM → DEL,08:00,15:15,7:15,1,No Info,12284,18,03,2019,08,00,15,15,7,15
SpiceJet,9/04/2019,Delhi,Cochin,DEL → MAA → COK,06:05,11:20,5:15,1,No Info,5351,9,04,2019,06,05,11,20,5,15
Jet Airways,1/04/2019,Kolkata,Banglore,CCU → BOM → BLR,16:30,16:20,23:50,1,In-flight meal not included,7064,1,04,2019,16,30,16,20,23,50
IndiGo,3/03/2019,Delhi,Cochin,DEL → MAA → COK,02:05,07:25,5:20,1,No Info,10394,3,03,2019,02,05,07,25,5,20
Jet Airways,15/05/2019,Kolkata,Banglore,CCU → BOM → BLR,18:55,09:20,14:25,1,In-flight meal not included,9663,15,05,2019,18,55,09,20,14,25
Multiple carriers,18/05/2019,Delhi,Cochin,DEL → BOM → COK,17:30,01:30,8h,1,No Info,13727,18,05,2019,17,30,01,30,8h,
Jet Airways,12/06/2019,Delhi,Cochin,DEL → BOM → COK,19:15,12:35,17:20,1,In-flight meal not included,10262,12,06,2019,19,15,12,35,17,20
IndiGo,9/04/2019,Banglore,Delhi,BLR → DEL,07:10,10:05,2:55,0,No Info,4823,9,04,2019,07,10,10,05,2,55
Air Asia,03/03/2019,Banglore,New Delhi,BLR → DEL,05:50,08:40,2:50,0,No Info,7074,03,03,2019,05,50,08,40,2,50
Multiple carriers,6/03/2019,Delhi,Cochin,DEL → BOM → COK,07:05,21:00,13:55,1,No Info,17267,6,03,2019,07,05,21,00,13,55
Multiple carriers,21/05/2019,Delhi,Cochin,DEL → BOM → COK,15:00,01:30,10:30,1,No Info,14067,21,05,2019,15,00,01,30,10,30
IndiGo,1/05/2019,Banglore,Delhi,BLR → DEL,08:30,11:20,2:50,0,No Info,4823,1,05,2019,08,30,11,20,2,50
IndiGo,27/04/2019,Banglore,Delhi,BLR → DEL,20:00,22:50,2:50,0,No Info,4823,27,04,2019,20,00,22,50,2,50
Air Asia,12/05/2019,Banglore,Delhi,BLR → DEL,23:55,02:45,2:50,0,No Info,4483,12,05,2019,23,55,02,45,2,50
Air India,6/06/2019,Kolkata,Banglore,CCU → GAU → DEL → BLR,09:50,23:15,13:25,2,No Info,14960,6,06,2019,09,50,23,15,13,25
Air India,1/06/2019,Banglore,Delhi,BLR → DEL,17:00,19:45,2:45,0,No Info,7171,1,06,2019,17,00,19,45,2,45
Air India,24/03/2019,Kolkata,Banglore,CCU → DEL → BLR,20:30,08:55,12:25,1,No Info,12173,24,03,2019,20,30,08,55,12,25
Air India,03/03/2019,Banglore,New Delhi,BLR → AMD → DEL,00:30,08:45,8:15,1,No Info,11392,03,03,2019,00,30,08,45,8,15
Air India,15/05/2019,Kolkata,Banglore,CCU → DEL → COK → BLR,10:00,13:45,27:45,2,No Info,16057,15,05,2019,10,00,13,45,27,45
Jet Airways,9/06/2019,Kolkata,Banglore,CCU → DEL → BLR,17:00,10:55,17:55,1,No Info,14151,9,06,2019,17,00,10,55,17,55
Jet Airways,21/05/2019,Banglore,Delhi,BLR → DEL,11:10,14:05,2:55,0,In-flight meal not included,4030,21,05,2019,11,10,14,05,2,55
IndiGo,6/05/2019,Kolkata,Banglore,CCU → BBI → BLR,19:35,23:15,3:40,1,No Info,4226,6,05,2019,19,35,23,15,3,40
Air India,9/03/2019,Delhi,Cochin,DEL → BOM → COK,04:00,19:15,15:15,1,No Info,11050,9,03,2019,04,00,19,15,15,15
Air India,21/05/2019,Banglore,Delhi,BLR → DEL,10:00,12:45,2:45,0,No Info,6961,21,05,2019,10,00,12,45,2,45
Jet Airways,24/03/2019,Kolkata,Banglore,CCU → BOM → BLR,21:10,09:15,12:5,1,No Info,14231,24,03,2019,21,10,09,15,12,5
Jet Airways,27/06/2019,Delhi,Cochin,DEL → NAG → BOM → COK,14:35,12:35,22h,2,In-flight meal not included,10919,27,06,2019,14,35,12,35,22h,
Air India,27/03/2019,Delhi,Cochin,DEL → LKO → BOM → COK,07:00,19:15,12:15,2,No Info,10913,27,03,2019,07,00,19,15,12,15
IndiGo,27/06/2019,Chennai,Kolkata,MAA → CCU,22:05,00:25,2:20,0,No Info,5277,27,06,2019,22,05,00,25,2,20
Multiple carriers,21/05/2019,Delhi,Cochin,DEL → BOM → COK,10:20,21:00,10:40,1,No Info,7485,21,05,2019,10,20,21,00,10,40
Jet Airways,24/03/2019,Kolkata,Banglore,CCU → BOM → BLR,16:55,16:20,23:25,1,No Info,14231,24,03,2019,16,55,16,20,23,25
GoAir,6/04/2019,Delhi,Cochin,DEL → AMD → COK,07:25,13:35,6:10,1,No Info,4201,6,04,2019,07,25,13,35,6,10
Air India,6/03/2019,Delhi,Cochin,DEL → COK,14:10,17:10,3h,0,No Info,7931,6,03,2019,14,10,17,10,3h,
Multiple carriers,15/05/2019,Delhi,Cochin,DEL → HYD → COK,14:55,22:30,7:35,1,No Info,6513,15,05,2019,14,55,22,30,7,35
Jet Airways,6/06/2019,Delhi,Cochin,DEL → BOM → COK,15:00,19:00,28h,1,No Info,14714,6,06,2019,15,00,19,00,28h,
IndiGo,9/05/2019,Kolkata,Banglore,CCU → NAG → BLR,18:05,23:30,5:25,1,No Info,6218,9,05,2019,18,05,23,30,5,25
Air India,27/06/2019,Delhi,Cochin,DEL → JAI → BOM → COK,12:00,19:15,7:15,2,No Info,8603,27,06,2019,12,00,19,15,7,15
IndiGo,21/05/2019,Delhi,Cochin,DEL → BOM → COK,08:30,21:00,12:30,1,No Info,7318,21,05,2019,08,30,21,00,12,30
Multiple carriers,15/06/2019,Delhi,Cochin,DEL → BOM → COK,10:00,19:00,9h,1,No Info,13504,15,06,2019,10,00,19,00,9h,
Multiple carriers,15/05/2019,Delhi,Cochin,DEL → HYD → COK,07:05,22:30,15:25,1,No Info,9646,15,05,2019,07,05,22,30,15,25
IndiGo,27/05/2019,Kolkata,Banglore,CCU → BLR,11:30,14:05,2:35,0,No Info,5224,27,05,2019,11,30,14,05,2,35
Jet Airways,12/06/2019,Kolkata,Banglore,CCU → DEL → BLR,09:35,18:00,8:25,1,No Info,12692,12,06,2019,09,35,18,00,8,25
Jet Airways,6/06/2019,Kolkata,Banglore,CCU → GAU → BLR,10:20,17:35,7:15,1,In-flight meal not included,9689,6,06,2019,10,20,17,35,7,15
Air India,9/05/2019,Kolkata,Banglore,CCU → DEL → COK → BLR,10:00,01:20,15:20,2,No Info,13033,9,05,2019,10,00,01,20,15,20
Jet Airways,12/06/2019,Kolkata,Banglore,CCU → BOM → BLR,06:30,16:20,9:50,1,No Info,13626,12,06,2019,06,30,16,20,9,50
IndiGo,18/05/2019,Mumbai,Hyderabad,BOM → HYD,19:05,20:35,1:30,0,No Info,2754,18,05,2019,19,05,20,35,1,30
Jet Airways,9/05/2019,Kolkata,Banglore,CCU → DEL → BLR,17:00,09:45,16:45,1,No Info,12121,9,05,2019,17,00,09,45,16,45
IndiGo,24/04/2019,Banglore,Delhi,BLR → DEL,01:30,04:15,2:45,0,No Info,3419,24,04,2019,01,30,04,15,2,45
Air India,21/05/2019,Kolkata,Banglore,CCU → DEL → COK → BLR,10:00,01:20,15:20,2,No Info,13033,21,05,2019,10,00,01,20,15,20
IndiGo,6/04/2019,Kolkata,Banglore,CCU → BLR,04:40,07:15,2:35,0,No Info,4174,6,04,2019,04,40,07,15,2,35
Air Asia,27/06/2019,Delhi,Cochin,DEL → BLR → COK,07:55,22:25,14:30,1,No Info,6152,27,06,2019,07,55,22,25,14,30
Air India,27/06/2019,Delhi,Cochin,DEL → COK,05:10,08:00,2:50,0,No Info,5201,27,06,2019,05,10,08,00,2,50
Jet Airways,15/03/2019,Banglore,New Delhi,BLR → BOM → DEL,07:00,16:10,9:10,1,In-flight meal not included,9134,15,03,2019,07,00,16,10,9,10
Air India,18/05/2019,Kolkata,Banglore,CCU → DEL → COK → BLR,07:00,01:20,18:20,2,No Info,13243,18,05,2019,07,00,01,20,18,20
Jet Airways,27/05/2019,Delhi,Cochin,DEL → JAI → BOM → COK,05:30,04:25,22:55,2,No Info,15129,27,05,2019,05,30,04,25,22,55
Jet Airways,9/05/2019,Mumbai,Hyderabad,BOM → HYD,19:35,21:05,1:30,0,In-flight meal not included,2759,9,05,2019,19,35,21,05,1,30
IndiGo,15/05/2019,Banglore,Delhi,BLR → DEL,06:05,08:50,2:45,0,No Info,4423,15,05,2019,06,05,08,50,2,45
Vistara,18/05/2019,Kolkata,Banglore,CCU → DEL → BLR,07:10,22:40,15:30,1,No Info,9187,18,05,2019,07,10,22,40,15,30
Multiple carriers,18/05/2019,Delhi,Cochin,DEL → HYD → COK,07:10,22:30,15:20,1,No Info,7740,18,05,2019,07,10,22,30,15,20
Jet Airways,24/05/2019,Banglore,Delhi,BLR → DEL,19:50,22:50,3h,0,In-flight meal not included,6144,24,05,2019,19,50,22,50,3h,
Multiple carriers,9/06/2019,Delhi,Cochin,DEL → BOM → COK,04:55,12:35,7:40,1,No Info,10877,9,06,2019,04,55,12,35,7,40
IndiGo,15/06/2019,Delhi,Cochin,DEL → HYD → COK,11:55,22:30,10:35,1,No Info,6442,15,06,2019,11,55,22,30,10,35
IndiGo,27/03/2019,Delhi,Cochin,DEL → BOM → COK,04:45,15:30,10:45,1,No Info,7048,27,03,2019,04,45,15,30,10,45
Multiple carriers,27/06/2019,Delhi,Cochin,DEL → BOM → COK,15:15,01:30,10:15,1,In-flight meal not included,5797,27,06,2019,15,15,01,30,10,15
Air India,03/03/2019,Banglore,New Delhi,BLR → BOM → AMD → DEL,06:45,23:55,17:10,2,No Info,10573,03,03,2019,06,45,23,55,17,10
IndiGo,15/05/2019,Delhi,Cochin,DEL → BOM → COK,08:30,21:00,12:30,1,No Info,7503,15,05,2019,08,30,21,00,12,30
IndiGo,12/06/2019,Delhi,Cochin,DEL → BOM → COK,17:30,01:30,8h,1,No Info,6104,12,06,2019,17,30,01,30,8h,
Jet Airways,9/05/2019,Kolkata,Banglore,CCU → BOM → BLR,21:10,08:15,11:5,1,In-flight meal not included,9663,9,05,2019,21,10,08,15,11,5
Jet Airways,3/06/2019,Banglore,Delhi,BLR → DEL,11:10,14:05,2:55,0,In-flight meal not included,5769,3,06,2019,11,10,14,05,2,55
Air India,15/06/2019,Mumbai,Hyderabad,BOM → HYD,13:55,15:25,1:30,0,No Info,3100,15,06,2019,13,55,15,25,1,30
Jet Airways,18/05/2019,Delhi,Cochin,DEL → BOM → COK,17:30,04:25,10:55,1,In-flight meal not included,12373,18,05,2019,17,30,04,25,10,55
SpiceJet,15/03/2019,Kolkata,Banglore,CCU → BLR,09:00,11:30,2:30,0,No check-in baggage included,3815,15,03,2019,09,00,11,30,2,30
Jet Airways,15/06/2019,Delhi,Cochin,DEL → ATQ → BOM → COK,12:15,12:35,24:20,2,No Info,14300,15,06,2019,12,15,12,35,24,20
IndiGo,1/06/2019,Banglore,Delhi,BLR → DEL,07:10,10:05,2:55,0,No Info,4823,1,06,2019,07,10,10,05,2,55
IndiGo,18/06/2019,Mumbai,Hyderabad,BOM → HYD,19:05,20:35,1:30,0,No Info,2754,18,06,2019,19,05,20,35,1,30
Multiple carriers,3/06/2019,Delhi,Cochin,DEL → BOM → COK,06:00,19:15,13:15,1,No Info,9736,3,06,2019,06,00,19,15,13,15
Jet Airways,21/03/2019,Banglore,New Delhi,BLR → MAA → DEL,09:45,14:25,4:40,1,In-flight meal not included,7280,21,03,2019,09,45,14,25,4,40
Multiple carriers,9/06/2019,Delhi,Cochin,DEL → BOM → COK,08:00,21:00,13h,1,No Info,7408,9,06,2019,08,00,21,00,13h,
Jet Airways,12/06/2019,Kolkata,Banglore,CCU → BOM → BLR,20:00,12:00,16h,1,No Info,13044,12,06,2019,20,00,12,00,16h,
Air India,24/05/2019,Kolkata,Banglore,CCU → IXR → DEL → BLR,05:50,23:15,17:25,2,No Info,12723,24,05,2019,05,50,23,15,17,25
Jet Airways,6/05/2019,Kolkata,Banglore,CCU → BOM → BLR,16:30,04:40,12:10,1,In-flight meal not included,8586,6,05,2019,16,30,04,40,12,10
IndiGo,12/06/2019,Delhi,Cochin,DEL → BOM → COK,16:00,01:30,9:30,1,No Info,6316,12,06,2019,16,00,01,30,9,30
Jet Airways,9/05/2019,Delhi,Cochin,DEL → BOM → COK,09:00,19:00,10h,1,No Info,15554,9,05,2019,09,00,19,00,10h,
SpiceJet,15/03/2019,Mumbai,Hyderabad,BOM → HYD,13:10,14:30,1:20,0,No check-in baggage included,2385,15,03,2019,13,10,14,30,1,20
Multiple carriers,9/06/2019,Delhi,Cochin,DEL → BOM → COK,13:00,21:00,8h,1,No Info,13587,9,06,2019,13,00,21,00,8h,
IndiGo,3/03/2019,Delhi,Cochin,DEL → BBI → COK,02:35,08:30,5:55,1,No Info,13790,3,03,2019,02,35,08,30,5,55
Air India,15/05/2019,Delhi,Cochin,DEL → HYD → MAA → COK,09:45,09:25,23:40,2,No Info,10975,15,05,2019,09,45,09,25,23,40
Jet Airways,21/05/2019,Kolkata,Banglore,CCU → BOM → BLR,08:25,09:20,24:55,1,No Info,14388,21,05,2019,08,25,09,20,24,55
Multiple carriers,6/06/2019,Delhi,Cochin,DEL → BOM → COK,18:00,01:30,7:30,1,No Info,7198,6,06,2019,18,00,01,30,7,30
Jet Airways,9/05/2019,Delhi,Cochin,DEL → JAI → BOM → COK,09:40,12:35,26:55,2,In-flight meal not included,13029,9,05,2019,09,40,12,35,26,55
Multiple carriers,27/05/2019,Delhi,Cochin,DEL → BOM → COK,07:05,19:15,12:10,1,In-flight meal not included,12717,27,05,2019,07,05,19,15,12,10
IndiGo,3/03/2019,Delhi,Cochin,DEL → BOM → COK,06:40,13:20,6:40,1,No Info,14871,3,03,2019,06,40,13,20,6,40
Jet Airways,6/06/2019,Kolkata,Banglore,CCU → BOM → PNQ → BLR,06:30,20:50,14:20,2,In-flight meal not included,10118,6,06,2019,06,30,20,50,14,20
Jet Airways,6/06/2019,Delhi,Cochin,DEL → BOM → COK,22:50,04:25,5:35,1,In-flight meal not included,10262,6,06,2019,22,50,04,25,5,35
Jet Airways,24/03/2019,Mumbai,Hyderabad,BOM → HYD,02:55,04:25,1:30,0,In-flight meal not included,2071,24,03,2019,02,55,04,25,1,30
Air India,27/04/2019,Banglore,Delhi,BLR → DEL,21:05,23:55,2:50,0,No Info,5228,27,04,2019,21,05,23,55,2,50
Jet Airways,21/03/2019,Banglore,New Delhi,BLR → BOM → DEL,16:55,11:25,18:30,1,In-flight meal not included,7832,21,03,2019,16,55,11,25,18,30
Multiple carriers,6/06/2019,Delhi,Cochin,DEL → BOM → COK,11:40,21:00,9:20,1,No Info,7005,6,06,2019,11,40,21,00,9,20
Jet Airways,9/06/2019,Delhi,Cochin,DEL → BDQ → BOM → COK,18:25,12:35,18:10,2,No Info,14237,9,06,2019,18,25,12,35,18,10
SpiceJet,6/04/2019,Banglore,Delhi,BLR → DEL,21:10,00:05,2:55,0,No Info,3971,6,04,2019,21,10,00,05,2,55
IndiGo,21/06/2019,Banglore,Delhi,BLR → DEL,22:10,01:00,2:50,0,No Info,3943,21,06,2019,22,10,01,00,2,50
IndiGo,27/03/2019,Delhi,Cochin,DEL → BOM → COK,06:40,15:30,8:50,1,No Info,8574,27,03,2019,06,40,15,30,8,50
Air India,15/06/2019,Delhi,Cochin,DEL → BHO → BOM → COK,05:55,19:15,13:20,2,No Info,12646,15,06,2019,05,55,19,15,13,20
Jet Airways,21/03/2019,Delhi,Cochin,DEL → UDR → BOM → COK,13:00,18:50,29:50,2,No Info,13082,21,03,2019,13,00,18,50,29,50
Jet Airways,21/05/2019,Kolkata,Banglore,CCU → BOM → BLR,08:25,08:15,23:50,1,No Info,13941,21,05,2019,08,25,08,15,23,50
GoAir,6/04/2019,Delhi,Cochin,DEL → BOM → COK,07:00,12:55,5:55,1,No Info,5135,6,04,2019,07,00,12,55,5,55
Air India,21/05/2019,Kolkata,Banglore,CCU → DEL → BLR,10:00,20:25,10:25,1,No Info,11096,21,05,2019,10,00,20,25,10,25
Jet Airways,18/03/2019,Banglore,New Delhi,BLR → BOM → DEL,22:50,09:30,10:40,1,No Info,13555,18,03,2019,22,50,09,30,10,40
Vistara,12/04/2019,Banglore,Delhi,BLR → DEL,09:45,12:35,2:50,0,No Info,5403,12,04,2019,09,45,12,35,2,50
Jet Airways,24/06/2019,Delhi,Cochin,DEL → JDH → BOM → COK,11:40,19:00,7:20,2,In-flight meal not included,15812,24,06,2019,11,40,19,00,7,20
Jet Airways,21/05/2019,Kolkata,Banglore,CCU → BOM → BLR,20:00,08:15,12:15,1,No Info,14781,21,05,2019,20,00,08,15,12,15
Air India,6/06/2019,Delhi,Cochin,DEL → BLR → COK,13:30,23:00,9:30,1,No Info,8907,6,06,2019,13,30,23,00,9,30
Air India,3/05/2019,Kolkata,Banglore,CCU → BLR,20:45,23:20,2:35,0,No Info,4145,3,05,2019,20,45,23,20,2,35
Jet Airways,9/06/2019,Kolkata,Banglore,CCU → DEL → BLR,20:25,09:45,13:20,1,No Info,14151,9,06,2019,20,25,09,45,13,20
Multiple carriers,27/03/2019,Delhi,Cochin,DEL → BOM → COK,06:00,15:30,9:30,1,No Info,7845,27,03,2019,06,00,15,30,9,30
Multiple carriers,15/05/2019,Delhi,Cochin,DEL → BOM → COK,09:15,19:15,10h,1,No Info,8099,15,05,2019,09,15,19,15,10h,
Multiple carriers,27/05/2019,Delhi,Cochin,DEL → BOM → COK,15:00,01:30,10:30,1,No Info,13377,27,05,2019,15,00,01,30,10,30
Air India,12/03/2019,Banglore,New Delhi,BLR → HYD → VGA → DEL,06:50,11:20,28:30,2,No Info,12734,12,03,2019,06,50,11,20,28,30
Jet Airways,3/06/2019,Delhi,Cochin,DEL → BOM → COK,22:50,04:25,5:35,1,In-flight meal not included,10262,3,06,2019,22,50,04,25,5,35
Jet Airways,15/05/2019,Banglore,Delhi,BLR → DEL,18:55,22:00,3:5,0,No Info,7229,15,05,2019,18,55,22,00,3,5
Vistara,6/03/2019,Mumbai,Hyderabad,BOM → DEL → HYD,08:45,09:25,24:40,1,No Info,12395,6,03,2019,08,45,09,25,24,40
Jet Airways,24/03/2019,Kolkata,Banglore,CCU → BOM → BLR,19:45,09:15,13:30,1,In-flight meal not included,11134,24,03,2019,19,45,09,15,13,30
Jet Airways,21/03/2019,Delhi,Cochin,DEL → BOM → COK,13:00,18:50,5:50,1,In-flight meal not included,6540,21,03,2019,13,00,18,50,5,50
Multiple carriers,6/06/2019,Delhi,Cochin,DEL → BOM → COK,06:40,19:15,12:35,1,No Info,7354,6,06,2019,06,40,19,15,12,35
Air India,24/06/2019,Delhi,Cochin,DEL → JAI → BOM → COK,12:00,07:40,19:40,2,No Info,9548,24,06,2019,12,00,07,40,19,40
Vistara,1/05/2019,Kolkata,Banglore,CCU → DEL → BLR,07:10,10:45,27:35,1,No Info,9187,1,05,2019,07,10,10,45,27,35
IndiGo,9/05/2019,Delhi,Cochin,DEL → HYD → COK,07:35,12:10,4:35,1,No Info,5054,9,05,2019,07,35,12,10,4,35
Air India,9/06/2019,Kolkata,Banglore,CCU → DEL → BLR,10:00,20:25,10:25,1,No Info,10413,9,06,2019,10,00,20,25,10,25
IndiGo,27/05/2019,Kolkata,Banglore,CCU → BLR,21:25,00:05,2:40,0,No Info,4804,27,05,2019,21,25,00,05,2,40
IndiGo,15/06/2019,Mumbai,Hyderabad,BOM → HYD,06:25,07:55,1:30,0,No Info,4049,15,06,2019,06,25,07,55,1,30
Multiple carriers,27/06/2019,Delhi,Cochin,DEL → BOM → COK,19:00,01:30,6:30,1,No Info,6795,27,06,2019,19,00,01,30,6,30
Air India,21/03/2019,Kolkata,Banglore,CCU → BLR,20:45,23:20,2:35,0,No Info,4435,21,03,2019,20,45,23,20,2,35
Jet Airways,12/06/2019,Kolkata,Banglore,CCU → BOM → BLR,16:30,04:40,12:10,1,In-flight meal not included,6224,12,06,2019,16,30,04,40,12,10
IndiGo,12/06/2019,Kolkata,Banglore,CCU → BLR,20:20,22:55,2:35,0,No Info,4804,12,06,2019,20,20,22,55,2,35
IndiGo,15/04/2019,Delhi,Cochin,DEL → HYD → COK,05:05,16:10,11:5,1,No Info,6171,15,04,2019,05,05,16,10,11,5
IndiGo,3/06/2019,Delhi,Cochin,DEL → BOM → COK,11:25,21:00,9:35,1,No Info,6093,3,06,2019,11,25,21,00,9,35
IndiGo,12/04/2019,Kolkata,Banglore,CCU → BLR,17:15,19:50,2:35,0,No Info,4174,12,04,2019,17,15,19,50,2,35
IndiGo,6/05/2019,Mumbai,Hyderabad,BOM → HYD,02:35,04:05,1:30,0,No Info,3342,6,05,2019,02,35,04,05,1,30
Multiple carriers,3/06/2019,Delhi,Cochin,DEL → BOM → COK,10:00,21:00,11h,1,No Info,13587,3,06,2019,10,00,21,00,11h,
Jet Airways,21/05/2019,Delhi,Cochin,DEL → BOM → COK,21:50,04:25,6:35,1,No Info,16079,21,05,2019,21,50,04,25,6,35
IndiGo,18/04/2019,Delhi,Cochin,DEL → COK,05:35,08:50,3:15,0,No Info,6015,18,04,2019,05,35,08,50,3,15
Jet Airways,24/05/2019,Kolkata,Banglore,CCU → DEL → BLR,17:00,19:10,26:10,1,No Info,13067,24,05,2019,17,00,19,10,26,10
Multiple carriers,15/05/2019,Delhi,Cochin,DEL → BOM → COK,04:55,12:35,7:40,1,No Info,9103,15,05,2019,04,55,12,35,7,40
Jet Airways,24/05/2019,Kolkata,Banglore,CCU → DEL → BLR,20:25,23:35,27:10,1,No Info,14151,24,05,2019,20,25,23,35,27,10
Jet Airways,27/03/2019,Delhi,Cochin,DEL → IXC → BOM → COK,06:20,18:50,12:30,2,No Info,11538,27,03,2019,06,20,18,50,12,30
IndiGo,9/03/2019,Delhi,Cochin,DEL → HYD → MAA → COK,08:35,21:20,12:45,2,No Info,8146,9,03,2019,08,35,21,20,12,45
Air India,6/05/2019,Kolkata,Banglore,CCU → HYD → BLR,19:00,04:40,9:40,1,No Info,6117,6,05,2019,19,00,04,40,9,40
Jet Airways,3/03/2019,Delhi,Cochin,DEL → BOM → COK,02:15,04:25,26:10,1,No Info,17024,3,03,2019,02,15,04,25,26,10
Jet Airways,01/03/2019,Banglore,New Delhi,BLR → BOM → DEL,14:05,07:40,17:35,1,1 Long layover,22270,01,03,2019,14,05,07,40,17,35
Jet Airways,9/06/2019,Kolkata,Banglore,CCU → DEL → BLR,20:25,21:05,24:40,1,No Info,12692,9,06,2019,20,25,21,05,24,40
Vistara,12/06/2019,Kolkata,Banglore,CCU → DEL → BLR,07:10,20:20,13:10,1,No Info,8610,12,06,2019,07,10,20,20,13,10
Multiple carriers,24/06/2019,Delhi,Cochin,DEL → HYD → COK,07:10,22:30,15:20,1,No Info,6723,24,06,2019,07,10,22,30,15,20
Vistara,12/05/2019,Banglore,Delhi,BLR → DEL,17:00,19:35,2:35,0,No Info,4878,12,05,2019,17,00,19,35,2,35
Jet Airways,06/03/2019,Banglore,New Delhi,BLR → BOM → DEL,20:35,07:40,11:5,1,No Info,16736,06,03,2019,20,35,07,40,11,5
Jet Airways,24/03/2019,Kolkata,Banglore,CCU → BOM → BLR,13:55,09:15,19:20,1,In-flight meal not included,11134,24,03,2019,13,55,09,15,19,20
IndiGo,3/05/2019,Banglore,Delhi,BLR → DEL,04:00,06:50,2:50,0,No Info,3943,3,05,2019,04,00,06,50,2,50
Multiple carriers,12/06/2019,Delhi,Cochin,DEL → BOM → COK,09:00,21:00,12h,1,No Info,13587,12,06,2019,09,00,21,00,12h,
Jet Airways,6/03/2019,Delhi,Cochin,DEL → IDR → BOM → COK,05:25,04:25,23h,2,No Info,16914,6,03,2019,05,25,04,25,23h,
SpiceJet,18/05/2019,Mumbai,Hyderabad,BOM → HYD,22:45,00:15,1:30,0,No check-in baggage included,1965,18,05,2019,22,45,00,15,1,30
Multiple carriers,9/05/2019,Delhi,Cochin,DEL → BOM → COK,13:00,21:00,8h,1,No Info,8073,9,05,2019,13,00,21,00,8h,
IndiGo,3/06/2019,Banglore,Delhi,BLR → DEL,13:00,15:50,2:50,0,No Info,3943,3,06,2019,13,00,15,50,2,50
IndiGo,12/05/2019,Kolkata,Banglore,CCU → HYD → BLR,15:15,20:05,4:50,1,No Info,5170,12,05,2019,15,15,20,05,4,50
GoAir,15/05/2019,Banglore,Delhi,BLR → DEL,11:40,14:30,2:50,0,No Info,3398,15,05,2019,11,40,14,30,2,50
Air Asia,18/04/2019,Kolkata,Banglore,CCU → BLR,10:20,12:55,2:35,0,No Info,4409,18,04,2019,10,20,12,55,2,35
Jet Airways,21/06/2019,Banglore,Delhi,BLR → DEL,17:45,20:45,3h,0,No Info,8541,21,06,2019,17,45,20,45,3h,
IndiGo,21/03/2019,Banglore,New Delhi,BLR → DEL,04:00,06:50,2:50,0,No Info,4777,21,03,2019,04,00,06,50,2,50
SpiceJet,18/03/2019,Kolkata,Banglore,CCU → BLR,22:20,00:40,2:20,0,No Info,3847,18,03,2019,22,20,00,40,2,20
Jet Airways,1/04/2019,Kolkata,Banglore,CCU → BOM → BLR,18:55,12:00,17:5,1,In-flight meal not included,7064,1,04,2019,18,55,12,00,17,5
Vistara,27/05/2019,Banglore,Delhi,BLR → DEL,21:00,23:50,2:50,0,No Info,4668,27,05,2019,21,00,23,50,2,50
SpiceJet,18/03/2019,Mumbai,Hyderabad,BOM → HYD,22:45,00:10,1:25,0,No check-in baggage included,1965,18,03,2019,22,45,00,10,1,25
Jet Airways,21/05/2019,Kolkata,Banglore,CCU → BOM → BLR,06:30,16:20,9:50,1,No Info,14781,21,05,2019,06,30,16,20,9,50
IndiGo,15/06/2019,Mumbai,Hyderabad,BOM → HYD,09:10,10:40,1:30,0,No Info,4049,15,06,2019,09,10,10,40,1,30
Jet Airways,18/05/2019,Kolkata,Banglore,CCU → BOM → BLR,18:55,08:15,13:20,1,No Info,13584,18,05,2019,18,55,08,15,13,20
Jet Airways,18/05/2019,Delhi,Cochin,DEL → BOM → COK,20:55,12:35,15:40,1,In-flight meal not included,12373,18,05,2019,20,55,12,35,15,40
Jet Airways,27/05/2019,Delhi,Cochin,DEL → BOM → COK,16:00,19:00,27h,1,No Info,16079,27,05,2019,16,00,19,00,27h,
Jet Airways,24/05/2019,Banglore,Delhi,BLR → DEL,08:20,11:20,3h,0,No Info,7229,24,05,2019,08,20,11,20,3h,
Jet Airways,06/03/2019,Banglore,New Delhi,BLR → BOM → DEL,21:25,21:20,23:55,1,No Info,17471,06,03,2019,21,25,21,20,23,55
Jet Airways,12/05/2019,Kolkata,Banglore,CCU → BOM → BLR,06:30,16:20,9:50,1,No Info,14781,12,05,2019,06,30,16,20,9,50
Jet Airways,9/06/2019,Kolkata,Banglore,CCU → BOM → BLR,06:30,19:50,13:20,1,No Info,14571,9,06,2019,06,30,19,50,13,20
Multiple carriers,18/05/2019,Delhi,Cochin,DEL → BOM → COK,03:50,12:35,8:45,1,No Info,10197,18,05,2019,03,50,12,35,8,45
SpiceJet,1/06/2019,Delhi,Cochin,DEL → BLR → COK,17:55,22:50,4:55,1,No Info,5975,1,06,2019,17,55,22,50,4,55
Multiple carriers,9/04/2019,Delhi,Cochin,DEL → BOM → COK,17:45,01:30,7:45,1,No Info,8535,9,04,2019,17,45,01,30,7,45
Multiple carriers,27/03/2019,Delhi,Cochin,DEL → BOM → COK,09:55,21:00,11:5,1,No Info,12537,27,03,2019,09,55,21,00,11,5
Air India,24/05/2019,Kolkata,Banglore,CCU → BLR,20:45,23:20,2:35,0,No Info,4145,24,05,2019,20,45,23,20,2,35
IndiGo,15/03/2019,Mumbai,Hyderabad,BOM → HYD,09:10,10:40,1:30,0,No Info,4049,15,03,2019,09,10,10,40,1,30
Air Asia,9/05/2019,Kolkata,Banglore,CCU → DEL → BLR,22:40,10:40,12h,1,No Info,5192,9,05,2019,22,40,10,40,12h,
Air India,9/05/2019,Banglore,Delhi,BLR → DEL,21:05,23:55,2:50,0,No Info,6121,9,05,2019,21,05,23,55,2,50
Air India,24/06/2019,Delhi,Cochin,DEL → BOM → COK,03:50,19:15,15:25,1,No Info,8669,24,06,2019,03,50,19,15,15,25
Multiple carriers,18/05/2019,Delhi,Cochin,DEL → BOM → COK,06:00,19:15,13:15,1,No Info,8476,18,05,2019,06,00,19,15,13,15
SpiceJet,21/06/2019,Mumbai,Hyderabad,BOM → HYD,05:45,07:15,1:30,0,No check-in baggage included,2647,21,06,2019,05,45,07,15,1,30
Jet Airways,6/06/2019,Delhi,Cochin,DEL → BOM → COK,20:55,19:00,22:5,1,No Info,14714,6,06,2019,20,55,19,00,22,5
Air India,6/03/2019,Delhi,Cochin,DEL → BLR → COK,20:30,08:15,11:45,1,No Info,10566,6,03,2019,20,30,08,15,11,45
Jet Airways,15/06/2019,Delhi,Cochin,DEL → BOM → COK,11:30,19:00,7:30,1,In-flight meal not included,10262,15,06,2019,11,30,19,00,7,30
Multiple carriers,21/03/2019,Delhi,Cochin,DEL → BOM → COK,10:00,01:35,15:35,1,No Info,8098,21,03,2019,10,00,01,35,15,35
Multiple carriers,27/03/2019,Delhi,Cochin,DEL → BOM → COK,10:00,21:00,11h,1,No Info,6883,27,03,2019,10,00,21,00,11h,
Multiple carriers,15/06/2019,Delhi,Cochin,DEL → BOM → COK,10:00,19:15,9:15,1,No Info,16108,15,06,2019,10,00,19,15,9,15
SpiceJet,18/03/2019,Kolkata,Banglore,CCU → BLR,17:15,19:45,2:30,0,No check-in baggage included,4413,18,03,2019,17,15,19,45,2,30
Jet Airways,1/06/2019,Delhi,Cochin,DEL → NAG → BOM → COK,14:35,12:35,22h,2,In-flight meal not included,10919,1,06,2019,14,35,12,35,22h,
IndiGo,9/05/2019,Kolkata,Banglore,CCU → BLR,21:25,00:05,2:40,0,No Info,4804,9,05,2019,21,25,00,05,2,40
Jet Airways,6/06/2019,Kolkata,Banglore,CCU → DEL → BLR,20:25,10:55,14:30,1,In-flight meal not included,10539,6,06,2019,20,25,10,55,14,30
IndiGo,09/03/2019,Banglore,New Delhi,BLR → DEL,22:20,01:10,2:50,0,No Info,4377,09,03,2019,22,20,01,10,2,50
Air India,6/06/2019,Banglore,Delhi,BLR → DEL,06:10,08:55,2:45,0,No Info,6961,6,06,2019,06,10,08,55,2,45
Multiple carriers,27/05/2019,Delhi,Cochin,DEL → BOM → COK,13:00,21:00,8h,1,No Info,7408,27,05,2019,13,00,21,00,8h,
IndiGo,9/05/2019,Banglore,Delhi,BLR → DEL,18:55,21:50,2:55,0,No Info,4823,9,05,2019,18,55,21,50,2,55
IndiGo,21/03/2019,Kolkata,Banglore,CCU → BLR,14:20,16:55,2:35,0,No Info,5198,21,03,2019,14,20,16,55,2,35
Jet Airways,1/06/2019,Delhi,Cochin,DEL → BOM → COK,17:30,19:00,25:30,1,In-flight meal not included,10262,1,06,2019,17,30,19,00,25,30
Vistara,27/04/2019,Banglore,Delhi,BLR → DEL,17:00,19:35,2:35,0,No Info,5613,27,04,2019,17,00,19,35,2,35
Jet Airways,12/06/2019,Delhi,Cochin,DEL → BOM → COK,20:55,04:25,7:30,1,In-flight meal not included,10262,12,06,2019,20,55,04,25,7,30
IndiGo,3/05/2019,Mumbai,Hyderabad,BOM → HYD,09:10,10:40,1:30,0,No Info,5755,3,05,2019,09,10,10,40,1,30
Vistara,21/05/2019,Chennai,Kolkata,MAA → CCU,07:05,09:20,2:15,0,No Info,3687,21,05,2019,07,05,09,20,2,15
Jet Airways,3/06/2019,Mumbai,Hyderabad,BOM → HYD,19:35,21:05,1:30,0,No Info,5678,3,06,2019,19,35,21,05,1,30
Multiple carriers,21/03/2019,Delhi,Cochin,DEL → BOM → COK,18:15,01:35,7:20,1,No Info,13542,21,03,2019,18,15,01,35,7,20
Jet Airways,21/03/2019,Delhi,Cochin,DEL → BOM → COK,19:15,18:50,23:35,1,No Info,12347,21,03,2019,19,15,18,50,23,35
Jet Airways,21/05/2019,Kolkata,Banglore,CCU → DEL → BLR,09:35,19:10,9:35,1,In-flight meal not included,12384,21,05,2019,09,35,19,10,9,35
Jet Airways,9/04/2019,Delhi,Cochin,DEL → JAI → BOM → COK,05:30,04:25,22:55,2,No Info,10909,9,04,2019,05,30,04,25,22,55
IndiGo,3/06/2019,Banglore,Delhi,BLR → DEL,16:55,19:55,3h,0,No Info,4823,3,06,2019,16,55,19,55,3h,
IndiGo,12/06/2019,Delhi,Cochin,DEL → BOM → COK,16:00,21:00,5h,1,No Info,6069,12,06,2019,16,00,21,00,5h,
Jet Airways,21/05/2019,Delhi,Cochin,DEL → BOM → COK,16:00,19:00,27h,1,In-flight meal not included,12898,21,05,2019,16,00,19,00,27h,
IndiGo,15/06/2019,Kolkata,Banglore,CCU → BLR,04:40,07:15,2:35,0,No Info,4804,15,06,2019,04,40,07,15,2,35
Jet Airways,24/03/2019,Kolkata,Banglore,CCU → BOM → BLR,08:25,04:45,20:20,1,In-flight meal not included,10031,24,03,2019,08,25,04,45,20,20
IndiGo,9/06/2019,Delhi,Cochin,DEL → HYD → COK,07:35,22:30,14:55,1,No Info,6442,9,06,2019,07,35,22,30,14,55
Air India,21/05/2019,Delhi,Cochin,DEL → JAI → BOM → COK,12:00,07:40,19:40,2,No Info,9653,21,05,2019,12,00,07,40,19,40
Vistara,9/06/2019,Kolkata,Banglore,CCU → DEL → BLR,17:00,20:20,27:20,1,No Info,8610,9,06,2019,17,00,20,20,27,20
Jet Airways,12/06/2019,Delhi,Cochin,DEL → BOM → COK,14:00,19:00,5h,1,No Info,14714,12,06,2019,14,00,19,00,5h,
Air India,01/03/2019,Banglore,New Delhi,BLR → AMD → DEL,00:30,23:55,23:25,1,1 Long layover,12599,01,03,2019,00,30,23,55,23,25
Multiple carriers,9/05/2019,Delhi,Cochin,DEL → BOM → COK,04:55,19:00,14:5,1,No Info,9103,9,05,2019,04,55,19,00,14,5
Jet Airways,21/05/2019,Delhi,Cochin,DEL → BOM → COK,22:50,04:25,5:35,1,In-flight meal not included,12898,21,05,2019,22,50,04,25,5,35
SpiceJet,6/06/2019,Mumbai,Hyderabad,BOM → HYD,05:45,07:15,1:30,0,No check-in baggage included,2647,6,06,2019,05,45,07,15,1,30
Jet Airways,3/03/2019,Mumbai,Hyderabad,BOM → HYD,07:10,08:35,1:25,0,No Info,5678,3,03,2019,07,10,08,35,1,25
Jet Airways,18/05/2019,Delhi,Cochin,DEL → BOM → COK,19:15,12:35,17:20,1,In-flight meal not included,12373,18,05,2019,19,15,12,35,17,20
SpiceJet,27/03/2019,Kolkata,Banglore,CCU → BLR,17:15,19:45,2:30,0,No Info,3847,27,03,2019,17,15,19,45,2,30
Jet Airways,21/05/2019,Kolkata,Banglore,CCU → DEL → BLR,17:00,18:00,25h,1,No Info,14151,21,05,2019,17,00,18,00,25h,
Jet Airways,6/03/2019,Delhi,Cochin,DEL → BOM → COK,08:00,04:25,20:25,1,In-flight meal not included,13843,6,03,2019,08,00,04,25,20,25
Jet Airways,18/05/2019,Banglore,Delhi,BLR → DEL,15:15,18:10,2:55,0,No Info,7229,18,05,2019,15,15,18,10,2,55
Jet Airways,18/06/2019,Mumbai,Hyderabad,BOM → HYD,02:55,04:20,1:25,0,In-flight meal not included,4995,18,06,2019,02,55,04,20,1,25
Jet Airways,6/06/2019,Delhi,Cochin,DEL → BOM → COK,20:55,04:25,7:30,1,In-flight meal not included,10262,6,06,2019,20,55,04,25,7,30
Jet Airways,9/05/2019,Delhi,Cochin,DEL → JAI → BOM → COK,05:30,04:25,22:55,2,In-flight meal not included,13029,9,05,2019,05,30,04,25,22,55
Jet Airways,9/03/2019,Delhi,Cochin,DEL → BOM → COK,19:15,04:25,9:10,1,In-flight meal not included,14053,9,03,2019,19,15,04,25,9,10
Jet Airways,01/03/2019,Banglore,New Delhi,BLR → BOM → DEL,16:55,07:40,14:45,1,1 Long layover,26890,01,03,2019,16,55,07,40,14,45
SpiceJet,1/04/2019,Kolkata,Banglore,CCU → BLR,17:10,19:40,2:30,0,No check-in baggage included,3841,1,04,2019,17,10,19,40,2,30
Air India,01/03/2019,Banglore,New Delhi,BLR → VGA → DEL,10:30,22:55,12:25,1,No Info,11003,01,03,2019,10,30,22,55,12,25
Vistara,9/04/2019,Banglore,Delhi,BLR → DEL,11:30,14:20,2:50,0,No Info,5403,9,04,2019,11,30,14,20,2,50
Multiple carriers,3/03/2019,Delhi,Cochin,DEL → BOM → COK,08:00,18:50,10:50,1,No Info,15342,3,03,2019,08,00,18,50,10,50
Air India,12/06/2019,Kolkata,Banglore,CCU → DEL → COK → BLR,20:30,13:45,17:15,2,No Info,12224,12,06,2019,20,30,13,45,17,15
IndiGo,15/03/2019,Chennai,Kolkata,MAA → CCU,19:35,21:55,2:20,0,No Info,6297,15,03,2019,19,35,21,55,2,20
SpiceJet,1/05/2019,Kolkata,Banglore,CCU → IXB → BLR,15:55,21:25,5:30,1,No Info,8844,1,05,2019,15,55,21,25,5,30
Multiple carriers,1/06/2019,Delhi,Cochin,DEL → BOM → COK,14:00,01:30,11:30,1,No Info,13377,1,06,2019,14,00,01,30,11,30
GoAir,09/03/2019,Banglore,New Delhi,BLR → DEL,20:55,23:50,2:55,0,No Info,5706,09,03,2019,20,55,23,50,2,55
Air India,12/06/2019,Delhi,Cochin,DEL → BOM → COK,21:00,07:40,10:40,1,No Info,8372,12,06,2019,21,00,07,40,10,40
IndiGo,27/05/2019,Delhi,Cochin,DEL → BOM → COK,06:40,21:00,14:20,1,No Info,6526,27,05,2019,06,40,21,00,14,20
IndiGo,1/06/2019,Banglore,Delhi,BLR → DEL,16:55,19:45,2:50,0,No Info,4823,1,06,2019,16,55,19,45,2,50
IndiGo,24/06/2019,Mumbai,Hyderabad,BOM → HYD,16:55,18:25,1:30,0,No Info,3175,24,06,2019,16,55,18,25,1,30
Multiple carriers,6/05/2019,Delhi,Cochin,DEL → BOM → COK,09:00,19:00,10h,1,No Info,10407,6,05,2019,09,00,19,00,10h,
IndiGo,18/04/2019,Banglore,Delhi,BLR → DEL,04:00,06:50,2:50,0,No Info,4423,18,04,2019,04,00,06,50,2,50
Vistara,9/05/2019,Kolkata,Banglore,CCU → DEL → BLR,17:00,20:20,27:20,1,No Info,9555,9,05,2019,17,00,20,20,27,20
Jet Airways,1/04/2019,Kolkata,Banglore,CCU → BOM → BLR,16:30,16:20,23:50,1,No Info,12681,1,04,2019,16,30,16,20,23,50
Jet Airways,6/06/2019,Kolkata,Banglore,CCU → BOM → BLR,14:05,04:40,14:35,1,No Info,13059,6,06,2019,14,05,04,40,14,35
Jet Airways,9/05/2019,Kolkata,Banglore,CCU → BOM → BLR,16:30,10:05,17:35,1,In-flight meal not included,8586,9,05,2019,16,30,10,05,17,35
GoAir,6/04/2019,Banglore,Delhi,BLR → DEL,20:55,23:40,2:45,0,No Info,3419,6,04,2019,20,55,23,40,2,45
SpiceJet,3/06/2019,Kolkata,Banglore,CCU → BLR,17:10,19:40,2:30,0,No Info,3873,3,06,2019,17,10,19,40,2,30
Air India,6/06/2019,Kolkata,Banglore,CCU → DEL → BLR,10:00,20:25,10:25,1,No Info,10203,6,06,2019,10,00,20,25,10,25
Jet Airways,27/05/2019,Delhi,Cochin,DEL → JAI → BOM → COK,19:30,04:25,8:55,2,In-flight meal not included,13029,27,05,2019,19,30,04,25,8,55
Jet Airways,15/05/2019,Kolkata,Banglore,CCU → BOM → BLR,16:30,22:35,6:5,1,In-flight meal not included,10844,15,05,2019,16,30,22,35,6,5
Jet Airways,24/03/2019,Kolkata,Banglore,CCU → BOM → BLR,18:55,08:10,13:15,1,In-flight meal not included,11134,24,03,2019,18,55,08,10,13,15
Vistara,12/06/2019,Kolkata,Banglore,CCU → DEL → BLR,20:20,18:50,22:30,1,No Info,8610,12,06,2019,20,20,18,50,22,30
IndiGo,15/04/2019,Kolkata,Banglore,CCU → BLR,20:20,22:55,2:35,0,No Info,4174,15,04,2019,20,20,22,55,2,35
Jet Airways,09/03/2019,Banglore,New Delhi,BLR → BOM → DEL,08:00,09:30,25:30,1,In-flight meal not included,11087,09,03,2019,08,00,09,30,25,30
SpiceJet,18/06/2019,Banglore,Delhi,BLR → DEL,21:10,00:05,2:55,0,No Info,3971,18,06,2019,21,10,00,05,2,55
Jet Airways,9/04/2019,Delhi,Cochin,DEL → BOM → COK,07:05,19:00,11:55,1,No Info,17531,9,04,2019,07,05,19,00,11,55
SpiceJet,6/06/2019,Banglore,Delhi,BLR → DEL,05:55,08:35,2:40,0,No check-in baggage included,3573,6,06,2019,05,55,08,35,2,40
Air India,1/05/2019,Kolkata,Banglore,CCU → BOM → BLR,09:25,07:55,22:30,1,No Info,8366,1,05,2019,09,25,07,55,22,30
Air India,3/03/2019,Kolkata,Banglore,CCU → BLR,14:15,16:45,2:30,0,No Info,13885,3,03,2019,14,15,16,45,2,30
Multiple carriers,9/06/2019,Delhi,Cochin,DEL → IXU → BOM → COK,17:50,01:30,7:40,2,No Info,18485,9,06,2019,17,50,01,30,7,40
Air Asia,27/04/2019,Kolkata,Banglore,CCU → BLR,19:55,22:25,2:30,0,No Info,4409,27,04,2019,19,55,22,25,2,30
Vistara,1/05/2019,Kolkata,Banglore,CCU → DEL → BLR,20:20,23:25,27:5,1,No Info,8085,1,05,2019,20,20,23,25,27,5
Multiple carriers,6/06/2019,Delhi,Cochin,DEL → BOM → COK,17:30,01:30,8h,1,No Info,13377,6,06,2019,17,30,01,30,8h,
Air India,21/05/2019,Delhi,Cochin,DEL → UDR → BOM → COK,13:20,07:40,18:20,2,No Info,13538,21,05,2019,13,20,07,40,18,20
Multiple carriers,6/03/2019,Delhi,Cochin,DEL → BOM → COK,19:00,01:35,6:35,1,No Info,15147,6,03,2019,19,00,01,35,6,35
Jet Airways,27/05/2019,Banglore,Delhi,BLR → DEL,11:10,14:05,2:55,0,In-flight meal not included,4030,27,05,2019,11,10,14,05,2,55
Multiple carriers,6/06/2019,Delhi,Cochin,DEL → BOM → COK,08:00,19:15,11:15,1,No Info,14848,6,06,2019,08,00,19,15,11,15
Jet Airways,18/03/2019,Banglore,New Delhi,BLR → BOM → DEL,22:50,08:15,9:25,1,No Info,13555,18,03,2019,22,50,08,15,9,25
Air India,18/05/2019,Delhi,Cochin,DEL → HYD → MAA → COK,07:05,09:25,26:20,2,No Info,10975,18,05,2019,07,05,09,25,26,20
Jet Airways,21/05/2019,Delhi,Cochin,DEL → JAI → BOM → COK,09:40,12:35,26:55,2,In-flight meal not included,13029,21,05,2019,09,40,12,35,26,55
Jet Airways,12/05/2019,Kolkata,Banglore,CCU → BOM → BLR,08:25,09:20,24:55,1,In-flight meal not included,9663,12,05,2019,08,25,09,20,24,55
Jet Airways,1/06/2019,Mumbai,Hyderabad,BOM → HYD,10:20,11:50,1:30,0,In-flight meal not included,4050,1,06,2019,10,20,11,50,1,30
Jet Airways,3/06/2019,Delhi,Cochin,DEL → BOM → COK,17:30,04:25,10:55,1,No Info,14714,3,06,2019,17,30,04,25,10,55
Air India,01/03/2019,Banglore,New Delhi,BLR → VGA → HYD → DEL,10:30,21:25,10:55,2,No Info,11213,01,03,2019,10,30,21,25,10,55
Jet Airways,9/04/2019,Banglore,Delhi,BLR → DEL,06:00,08:45,2:45,0,In-flight meal not included,4544,9,04,2019,06,00,08,45,2,45
SpiceJet,15/06/2019,Kolkata,Banglore,CCU → BLR,09:00,11:25,2:25,0,No Info,3873,15,06,2019,09,00,11,25,2,25
Multiple carriers,9/04/2019,Delhi,Cochin,DEL → BOM → COK,13:00,21:00,8h,1,No Info,12537,9,04,2019,13,00,21,00,8h,
Jet Airways,6/05/2019,Kolkata,Banglore,CCU → DEL → BLR,09:35,19:10,9:35,1,No Info,13067,6,05,2019,09,35,19,10,9,35
Jet Airways,9/05/2019,Delhi,Cochin,DEL → AMD → BOM → COK,23:05,04:25,29:20,2,No Info,16704,9,05,2019,23,05,04,25,29,20
Air India,15/03/2019,Banglore,New Delhi,BLR → BOM → DEL,06:45,12:15,5:30,1,No Info,8714,15,03,2019,06,45,12,15,5,30
Jet Airways,3/06/2019,Delhi,Cochin,DEL → NAG → BOM → COK,14:35,12:35,22h,2,No Info,13376,3,06,2019,14,35,12,35,22h,
SpiceJet,27/06/2019,Chennai,Kolkata,MAA → CCU,08:20,10:35,2:15,0,No Info,3597,27,06,2019,08,20,10,35,2,15
Multiple carriers,18/05/2019,Delhi,Cochin,DEL → BOM → COK,12:50,01:30,12:40,1,No Info,7670,18,05,2019,12,50,01,30,12,40
Air India,24/03/2019,Kolkata,Banglore,CCU → GAU → DEL → BLR,09:50,23:15,37:25,2,No Info,14410,24,03,2019,09,50,23,15,37,25
Air India,15/05/2019,Delhi,Cochin,DEL → MAA → COK,09:45,09:25,23:40,1,No Info,7480,15,05,2019,09,45,09,25,23,40
Jet Airways,9/05/2019,Kolkata,Banglore,CCU → BOM → BLR,20:00,18:15,22:15,1,No Info,13584,9,05,2019,20,00,18,15,22,15
Jet Airways,01/03/2019,Banglore,New Delhi,BLR → BOM → DEL,16:55,10:25,17:30,1,1 Long layover,25735,01,03,2019,16,55,10,25,17,30
Jet Airways,1/04/2019,Banglore,Delhi,BLR → DEL,17:45,20:45,3h,0,In-flight meal not included,4544,1,04,2019,17,45,20,45,3h,
Multiple carriers,21/05/2019,Delhi,Cochin,DEL → BOM → COK,09:15,19:15,10h,1,No Info,8099,21,05,2019,09,15,19,15,10h,
Jet Airways,15/05/2019,Kolkata,Banglore,CCU → BOM → BLR,16:30,04:40,12:10,1,In-flight meal not included,10844,15,05,2019,16,30,04,40,12,10
Jet Airways,21/03/2019,Delhi,Cochin,DEL → BOM → COK,19:15,04:25,9:10,1,No Info,12557,21,03,2019,19,15,04,25,9,10
Jet Airways,9/05/2019,Delhi,Cochin,DEL → COK,11:00,14:15,3:15,0,No Info,9564,9,05,2019,11,00,14,15,3,15
Jet Airways,12/03/2019,Banglore,New Delhi,BLR → BOM → DEL,21:25,09:30,12:5,1,No Info,13817,12,03,2019,21,25,09,30,12,5
Jet Airways,18/05/2019,Kolkata,Banglore,CCU → DEL → BLR,09:35,19:10,9:35,1,In-flight meal not included,12384,18,05,2019,09,35,19,10,9,35
Multiple carriers,21/05/2019,Delhi,Cochin,DEL → BOM → COK,04:55,19:15,14:20,1,No Info,7575,21,05,2019,04,55,19,15,14,20
Air India,6/05/2019,Kolkata,Banglore,CCU → GAU → DEL → BLR,16:45,12:00,19:15,2,No Info,14120,6,05,2019,16,45,12,00,19,15
Multiple carriers,9/03/2019,Delhi,Cochin,DEL → HYD → COK,07:05,22:20,15:15,1,No Info,6916,9,03,2019,07,05,22,20,15,15
Multiple carriers,27/05/2019,Delhi,Cochin,DEL → HYD → COK,07:10,22:30,15:20,1,No Info,7878,27,05,2019,07,10,22,30,15,20
Jet Airways,18/03/2019,Banglore,New Delhi,BLR → BOM → DEL,22:50,20:20,21:30,1,In-flight meal not included,11087,18,03,2019,22,50,20,20,21,30
IndiGo,27/04/2019,Kolkata,Banglore,CCU → BLR,14:25,16:55,2:30,0,No Info,4804,27,04,2019,14,25,16,55,2,30
SpiceJet,15/06/2019,Chennai,Kolkata,MAA → CCU,09:45,12:00,2:15,0,No Info,3597,15,06,2019,09,45,12,00,2,15
Air India,15/05/2019,Kolkata,Banglore,CCU → IXR → DEL → BLR,05:50,16:15,34:25,2,No Info,12723,15,05,2019,05,50,16,15,34,25
IndiGo,15/05/2019,Mumbai,Hyderabad,BOM → HYD,20:05,21:40,1:35,0,No Info,2227,15,05,2019,20,05,21,40,1,35
Air India,24/05/2019,Delhi,Cochin,DEL → BOM → COK,07:00,19:15,12:15,1,No Info,9929,24,05,2019,07,00,19,15,12,15
Jet Airways,9/06/2019,Kolkata,Banglore,CCU → BOM → BLR,21:10,09:20,12:10,1,In-flight meal not included,11841,9,06,2019,21,10,09,20,12,10
Jet Airways,9/05/2019,Delhi,Cochin,DEL → BOM → COK,11:30,04:25,16:55,1,In-flight meal not included,12373,9,05,2019,11,30,04,25,16,55
Jet Airways,21/05/2019,Delhi,Cochin,DEL → BOM → COK,20:55,19:00,22:5,1,In-flight meal not included,12898,21,05,2019,20,55,19,00,22,5
Air India,3/03/2019,Delhi,Cochin,DEL → BHO → BOM → COK,05:55,07:40,25:45,2,No Info,15113,3,03,2019,05,55,07,40,25,45
Multiple carriers,18/05/2019,Delhi,Cochin,DEL → BOM → COK,11:40,19:00,7:20,1,No Info,10529,18,05,2019,11,40,19,00,7,20
Air India,27/03/2019,Delhi,Cochin,DEL → HYD → BOM → COK,13:05,07:40,18:35,2,No Info,8875,27,03,2019,13,05,07,40,18,35
Jet Airways,15/05/2019,Kolkata,Banglore,CCU → BOM → BLR,08:25,20:45,12:20,1,In-flight meal not included,10844,15,05,2019,08,25,20,45,12,20
Air India,01/03/2019,Banglore,New Delhi,BLR → DEL,06:10,08:55,2:45,0,No Info,15676,01,03,2019,06,10,08,55,2,45
Jet Airways,1/04/2019,Kolkata,Banglore,CCU → BOM → BLR,08:25,23:35,15:10,1,In-flight meal not included,7064,1,04,2019,08,25,23,35,15,10
Jet Airways,9/06/2019,Kolkata,Banglore,CCU → BOM → BLR,08:25,19:50,11:25,1,In-flight meal not included,10844,9,06,2019,08,25,19,50,11,25
Jet Airways,6/03/2019,Mumbai,Hyderabad,BOM → DEL → HYD,14:00,16:50,26:50,1,No Info,19595,6,03,2019,14,00,16,50,26,50
Jet Airways,1/05/2019,Kolkata,Banglore,CCU → BOM → BLR,14:05,08:15,18:10,1,No Info,13941,1,05,2019,14,05,08,15,18,10
IndiGo,21/03/2019,Delhi,Cochin,DEL → HYD → COK,08:35,16:10,7:35,1,No Info,6790,21,03,2019,08,35,16,10,7,35
SpiceJet,27/04/2019,Kolkata,Banglore,CCU → BLR,09:00,11:25,2:25,0,No check-in baggage included,3841,27,04,2019,09,00,11,25,2,25
Jet Airways,18/03/2019,Banglore,New Delhi,BLR → BOM → DEL,11:40,09:00,21:20,1,In-flight meal not included,11087,18,03,2019,11,40,09,00,21,20
Air India,15/05/2019,Delhi,Cochin,DEL → AMD → BOM → COK,19:45,19:15,23:30,2,No Info,11491,15,05,2019,19,45,19,15,23,30
IndiGo,9/04/2019,Banglore,Delhi,BLR → DEL,05:30,08:20,2:50,0,No Info,3943,9,04,2019,05,30,08,20,2,50
Jet Airways,01/03/2019,Banglore,New Delhi,BLR → BOM → DEL,11:40,07:40,20h,1,No Info,22270,01,03,2019,11,40,07,40,20h,
Vistara,9/06/2019,Banglore,Delhi,BLR → DEL,17:00,19:35,2:35,0,No Info,4878,9,06,2019,17,00,19,35,2,35
Jet Airways,9/06/2019,Delhi,Cochin,DEL → BOM → COK,22:50,04:25,5:35,1,No Info,14714,9,06,2019,22,50,04,25,5,35
Multiple carriers,24/06/2019,Delhi,Cochin,DEL → BOM → COK,06:40,19:00,12:20,1,No Info,10877,24,06,2019,06,40,19,00,12,20
Air India,15/06/2019,Delhi,Cochin,DEL → AMD → BOM → COK,19:45,19:15,23:30,2,No Info,9653,15,06,2019,19,45,19,15,23,30
Jet Airways,24/05/2019,Kolkata,Banglore,CCU → BOM → BLR,20:00,12:00,16h,1,No Info,14571,24,05,2019,20,00,12,00,16h,
Jet Airways,1/04/2019,Kolkata,Banglore,CCU → BOM → BLR,18:55,20:45,25:50,1,In-flight meal not included,7064,1,04,2019,18,55,20,45,25,50
IndiGo,6/03/2019,Kolkata,Banglore,CCU → BLR,15:20,17:55,2:35,0,No Info,5618,6,03,2019,15,20,17,55,2,35
Multiple carriers,15/05/2019,Delhi,Cochin,DEL → BOM → COK,14:00,01:30,11:30,1,No Info,13727,15,05,2019,14,00,01,30,11,30
Vistara,1/04/2019,Delhi,Cochin,DEL → COK,14:40,17:50,3:10,0,No Info,4851,1,04,2019,14,40,17,50,3,10
Air India,24/03/2019,Kolkata,Banglore,CCU → BBI → BOM → BLR,09:10,21:50,12:40,2,No Info,15187,24,03,2019,09,10,21,50,12,40
GoAir,15/05/2019,Banglore,Delhi,BLR → DEL,07:45,10:40,2:55,0,No Info,3419,15,05,2019,07,45,10,40,2,55
IndiGo,1/04/2019,Banglore,Delhi,BLR → DEL,06:05,08:50,2:45,0,No Info,3943,1,04,2019,06,05,08,50,2,45
Jet Airways,18/05/2019,Delhi,Cochin,DEL → JAI → BOM → COK,09:40,12:35,26:55,2,No Info,15129,18,05,2019,09,40,12,35,26,55
IndiGo,21/06/2019,Banglore,Delhi,BLR → DEL,00:25,03:15,2:50,0,No Info,3419,21,06,2019,00,25,03,15,2,50
Air India,21/05/2019,Delhi,Cochin,DEL → BHO → BOM → COK,20:00,19:15,23:15,2,No Info,10861,21,05,2019,20,00,19,15,23,15
IndiGo,21/04/2019,Delhi,Cochin,DEL → BLR → COK,05:10,10:05,4:55,1,No Info,7074,21,04,2019,05,10,10,05,4,55
Air India,6/05/2019,Kolkata,Banglore,CCU → BOM → COK → BLR,09:25,15:05,29:40,2,No Info,11542,6,05,2019,09,25,15,05,29,40
IndiGo,21/04/2019,Delhi,Cochin,DEL → HYD → COK,06:50,12:10,5:20,1,No Info,6968,21,04,2019,06,50,12,10,5,20
Jet Airways,12/06/2019,Banglore,Delhi,BLR → DEL,17:45,20:45,3h,0,In-flight meal not included,5769,12,06,2019,17,45,20,45,3h,
Vistara,12/06/2019,Kolkata,Banglore,CCU → DEL → BLR,20:20,22:40,26:20,1,No Info,7927,12,06,2019,20,20,22,40,26,20
Jet Airways,12/06/2019,Kolkata,Banglore,CCU → BOM → BLR,18:55,08:15,13:20,1,No Info,13044,12,06,2019,18,55,08,15,13,20
Jet Airways,21/05/2019,Delhi,Cochin,DEL → AMD → BOM → COK,23:05,12:35,13:30,2,No Info,15129,21,05,2019,23,05,12,35,13,30
SpiceJet,1/05/2019,Kolkata,Banglore,CCU → BLR,09:00,11:25,2:25,0,No check-in baggage included,3841,1,05,2019,09,00,11,25,2,25
IndiGo,24/06/2019,Kolkata,Banglore,CCU → BLR,20:20,22:55,2:35,0,No Info,4804,24,06,2019,20,20,22,55,2,35
SpiceJet,12/04/2019,Banglore,Delhi,BLR → DEL,05:55,08:35,2:40,0,No check-in baggage included,4319,12,04,2019,05,55,08,35,2,40
Jet Airways,27/05/2019,Delhi,Cochin,DEL → BOM → COK,21:50,19:00,21:10,1,No Info,16079,27,05,2019,21,50,19,00,21,10
Jet Airways,18/03/2019,Banglore,New Delhi,BLR → BOM → DEL,22:50,05:05,6:15,1,No Info,54826,18,03,2019,22,50,05,05,6,15
IndiGo,9/03/2019,Delhi,Cochin,DEL → BOM → COK,17:30,01:35,8:5,1,No Info,12351,9,03,2019,17,30,01,35,8,5
Jet Airways,6/05/2019,Kolkata,Banglore,CCU → DEL → BLR,17:00,19:10,26:10,1,No Info,13067,6,05,2019,17,00,19,10,26,10
Jet Airways,12/03/2019,Banglore,New Delhi,BLR → BOM → DEL,18:55,07:40,12:45,1,No Info,13817,12,03,2019,18,55,07,40,12,45
SpiceJet,21/05/2019,Banglore,Delhi,BLR → DEL,21:10,00:05,2:55,0,No Info,3625,21,05,2019,21,10,00,05,2,55
Air India,12/03/2019,Mumbai,Hyderabad,BOM → JDH → JAI → DEL → HYD,09:40,15:15,29:35,3,No Info,18293,12,03,2019,09,40,15,15,29,35
Vistara,1/04/2019,Banglore,Delhi,BLR → DEL,19:30,22:15,2:45,0,No Info,5613,1,04,2019,19,30,22,15,2,45
Air India,6/03/2019,Delhi,Cochin,DEL → BLR → COK,06:10,08:15,26:5,1,No Info,11038,6,03,2019,06,10,08,15,26,5
IndiGo,3/04/2019,Banglore,Delhi,BLR → DEL,06:05,08:50,2:45,0,No Info,4077,3,04,2019,06,05,08,50,2,45
Multiple carriers,27/03/2019,Delhi,Cochin,DEL → BOM → COK,08:00,21:00,13h,1,No Info,6883,27,03,2019,08,00,21,00,13h,
Air India,03/03/2019,Banglore,New Delhi,BLR → DEL,17:00,19:45,2:45,0,No Info,19508,03,03,2019,17,00,19,45,2,45
Air India,15/03/2019,Banglore,New Delhi,BLR → BOM → DEL,08:50,23:15,14:25,1,No Info,8714,15,03,2019,08,50,23,15,14,25
IndiGo,1/05/2019,Kolkata,Banglore,CCU → BLR,04:40,07:15,2:35,0,No Info,4804,1,05,2019,04,40,07,15,2,35
Multiple carriers,3/03/2019,Delhi,Cochin,DEL → BOM → COK,08:00,15:30,7:30,1,No Info,15078,3,03,2019,08,00,15,30,7,30
SpiceJet,21/04/2019,Kolkata,Banglore,CCU → BLR,17:10,19:40,2:30,0,No check-in baggage included,4807,21,04,2019,17,10,19,40,2,30
Multiple carriers,6/03/2019,Delhi,Cochin,DEL → GWL → IDR → BOM → COK,11:35,21:00,9:25,3,No Info,21829,6,03,2019,11,35,21,00,9,25
Vistara,24/03/2019,Banglore,New Delhi,BLR → DEL,11:30,14:10,2:40,0,No Info,5403,24,03,2019,11,30,14,10,2,40
Jet Airways,01/03/2019,Banglore,New Delhi,BLR → BOM → DEL,07:00,16:10,9:10,1,No Info,26890,01,03,2019,07,00,16,10,9,10
GoAir,18/05/2019,Kolkata,Banglore,CCU → BOM → BLR,23:30,07:45,8:15,1,No Info,7335,18,05,2019,23,30,07,45,8,15
Jet Airways,27/03/2019,Delhi,Cochin,DEL → MAA → BOM → COK,17:35,04:25,10:50,2,In-flight meal not included,9412,27,03,2019,17,35,04,25,10,50
Jet Airways,21/05/2019,Kolkata,Banglore,CCU → BOM → BLR,08:25,19:50,11:25,1,In-flight meal not included,10844,21,05,2019,08,25,19,50,11,25
IndiGo,6/06/2019,Banglore,Delhi,BLR → DEL,18:55,21:50,2:55,0,No Info,4990,6,06,2019,18,55,21,50,2,55
Jet Airways,27/05/2019,Delhi,Cochin,DEL → AMD → BOM → COK,23:05,04:25,29:20,2,No Info,16704,27,05,2019,23,05,04,25,29,20
Air India,9/04/2019,Delhi,Cochin,DEL → NAG → BOM → COK,05:55,19:15,37:20,2,No Info,7711,9,04,2019,05,55,19,15,37,20
Jet Airways,3/06/2019,Delhi,Cochin,DEL → BOM → COK,17:30,04:25,10:55,1,In-flight meal not included,10262,3,06,2019,17,30,04,25,10,55
Multiple carriers,24/06/2019,Delhi,Cochin,DEL → BOM → COK,12:50,21:00,8:10,1,In-flight meal not included,6007,24,06,2019,12,50,21,00,8,10
Air India,1/04/2019,Kolkata,Banglore,CCU → BOM → AMD → BLR,09:25,05:25,20h,2,No Info,12219,1,04,2019,09,25,05,25,20h,
GoAir,1/05/2019,Banglore,Delhi,BLR → DEL,20:55,23:40,2:45,0,No Info,3898,1,05,2019,20,55,23,40,2,45
Jet Airways,6/05/2019,Kolkata,Banglore,CCU → DEL → BLR,17:00,22:05,29:5,1,No Info,11467,6,05,2019,17,00,22,05,29,5
Air India,18/05/2019,Kolkata,Banglore,CCU → JAI → DEL → BLR,08:20,20:25,12:5,2,No Info,12534,18,05,2019,08,20,20,25,12,5
Jet Airways,6/06/2019,Kolkata,Banglore,CCU → BOM → BLR,08:25,18:15,9:50,1,In-flight meal not included,10844,6,06,2019,08,25,18,15,9,50
SpiceJet,24/03/2019,Banglore,New Delhi,BLR → DEL,05:45,08:35,2:50,0,No Info,4377,24,03,2019,05,45,08,35,2,50
Vistara,9/06/2019,Chennai,Kolkata,MAA → CCU,17:45,20:05,2:20,0,No Info,11982,9,06,2019,17,45,20,05,2,20
SpiceJet,9/06/2019,Banglore,Delhi,BLR → DEL,09:30,12:20,2:50,0,No Info,4423,9,06,2019,09,30,12,20,2,50
Jet Airways,3/03/2019,Delhi,Cochin,DEL → BOM → COK,19:15,04:25,9:10,1,No Info,17234,3,03,2019,19,15,04,25,9,10
Vistara,1/04/2019,Kolkata,Banglore,CCU → DEL → BLR,07:10,22:55,15:45,1,No Info,8295,1,04,2019,07,10,22,55,15,45
Jet Airways,6/03/2019,Delhi,Cochin,DEL → JAI → BOM → COK,05:30,19:45,38:15,2,In-flight meal not included,15864,6,03,2019,05,30,19,45,38,15
GoAir,27/05/2019,Banglore,Delhi,BLR → DEL,11:40,14:30,2:50,0,No Info,3398,27,05,2019,11,40,14,30,2,50
Multiple carriers,9/06/2019,Delhi,Cochin,DEL → BOM → COK,13:00,01:30,12:30,1,No Info,7198,9,06,2019,13,00,01,30,12,30
Jet Airways,6/04/2019,Banglore,Delhi,BLR → DEL,06:00,08:45,2:45,0,No Info,7229,6,04,2019,06,00,08,45,2,45
Jet Airways,12/06/2019,Delhi,Cochin,DEL → JAI → BOM → COK,05:30,04:25,22:55,2,No Info,13014,12,06,2019,05,30,04,25,22,55
Air India,9/05/2019,Kolkata,Banglore,CCU → MAA → BLR,14:35,14:35,24h,1,No Info,6528,9,05,2019,14,35,14,35,24h,
Jet Airways,12/06/2019,Delhi,Cochin,DEL → IDR → BOM → COK,09:35,12:35,27h,2,No Info,13292,12,06,2019,09,35,12,35,27h,
Jet Airways,21/05/2019,Delhi,Cochin,DEL → AMD → BOM → COK,19:10,19:00,23:50,2,No Info,15129,21,05,2019,19,10,19,00,23,50
Air India,15/06/2019,Delhi,Cochin,DEL → BHO → BOM → COK,20:00,19:15,23:15,2,No Info,11071,15,06,2019,20,00,19,15,23,15
SpiceJet,21/04/2019,Kolkata,Banglore,CCU → BLR,06:55,09:30,2:35,0,No Info,4174,21,04,2019,06,55,09,30,2,35
Multiple carriers,27/03/2019,Delhi,Cochin,DEL → BOM → COK,04:00,18:50,14:50,1,No Info,11299,27,03,2019,04,00,18,50,14,50
Jet Airways,18/05/2019,Delhi,Cochin,DEL → BOM → COK,19:45,12:35,16:50,1,In-flight meal not included,12373,18,05,2019,19,45,12,35,16,50
Air India,01/03/2019,Banglore,New Delhi,BLR → CCU → DEL,05:50,09:15,27:25,1,No Info,13439,01,03,2019,05,50,09,15,27,25
IndiGo,1/05/2019,Kolkata,Banglore,CCU → BLR,20:20,22:55,2:35,0,No Info,4804,1,05,2019,20,20,22,55,2,35
Air India,12/05/2019,Kolkata,Banglore,CCU → BOM → GOI → BLR,09:25,05:35,20:10,2,No Info,11642,12,05,2019,09,25,05,35,20,10
IndiGo,18/06/2019,Banglore,Delhi,BLR → DEL,00:25,03:15,2:50,0,No Info,3419,18,06,2019,00,25,03,15,2,50
IndiGo,21/05/2019,Kolkata,Banglore,CCU → RPR → HYD → BLR,06:35,12:10,5:35,2,No Info,6103,21,05,2019,06,35,12,10,5,35
Air India,9/05/2019,Kolkata,Banglore,CCU → DEL → COK → BLR,07:00,01:20,18:20,2,No Info,13033,9,05,2019,07,00,01,20,18,20
Jet Airways,18/03/2019,Banglore,New Delhi,BLR → BOM → JDH → DEL,08:55,15:55,7h,2,In-flight meal not included,11245,18,03,2019,08,55,15,55,7h,
Jet Airways,1/04/2019,Kolkata,Banglore,CCU → BOM → BLR,06:30,12:00,5:30,1,In-flight meal not included,10056,1,04,2019,06,30,12,00,5,30
Jet Airways,6/06/2019,Kolkata,Banglore,CCU → DEL → BLR,20:25,14:25,18h,1,In-flight meal not included,10539,6,06,2019,20,25,14,25,18h,
IndiGo,18/03/2019,Chennai,Kolkata,MAA → CCU,22:05,00:25,2:20,0,No Info,5277,18,03,2019,22,05,00,25,2,20
Air India,21/05/2019,Kolkata,Banglore,CCU → DEL → BLR,10:00,23:15,13:15,1,No Info,11936,21,05,2019,10,00,23,15,13,15
Jet Airways,9/06/2019,Delhi,Cochin,DEL → JAI → BOM → COK,05:30,04:25,22:55,2,No Info,13014,9,06,2019,05,30,04,25,22,55
Vistara,6/06/2019,Kolkata,Banglore,CCU → DEL → BLR,17:00,20:20,27:20,1,No Info,8820,6,06,2019,17,00,20,20,27,20
Jet Airways,9/05/2019,Delhi,Cochin,DEL → BOM → COK,15:00,12:35,21:35,1,In-flight meal not included,12373,9,05,2019,15,00,12,35,21,35
Jet Airways,1/06/2019,Delhi,Cochin,DEL → BOM → COK,09:00,12:35,27:35,1,In-flight meal not included,10262,1,06,2019,09,00,12,35,27,35
Jet Airways,3/06/2019,Mumbai,Hyderabad,BOM → HYD,07:05,08:30,1:25,0,In-flight meal not included,4995,3,06,2019,07,05,08,30,1,25
Jet Airways,27/03/2019,Delhi,Cochin,DEL → BOM → COK,21:50,19:45,21:55,1,In-flight meal not included,7438,27,03,2019,21,50,19,45,21,55
IndiGo,21/03/2019,Kolkata,Banglore,CCU → BLR,05:30,08:20,2:50,0,No Info,4148,21,03,2019,05,30,08,20,2,50
IndiGo,27/05/2019,Chennai,Kolkata,MAA → CCU,14:45,17:05,2:20,0,No Info,3597,27,05,2019,14,45,17,05,2,20
Air Asia,1/05/2019,Kolkata,Banglore,CCU → DEL → BLR,07:35,23:30,15:55,1,No Info,5192,1,05,2019,07,35,23,30,15,55
Jet Airways,06/03/2019,Banglore,New Delhi,BLR → BOM → DEL,08:00,20:20,12:20,1,No Info,16736,06,03,2019,08,00,20,20,12,20
Multiple carriers,1/06/2019,Delhi,Cochin,DEL → BOM → COK,13:00,21:00,8h,1,No Info,7933,1,06,2019,13,00,21,00,8h,
Air India,18/05/2019,Delhi,Cochin,DEL → BOM → COK,08:00,19:15,11:15,1,No Info,8879,18,05,2019,08,00,19,15,11,15
IndiGo,12/05/2019,Delhi,Cochin,DEL → COK,14:25,17:40,3:15,0,No Info,5000,12,05,2019,14,25,17,40,3,15
Vistara,6/05/2019,Kolkata,Banglore,CCU → DEL → BLR,17:00,09:05,16:5,1,No Info,8137,6,05,2019,17,00,09,05,16,5
Air India,9/03/2019,Delhi,Cochin,DEL → CCU → BOM → COK,16:55,19:15,26:20,2,No Info,22096,9,03,2019,16,55,19,15,26,20
SpiceJet,24/03/2019,Banglore,New Delhi,BLR → DEL,05:45,08:35,2:50,0,No check-in baggage included,4273,24,03,2019,05,45,08,35,2,50
Jet Airways,01/03/2019,Banglore,New Delhi,BLR → BOM → DEL,18:40,00:45,6:5,1,No Info,35185,01,03,2019,18,40,00,45,6,5
IndiGo,15/04/2019,Kolkata,Banglore,CCU → BBI → BLR,19:35,23:15,3:40,1,No Info,4226,15,04,2019,19,35,23,15,3,40
Jet Airways,1/05/2019,Kolkata,Banglore,CCU → BOM → BLR,08:25,16:20,7:55,1,In-flight meal not included,10844,1,05,2019,08,25,16,20,7,55
IndiGo,12/06/2019,Mumbai,Hyderabad,BOM → HYD,12:00,13:30,1:30,0,No Info,2754,12,06,2019,12,00,13,30,1,30
IndiGo,6/06/2019,Kolkata,Banglore,CCU → VTZ → BLR,10:30,16:05,5:35,1,No Info,6301,6,06,2019,10,30,16,05,5,35
Air India,18/05/2019,Kolkata,Banglore,CCU → BOM → COK → BLR,09:25,13:45,28:20,2,No Info,13222,18,05,2019,09,25,13,45,28,20
Jet Airways,21/05/2019,Delhi,Cochin,DEL → BOM → COK,17:30,12:35,19:5,1,In-flight meal not included,12898,21,05,2019,17,30,12,35,19,5
Air India,12/03/2019,Banglore,New Delhi,BLR → BOM → DEL,06:45,20:35,13:50,1,No Info,12127,12,03,2019,06,45,20,35,13,50
Jet Airways,21/05/2019,Kolkata,Banglore,CCU → DEL → BLR,20:25,22:05,25:40,1,No Info,13067,21,05,2019,20,25,22,05,25,40
Air India,1/04/2019,Kolkata,Banglore,CCU → GAU → DEL → BLR,16:45,20:25,27:40,2,No Info,9920,1,04,2019,16,45,20,25,27,40
GoAir,1/04/2019,Banglore,Delhi,BLR → DEL,07:45,10:40,2:55,0,No Info,4239,1,04,2019,07,45,10,40,2,55
Jet Airways,6/06/2019,Delhi,Cochin,DEL → BOM → COK,21:50,19:00,21:10,1,No Info,14714,6,06,2019,21,50,19,00,21,10
IndiGo,6/05/2019,Kolkata,Banglore,CCU → NAG → BLR,18:05,23:30,5:25,1,No Info,6218,6,05,2019,18,05,23,30,5,25
IndiGo,1/03/2019,Chennai,Kolkata,MAA → CCU,05:15,07:35,2:20,0,No Info,7295,1,03,2019,05,15,07,35,2,20
Multiple carriers,9/06/2019,Delhi,Cochin,DEL → BOM → COK,03:50,11:30,7:40,1,No Info,7408,9,06,2019,03,50,11,30,7,40
Jet Airways,9/06/2019,Kolkata,Banglore,CCU → DEL → BLR,09:35,18:00,8:25,1,In-flight meal not included,13994,9,06,2019,09,35,18,00,8,25
IndiGo,15/05/2019,Kolkata,Banglore,CCU → BLR,14:25,16:55,2:30,0,No Info,5224,15,05,2019,14,25,16,55,2,30
SpiceJet,9/03/2019,Mumbai,Hyderabad,BOM → HYD,05:45,07:05,1:20,0,No Info,4391,9,03,2019,05,45,07,05,1,20
Air India,18/05/2019,Kolkata,Banglore,CCU → DEL → AMD → BLR,10:00,05:25,19:25,2,No Info,14109,18,05,2019,10,00,05,25,19,25
SpiceJet,27/04/2019,Banglore,Delhi,BLR → DEL,09:30,12:20,2:50,0,No check-in baggage included,4885,27,04,2019,09,30,12,20,2,50
Jet Airways,1/06/2019,Banglore,Delhi,BLR → DEL,08:20,11:20,3h,0,No Info,8016,1,06,2019,08,20,11,20,3h,
Multiple carriers,24/06/2019,Delhi,Cochin,DEL → BOM → COK,06:00,12:35,6:35,1,No Info,12524,24,06,2019,06,00,12,35,6,35
Jet Airways,27/03/2019,Delhi,Cochin,DEL → BOM → COK,02:15,18:50,16:35,1,In-flight meal not included,6017,27,03,2019,02,15,18,50,16,35
Air India,9/05/2019,Delhi,Cochin,DEL → GOI → BOM → COK,22:00,19:15,21:15,2,No Info,10441,9,05,2019,22,00,19,15,21,15
SpiceJet,1/04/2019,Banglore,Delhi,BLR → DEL,21:10,00:05,2:55,0,No Info,3625,1,04,2019,21,10,00,05,2,55
Air India,9/03/2019,Delhi,Cochin,DEL → RPR → NAG → BOM → COK,05:15,19:15,38h,3,No Info,15586,9,03,2019,05,15,19,15,38h,
Air India,27/03/2019,Delhi,Cochin,DEL → BOM → COK,08:00,19:15,11:15,1,No Info,7199,27,03,2019,08,00,19,15,11,15
Jet Airways,21/03/2019,Delhi,Cochin,DEL → IXC → BOM → COK,06:20,04:25,22:5,2,No Info,12273,21,03,2019,06,20,04,25,22,5
Multiple carriers,6/06/2019,Delhi,Cochin,DEL → BOM → COK,19:00,01:30,6:30,1,No Info,7530,6,06,2019,19,00,01,30,6,30
Jet Airways,21/05/2019,Mumbai,Hyderabad,BOM → HYD,19:35,21:05,1:30,0,No Info,5678,21,05,2019,19,35,21,05,1,30
Air India,24/06/2019,Delhi,Cochin,DEL → GOI → BOM → COK,10:55,07:40,20:45,2,No Info,11753,24,06,2019,10,55,07,40,20,45
SpiceJet,21/05/2019,Mumbai,Hyderabad,BOM → HYD,22:45,00:15,1:30,0,No check-in baggage included,1965,21,05,2019,22,45,00,15,1,30
IndiGo,21/03/2019,Delhi,Cochin,DEL → BOM → COK,06:40,13:20,6:40,1,No Info,10208,21,03,2019,06,40,13,20,6,40
IndiGo,21/05/2019,Delhi,Cochin,DEL → BOM → COK,20:25,01:30,5:5,1,No Info,5054,21,05,2019,20,25,01,30,5,5
IndiGo,3/03/2019,Delhi,Cochin,DEL → BOM → COK,08:25,15:30,7:5,1,No Info,14871,3,03,2019,08,25,15,30,7,5
Jet Airways,18/05/2019,Delhi,Cochin,DEL → BOM → COK,07:05,19:00,11:55,1,In-flight meal not included,12373,18,05,2019,07,05,19,00,11,55
SpiceJet,15/06/2019,Mumbai,Hyderabad,BOM → HYD,22:45,00:15,1:30,0,No Info,2017,15,06,2019,22,45,00,15,1,30
Jet Airways,24/03/2019,Kolkata,Banglore,CCU → BOM → BLR,13:55,04:45,14:50,1,In-flight meal not included,10661,24,03,2019,13,55,04,45,14,50
Multiple carriers,9/05/2019,Delhi,Cochin,DEL → BOM → COK,10:20,19:00,8:40,1,No Info,9794,9,05,2019,10,20,19,00,8,40
Jet Airways,9/05/2019,Kolkata,Banglore,CCU → DEL → BLR,20:25,23:35,27:10,1,No Info,13067,9,05,2019,20,25,23,35,27,10
SpiceJet,3/03/2019,Chennai,Kolkata,MAA → CCU,17:45,20:05,2:20,0,No Info,7298,3,03,2019,17,45,20,05,2,20
IndiGo,03/03/2019,Banglore,New Delhi,BLR → DEL,10:05,13:00,2:55,0,No Info,7648,03,03,2019,10,05,13,00,2,55
Air India,12/05/2019,Kolkata,Banglore,CCU → BBI → BOM → BLR,12:00,21:50,9:50,2,No Info,10676,12,05,2019,12,00,21,50,9,50
Air India,3/06/2019,Banglore,Delhi,BLR → DEL,10:00,12:45,2:45,0,No Info,6961,3,06,2019,10,00,12,45,2,45
IndiGo,15/05/2019,Delhi,Cochin,DEL → BOM → COK,11:25,01:30,14:5,1,No Info,6979,15,05,2019,11,25,01,30,14,5
Multiple carriers,27/05/2019,Delhi,Cochin,DEL → BOM → COK,09:00,21:00,12h,1,No Info,13587,27,05,2019,09,00,21,00,12h,
Jet Airways,24/05/2019,Kolkata,Banglore,CCU → BOM → BLR,14:05,23:35,9:30,1,In-flight meal not included,10844,24,05,2019,14,05,23,35,9,30
IndiGo,12/05/2019,Banglore,Delhi,BLR → DEL,10:10,13:00,2:50,0,No Info,3943,12,05,2019,10,10,13,00,2,50
IndiGo,12/06/2019,Delhi,Cochin,DEL → BOM → COK,09:15,21:00,11:45,1,No Info,6838,12,06,2019,09,15,21,00,11,45
Jet Airways,15/04/2019,Delhi,Cochin,DEL → BOM → COK,13:00,19:00,6h,1,In-flight meal not included,6542,15,04,2019,13,00,19,00,6h,
Jet Airways,21/05/2019,Delhi,Cochin,DEL → BOM → COK,07:05,19:00,11:55,1,In-flight meal not included,12239,21,05,2019,07,05,19,00,11,55
Jet Airways,12/05/2019,Kolkata,Banglore,CCU → BOM → BLR,16:30,04:40,12:10,1,No Info,14388,12,05,2019,16,30,04,40,12,10
IndiGo,12/03/2019,Kolkata,Banglore,CCU → BLR,05:30,08:20,2:50,0,No Info,4148,12,03,2019,05,30,08,20,2,50
Multiple carriers,18/05/2019,Delhi,Cochin,DEL → IDR → BOM → COK,15:05,01:30,10:25,2,No Info,16840,18,05,2019,15,05,01,30,10,25
Multiple carriers,3/06/2019,Delhi,Cochin,DEL → HYD → COK,09:45,22:30,12:45,1,No Info,9646,3,06,2019,09,45,22,30,12,45
Jet Airways,9/06/2019,Kolkata,Banglore,CCU → BOM → BLR,21:10,18:15,21:5,1,No Info,14571,9,06,2019,21,10,18,15,21,5
IndiGo,15/05/2019,Delhi,Cochin,DEL → BOM → COK,16:00,01:30,9:30,1,No Info,7923,15,05,2019,16,00,01,30,9,30
Jet Airways,12/05/2019,Kolkata,Banglore,CCU → BOM → BLR,20:00,04:40,8:40,1,In-flight meal not included,8586,12,05,2019,20,00,04,40,8,40
Multiple carriers,3/06/2019,Delhi,Cochin,DEL → HYD → COK,13:15,22:30,9:15,1,No Info,9646,3,06,2019,13,15,22,30,9,15
Jet Airways,18/05/2019,Kolkata,Banglore,CCU → BOM → BLR,14:05,12:00,21:55,1,No Info,14388,18,05,2019,14,05,12,00,21,55
Jet Airways,12/06/2019,Kolkata,Banglore,CCU → BOM → BLR,16:30,16:20,23:50,1,No Info,13044,12,06,2019,16,30,16,20,23,50
Multiple carriers,21/05/2019,Delhi,Cochin,DEL → BOM → COK,10:00,19:00,9h,1,No Info,10197,21,05,2019,10,00,19,00,9h,
Jet Airways,1/06/2019,Delhi,Cochin,DEL → BOM → COK,19:45,19:00,23:15,1,No Info,14714,1,06,2019,19,45,19,00,23,15
Air India,1/06/2019,Delhi,Cochin,DEL → BOM → COK,10:00,19:15,9:15,1,No Info,9929,1,06,2019,10,00,19,15,9,15
Jet Airways,21/03/2019,Delhi,Cochin,DEL → BOM → COK,22:50,04:25,5:35,1,In-flight meal not included,6017,21,03,2019,22,50,04,25,5,35
SpiceJet,27/06/2019,Chennai,Kolkata,MAA → CCU,09:45,12:00,2:15,0,No Info,3597,27,06,2019,09,45,12,00,2,15
Air India,21/03/2019,Delhi,Cochin,DEL → BLR → COK,13:30,23:00,9:30,1,No Info,5704,21,03,2019,13,30,23,00,9,30
Jet Airways,3/06/2019,Delhi,Cochin,DEL → BOM → COK,19:45,04:25,8:40,1,No Info,14714,3,06,2019,19,45,04,25,8,40
Air India,12/05/2019,Banglore,Delhi,BLR → DEL,10:00,12:45,2:45,0,No Info,5228,12,05,2019,10,00,12,45,2,45
Jet Airways,1/04/2019,Kolkata,Banglore,CCU → DEL → BLR,09:35,10:55,25:20,1,No Info,11467,1,04,2019,09,35,10,55,25,20
Vistara,6/06/2019,Banglore,Delhi,BLR → DEL,09:45,12:35,2:50,0,No Info,4668,6,06,2019,09,45,12,35,2,50
IndiGo,18/04/2019,Banglore,Delhi,BLR → DEL,21:15,00:15,3h,0,No Info,4591,18,04,2019,21,15,00,15,3h,
IndiGo,12/05/2019,Banglore,Delhi,BLR → DEL,21:15,00:15,3h,0,No Info,3943,12,05,2019,21,15,00,15,3h,
Air India,21/04/2019,Banglore,Delhi,BLR → DEL,10:00,12:45,2:45,0,No Info,5228,21,04,2019,10,00,12,45,2,45
Jet Airways,27/03/2019,Delhi,Cochin,DEL → BOM → COK,02:15,18:50,16:35,1,No Info,12242,27,03,2019,02,15,18,50,16,35
Air India,9/06/2019,Delhi,Cochin,DEL → HYD → MAA → COK,07:05,09:25,26:20,2,No Info,11185,9,06,2019,07,05,09,25,26,20
IndiGo,9/04/2019,Delhi,Cochin,DEL → BOM → COK,09:15,01:30,16:15,1,No Info,6573,9,04,2019,09,15,01,30,16,15
Jet Airways,15/05/2019,Kolkata,Banglore,CCU → BOM → BLR,16:30,22:35,6:5,1,No Info,14781,15,05,2019,16,30,22,35,6,5
Air India,12/06/2019,Kolkata,Banglore,CCU → GAU → DEL → BLR,16:45,08:55,16:10,2,No Info,14960,12,06,2019,16,45,08,55,16,10
IndiGo,15/05/2019,Chennai,Kolkata,MAA → CCU,11:35,14:00,2:25,0,No Info,4332,15,05,2019,11,35,14,00,2,25
Air Asia,03/03/2019,Banglore,New Delhi,BLR → DEL,05:50,08:40,2:50,0,No Info,7652,03,03,2019,05,50,08,40,2,50
Jet Airways,24/05/2019,Kolkata,Banglore,CCU → DEL → BLR,09:35,21:05,11:30,1,No Info,14151,24,05,2019,09,35,21,05,11,30
SpiceJet,12/06/2019,Banglore,Delhi,BLR → DEL,09:30,12:20,2:50,0,No check-in baggage included,4319,12,06,2019,09,30,12,20,2,50
Jet Airways,21/03/2019,Delhi,Cochin,DEL → AMD → BOM → COK,19:10,18:50,23:40,2,No Info,10929,21,03,2019,19,10,18,50,23,40
Air India,24/03/2019,Kolkata,Banglore,CCU → DEL → VGA → BLR,07:00,10:00,27h,2,No Info,11491,24,03,2019,07,00,10,00,27h,
IndiGo,18/04/2019,Delhi,Cochin,DEL → COK,14:20,17:35,3:15,0,No Info,6015,18,04,2019,14,20,17,35,3,15
Jet Airways,12/06/2019,Kolkata,Banglore,CCU → DEL → BLR,09:35,21:05,11:30,1,No Info,12692,12,06,2019,09,35,21,05,11,30
Air Asia,9/03/2019,Kolkata,Banglore,CCU → BLR,22:50,01:20,2:30,0,No Info,4384,9,03,2019,22,50,01,20,2,30
IndiGo,3/06/2019,Banglore,Delhi,BLR → DEL,06:05,08:50,2:45,0,No Info,3943,3,06,2019,06,05,08,50,2,45
Jet Airways,18/05/2019,Delhi,Cochin,DEL → BOM → COK,09:00,19:00,10h,1,In-flight meal not included,12373,18,05,2019,09,00,19,00,10h,
Jet Airways,06/03/2019,Banglore,New Delhi,BLR → BOM → DEL,08:00,13:15,5:15,1,No Info,19225,06,03,2019,08,00,13,15,5,15
Jet Airways,9/03/2019,Delhi,Cochin,DEL → BOM → COK,19:45,18:50,23:5,1,In-flight meal not included,14053,9,03,2019,19,45,18,50,23,5
Air India,12/04/2019,Banglore,Delhi,BLR → DEL,13:20,16:10,2:50,0,No Info,5911,12,04,2019,13,20,16,10,2,50
Multiple carriers,9/06/2019,Delhi,Cochin,DEL → BOM → COK,06:40,19:00,12:20,1,No Info,10877,9,06,2019,06,40,19,00,12,20
Jet Airways,6/06/2019,Kolkata,Banglore,CCU → BOM → BLR,18:55,04:40,9:45,1,In-flight meal not included,7757,6,06,2019,18,55,04,40,9,45
IndiGo,21/03/2019,Delhi,Cochin,DEL → HYD → COK,07:35,16:10,8:35,1,No Info,6558,21,03,2019,07,35,16,10,8,35
IndiGo,21/04/2019,Kolkata,Banglore,CCU → BLR,09:35,12:20,2:45,0,No Info,4804,21,04,2019,09,35,12,20,2,45
Jet Airways,18/03/2019,Mumbai,Hyderabad,BOM → HYD,15:50,17:20,1:30,0,No Info,5678,18,03,2019,15,50,17,20,1,30
Jet Airways,9/05/2019,Delhi,Cochin,DEL → BOM → COK,10:00,04:25,18:25,1,In-flight meal not included,12373,9,05,2019,10,00,04,25,18,25
Jet Airways,6/05/2019,Banglore,Delhi,BLR → DEL,06:00,08:45,2:45,0,In-flight meal not included,5198,6,05,2019,06,00,08,45,2,45
IndiGo,1/06/2019,Kolkata,Banglore,CCU → BLR,14:25,16:55,2:30,0,No Info,6064,1,06,2019,14,25,16,55,2,30
Jet Airways,9/03/2019,Delhi,Cochin,DEL → BOM → COK,21:50,04:25,6:35,1,No Info,15029,9,03,2019,21,50,04,25,6,35
Jet Airways,9/04/2019,Delhi,Cochin,DEL → JAI → BOM → COK,05:30,19:00,13:30,2,No Info,10909,9,04,2019,05,30,19,00,13,30
Multiple carriers,9/03/2019,Delhi,Cochin,DEL → BOM → COK,08:40,19:45,11:5,1,No Info,18492,9,03,2019,08,40,19,45,11,5
Jet Airways,24/06/2019,Delhi,Cochin,DEL → BOM → COK,02:15,04:25,26:10,1,In-flight meal not included,10262,24,06,2019,02,15,04,25,26,10
Jet Airways,18/05/2019,Kolkata,Banglore,CCU → GAU → BLR,11:50,17:35,5:45,1,No Info,8781,18,05,2019,11,50,17,35,5,45
IndiGo,27/05/2019,Delhi,Cochin,DEL → HYD → COK,08:35,16:10,7:35,1,No Info,6442,27,05,2019,08,35,16,10,7,35
Jet Airways,12/03/2019,Mumbai,Hyderabad,BOM → DEL → HYD,09:50,16:35,6:45,1,No Info,20120,12,03,2019,09,50,16,35,6,45
Vistara,27/05/2019,Banglore,Delhi,BLR → DEL,19:30,22:15,2:45,0,No Info,4878,27,05,2019,19,30,22,15,2,45
Jet Airways,06/03/2019,Banglore,New Delhi,BLR → BOM → DEL,05:45,18:25,12:40,1,No Info,16736,06,03,2019,05,45,18,25,12,40
SpiceJet,24/05/2019,Kolkata,Banglore,CCU → IXB → BLR,11:15,18:30,7:15,1,No Info,9630,24,05,2019,11,15,18,30,7,15
Vistara,9/05/2019,Kolkata,Banglore,CCU → DEL → BLR,07:10,18:50,11:40,1,No Info,8610,9,05,2019,07,10,18,50,11,40
Vistara,27/06/2019,Chennai,Kolkata,MAA → CCU,07:05,09:20,2:15,0,No Info,3687,27,06,2019,07,05,09,20,2,15
Vistara,15/05/2019,Kolkata,Banglore,CCU → DEL → BLR,20:20,09:05,12:45,1,No Info,8452,15,05,2019,20,20,09,05,12,45
IndiGo,18/05/2019,Banglore,Delhi,BLR → DEL,10:30,13:20,2:50,0,No Info,3943,18,05,2019,10,30,13,20,2,50
IndiGo,15/03/2019,Mumbai,Hyderabad,BOM → HYD,06:20,07:45,1:25,0,No Info,3342,15,03,2019,06,20,07,45,1,25
Jet Airways,12/05/2019,Kolkata,Banglore,CCU → DEL → BLR,20:25,14:25,18h,1,No Info,13067,12,05,2019,20,25,14,25,18h,
Vistara,6/05/2019,Banglore,Delhi,BLR → DEL,19:30,22:15,2:45,0,No Info,4878,6,05,2019,19,30,22,15,2,45
Jet Airways,9/05/2019,Kolkata,Banglore,CCU → BOM → BLR,21:10,10:05,12:55,1,No Info,14388,9,05,2019,21,10,10,05,12,55
Jet Airways,27/05/2019,Delhi,Cochin,DEL → AMD → BOM → COK,13:25,04:25,15h,2,No Info,16704,27,05,2019,13,25,04,25,15h,
Air India,21/05/2019,Mumbai,Hyderabad,BOM → HYD,19:30,20:45,1:15,0,No Info,3100,21,05,2019,19,30,20,45,1,15
Air India,12/03/2019,Banglore,New Delhi,BLR → BOM → IDR → GWL → DEL,17:25,18:05,24:40,3,No Info,13387,12,03,2019,17,25,18,05,24,40
IndiGo,9/06/2019,Mumbai,Hyderabad,BOM → HYD,09:10,10:40,1:30,0,No Info,4049,9,06,2019,09,10,10,40,1,30
Jet Airways,18/05/2019,Delhi,Cochin,DEL → JAI → BOM → COK,05:30,19:00,13:30,2,In-flight meal not included,13029,18,05,2019,05,30,19,00,13,30
SpiceJet,9/04/2019,Banglore,Delhi,BLR → DEL,21:10,00:05,2:55,0,No check-in baggage included,3919,9,04,2019,21,10,00,05,2,55
IndiGo,3/05/2019,Chennai,Kolkata,MAA → CCU,05:15,07:40,2:25,0,No Info,3850,3,05,2019,05,15,07,40,2,25
Air India,24/06/2019,Delhi,Cochin,DEL → HYD → MAA → COK,13:15,09:25,20:10,2,No Info,8839,24,06,2019,13,15,09,25,20,10
Jet Airways,1/04/2019,Kolkata,Banglore,CCU → BOM → BLR,16:30,04:40,12:10,1,In-flight meal not included,7064,1,04,2019,16,30,04,40,12,10
Jet Airways,12/05/2019,Kolkata,Banglore,CCU → BOM → BLR,20:00,08:15,12:15,1,No Info,13941,12,05,2019,20,00,08,15,12,15
Air India,24/05/2019,Kolkata,Banglore,CCU → DEL → COK → TRV → BLR,10:00,10:30,24:30,3,No Info,13007,24,05,2019,10,00,10,30,24,30
Jet Airways,18/05/2019,Kolkata,Banglore,CCU → BOM → BLR,14:05,22:35,8:30,1,No Info,14781,18,05,2019,14,05,22,35,8,30
Jet Airways,18/03/2019,Mumbai,Hyderabad,BOM → HYD,19:35,21:05,1:30,0,In-flight meal not included,2071,18,03,2019,19,35,21,05,1,30
Jet Airways,21/06/2019,Delhi,Cochin,DEL → COK,11:00,14:15,3:15,0,In-flight meal not included,4256,21,06,2019,11,00,14,15,3,15
Vistara,09/03/2019,Banglore,New Delhi,BLR → DEL,16:00,18:35,2:35,0,No Info,7923,09,03,2019,16,00,18,35,2,35
Air Asia,15/03/2019,Kolkata,Banglore,CCU → BLR,22:50,01:20,2:30,0,No Info,3782,15,03,2019,22,50,01,20,2,30
Jet Airways,15/05/2019,Kolkata,Banglore,CCU → DEL → BLR,20:25,09:45,13:20,1,In-flight meal not included,12384,15,05,2019,20,25,09,45,13,20
Multiple carriers,21/03/2019,Delhi,Cochin,DEL → BOM → COK,10:00,01:35,15:35,1,In-flight meal not included,8565,21,03,2019,10,00,01,35,15,35
IndiGo,21/03/2019,Delhi,Cochin,DEL → BOM → COK,16:00,21:00,5h,1,No Info,6232,21,03,2019,16,00,21,00,5h,
IndiGo,09/03/2019,Banglore,New Delhi,BLR → DEL,05:30,08:20,2:50,0,No Info,4777,09,03,2019,05,30,08,20,2,50
Air India,1/06/2019,Kolkata,Banglore,CCU → BLR,20:45,23:20,2:35,0,No Info,4145,1,06,2019,20,45,23,20,2,35
Air Asia,15/05/2019,Kolkata,Banglore,CCU → DEL → BLR,22:40,10:40,12h,1,No Info,5192,15,05,2019,22,40,10,40,12h,
Air India,1/04/2019,Delhi,Cochin,DEL → COK,05:10,08:00,2:50,0,No Info,4729,1,04,2019,05,10,08,00,2,50
IndiGo,3/06/2019,Delhi,Cochin,DEL → BOM → COK,06:40,21:00,14:20,1,No Info,6093,3,06,2019,06,40,21,00,14,20
Air India,1/05/2019,Kolkata,Banglore,CCU → BOM → BLR,09:25,18:30,9:5,1,No Info,8891,1,05,2019,09,25,18,30,9,5
Jet Airways,27/03/2019,Delhi,Cochin,DEL → BOM → COK,16:00,04:25,12:25,1,No Info,12242,27,03,2019,16,00,04,25,12,25
Jet Airways,1/05/2019,Kolkata,Banglore,CCU → DEL → BLR,17:00,18:00,25h,1,No Info,11467,1,05,2019,17,00,18,00,25h,
Jet Airways,21/05/2019,Kolkata,Banglore,CCU → BOM → BLR,21:10,09:20,12:10,1,No Info,14781,21,05,2019,21,10,09,20,12,10
Multiple carriers,18/05/2019,Delhi,Cochin,DEL → BOM → COK,07:00,19:00,12h,1,No Info,10197,18,05,2019,07,00,19,00,12h,
Jet Airways,06/03/2019,Banglore,New Delhi,BLR → BOM → DEL,21:25,09:30,12:5,1,No Info,17261,06,03,2019,21,25,09,30,12,5
Air India,1/05/2019,Delhi,Cochin,DEL → MAA → COK,20:40,09:25,12:45,1,No Info,7480,1,05,2019,20,40,09,25,12,45
IndiGo,21/05/2019,Kolkata,Banglore,CCU → BLR,15:30,18:05,2:35,0,No Info,4804,21,05,2019,15,30,18,05,2,35
SpiceJet,21/04/2019,Kolkata,Banglore,CCU → BLR,09:00,11:25,2:25,0,No check-in baggage included,4439,21,04,2019,09,00,11,25,2,25
Jet Airways,6/06/2019,Delhi,Cochin,DEL → JAI → BOM → COK,05:30,04:25,22:55,2,In-flight meal not included,10368,6,06,2019,05,30,04,25,22,55
SpiceJet,21/03/2019,Delhi,Cochin,DEL → MAA → COK,06:10,11:20,5:10,1,No Info,6065,21,03,2019,06,10,11,20,5,10
Jet Airways,24/05/2019,Kolkata,Banglore,CCU → BOM → BLR,18:55,04:40,9:45,1,In-flight meal not included,8586,24,05,2019,18,55,04,40,9,45
IndiGo,18/03/2019,Delhi,Cochin,DEL → COK,14:30,17:35,3:5,0,No Info,5406,18,03,2019,14,30,17,35,3,5
Jet Airways,6/06/2019,Delhi,Cochin,DEL → BDQ → BOM → COK,18:25,04:25,10h,2,In-flight meal not included,12142,6,06,2019,18,25,04,25,10h,
Jet Airways,6/06/2019,Delhi,Cochin,DEL → BOM → COK,02:15,12:35,10:20,1,No Info,14714,6,06,2019,02,15,12,35,10,20
Jet Airways,15/06/2019,Delhi,Cochin,DEL → BOM → COK,02:15,04:25,26:10,1,In-flight meal not included,10262,15,06,2019,02,15,04,25,26,10
Air India,06/03/2019,Banglore,New Delhi,BLR → MAA → DEL,11:50,23:55,12:5,1,No Info,15434,06,03,2019,11,50,23,55,12,5
Air India,18/05/2019,Kolkata,Banglore,CCU → BBI → BOM → BLR,12:00,11:10,23:10,2,No Info,10676,18,05,2019,12,00,11,10,23,10
IndiGo,21/04/2019,Kolkata,Banglore,CCU → BLR,20:20,22:55,2:35,0,No Info,4804,21,04,2019,20,20,22,55,2,35
Jet Airways,9/06/2019,Delhi,Cochin,DEL → JAI → BOM → COK,19:30,12:35,17:5,2,No Info,13014,9,06,2019,19,30,12,35,17,5
IndiGo,3/05/2019,Banglore,Delhi,BLR → DEL,10:10,13:00,2:50,0,No Info,3943,3,05,2019,10,10,13,00,2,50
Air India,6/03/2019,Mumbai,Hyderabad,BOM → COK → MAA → HYD,05:30,22:00,16:30,2,No Info,9678,6,03,2019,05,30,22,00,16,30
Jet Airways,15/05/2019,Kolkata,Banglore,CCU → BOM → BLR,08:25,19:50,11:25,1,No Info,14781,15,05,2019,08,25,19,50,11,25
Multiple carriers,15/05/2019,Delhi,Cochin,DEL → BOM → COK,09:00,19:00,10h,1,No Info,10197,15,05,2019,09,00,19,00,10h,
Air India,9/05/2019,Delhi,Cochin,DEL → BHO → BOM → COK,05:55,19:15,13:20,2,No Info,10861,9,05,2019,05,55,19,15,13,20
Jet Airways,1/05/2019,Kolkata,Banglore,CCU → BOM → BLR,21:10,04:40,7:30,1,In-flight meal not included,10844,1,05,2019,21,10,04,40,7,30
Air India,21/05/2019,Delhi,Cochin,DEL → MAA → COK,17:20,09:25,16:5,1,No Info,7480,21,05,2019,17,20,09,25,16,5
IndiGo,24/06/2019,Delhi,Cochin,DEL → BOM → COK,17:10,01:30,8:20,1,No Info,5684,24,06,2019,17,10,01,30,8,20
Jet Airways,6/06/2019,Delhi,Cochin,DEL → BOM → COK,16:00,19:00,27h,1,No Info,14714,6,06,2019,16,00,19,00,27h,
Jet Airways,1/04/2019,Kolkata,Banglore,CCU → DEL → BLR,09:35,18:00,8:25,1,In-flight meal not included,9314,1,04,2019,09,35,18,00,8,25
Air India,15/03/2019,Kolkata,Banglore,CCU → BLR,20:45,23:20,2:35,0,No Info,4435,15,03,2019,20,45,23,20,2,35
Multiple carriers,27/06/2019,Delhi,Cochin,DEL → BOM → COK,07:30,19:00,11:30,1,No Info,11789,27,06,2019,07,30,19,00,11,30
SpiceJet,3/04/2019,Banglore,Delhi,BLR → DEL,21:10,00:05,2:55,0,No check-in baggage included,3919,3,04,2019,21,10,00,05,2,55
Jet Airways,6/04/2019,Banglore,Delhi,BLR → DEL,15:15,18:10,2:55,0,In-flight meal not included,5198,6,04,2019,15,15,18,10,2,55
SpiceJet,24/03/2019,Banglore,New Delhi,BLR → DEL,05:45,08:35,2:50,0,No check-in baggage included,4273,24,03,2019,05,45,08,35,2,50
Vistara,9/05/2019,Kolkata,Banglore,CCU → DEL → BLR,17:00,18:50,25:50,1,No Info,8820,9,05,2019,17,00,18,50,25,50
IndiGo,6/05/2019,Mumbai,Hyderabad,BOM → HYD,12:00,13:30,1:30,0,No Info,2754,6,05,2019,12,00,13,30,1,30
Vistara,9/06/2019,Kolkata,Banglore,CCU → DEL → BLR,20:20,23:25,27:5,1,No Info,8085,9,06,2019,20,20,23,25,27,5
Jet Airways,9/06/2019,Kolkata,Banglore,CCU → DEL → BLR,20:25,21:05,24:40,1,In-flight meal not included,10539,9,06,2019,20,25,21,05,24,40
Jet Airways,9/06/2019,Kolkata,Banglore,CCU → DEL → BLR,09:35,22:05,12:30,1,No Info,14676,9,06,2019,09,35,22,05,12,30
Jet Airways,27/03/2019,Delhi,Cochin,DEL → BOM → COK,02:15,04:25,26:10,1,In-flight meal not included,6017,27,03,2019,02,15,04,25,26,10
Jet Airways,1/04/2019,Banglore,Delhi,BLR → DEL,18:55,22:00,3:5,0,In-flight meal not included,4544,1,04,2019,18,55,22,00,3,5
Trujet,6/03/2019,Mumbai,Hyderabad,BOM → NDC → HYD,13:05,16:20,3:15,1,No Info,4140,6,03,2019,13,05,16,20,3,15
Jet Airways,3/05/2019,Banglore,Delhi,BLR → DEL,11:10,14:05,2:55,0,No Info,7229,3,05,2019,11,10,14,05,2,55
Air India,9/03/2019,Delhi,Cochin,DEL → GOI → BOM → COK,22:00,19:15,21:15,2,No Info,16373,9,03,2019,22,00,19,15,21,15
Air India,1/05/2019,Kolkata,Banglore,CCU → IXR → DEL → BLR,05:50,23:15,17:25,2,No Info,10991,1,05,2019,05,50,23,15,17,25
Jet Airways,18/05/2019,Kolkata,Banglore,CCU → BOM → BLR,14:05,12:00,21:55,1,In-flight meal not included,9663,18,05,2019,14,05,12,00,21,55
Air India,01/03/2019,Banglore,New Delhi,BLR → COK → DEL,22:00,23:20,25:20,1,Change airports,14305,01,03,2019,22,00,23,20,25,20
Air Asia,15/05/2019,Delhi,Cochin,DEL → BLR → COK,16:45,07:10,14:25,1,No Info,6752,15,05,2019,16,45,07,10,14,25
Jet Airways,12/06/2019,Kolkata,Banglore,CCU → BOM → BLR,16:30,09:20,16:50,1,In-flight meal not included,8529,12,06,2019,16,30,09,20,16,50
IndiGo,27/03/2019,Delhi,Cochin,DEL → COK,05:35,08:50,3:15,0,No Info,4729,27,03,2019,05,35,08,50,3,15
Multiple carriers,18/05/2019,Delhi,Cochin,DEL → BOM → COK,08:45,21:00,12:15,1,No Info,7670,18,05,2019,08,45,21,00,12,15
Jet Airways,3/05/2019,Mumbai,Hyderabad,BOM → HYD,10:20,11:50,1:30,0,In-flight meal not included,4995,3,05,2019,10,20,11,50,1,30
Jet Airways,1/05/2019,Banglore,Delhi,BLR → DEL,08:20,11:20,3h,0,No Info,7229,1,05,2019,08,20,11,20,3h,
IndiGo,27/04/2019,Banglore,Delhi,BLR → DEL,07:10,10:05,2:55,0,No Info,4823,27,04,2019,07,10,10,05,2,55
Air Asia,27/03/2019,Kolkata,Banglore,CCU → BLR,19:35,22:05,2:30,0,No Info,3782,27,03,2019,19,35,22,05,2,30
Jet Airways,21/05/2019,Delhi,Cochin,DEL → BOM → COK,18:15,19:00,24:45,1,In-flight meal not included,12898,21,05,2019,18,15,19,00,24,45
SpiceJet,24/05/2019,Kolkata,Banglore,CCU → BLR,22:20,00:40,2:20,0,No check-in baggage included,3841,24,05,2019,22,20,00,40,2,20
Multiple carriers,18/05/2019,Delhi,Cochin,DEL → BOM → COK,10:35,19:00,8:25,1,No Info,9627,18,05,2019,10,35,19,00,8,25
Jet Airways,9/06/2019,Kolkata,Banglore,CCU → BOM → BLR,21:10,12:00,14:50,1,No Info,14571,9,06,2019,21,10,12,00,14,50
IndiGo,24/03/2019,Kolkata,Banglore,CCU → BLR,15:20,17:55,2:35,0,No Info,6985,24,03,2019,15,20,17,55,2,35
Jet Airways,21/06/2019,Mumbai,Hyderabad,BOM → HYD,07:05,08:30,1:25,0,No Info,8040,21,06,2019,07,05,08,30,1,25
IndiGo,21/06/2019,Kolkata,Banglore,CCU → BLR,22:15,00:50,2:35,0,No Info,4804,21,06,2019,22,15,00,50,2,35
Multiple carriers,27/06/2019,Delhi,Cochin,DEL → BOM → COK,04:55,19:00,14:5,1,No Info,10678,27,06,2019,04,55,19,00,14,5
Jet Airways,24/03/2019,Kolkata,Banglore,CCU → BOM → BLR,16:55,18:10,25:15,1,No Info,14231,24,03,2019,16,55,18,10,25,15
Jet Airways,12/06/2019,Kolkata,Banglore,CCU → BOM → BLR,20:00,16:20,20:20,1,In-flight meal not included,8529,12,06,2019,20,00,16,20,20,20
Air India,24/06/2019,Delhi,Cochin,DEL → GOI → BOM → COK,10:55,19:15,8:20,2,No Info,11753,24,06,2019,10,55,19,15,8,20
Jet Airways,18/05/2019,Delhi,Cochin,DEL → AMD → BOM → COK,23:05,04:25,29:20,2,No Info,16704,18,05,2019,23,05,04,25,29,20
Jet Airways,6/06/2019,Kolkata,Banglore,CCU → BOM → BLR,18:55,04:40,9:45,1,No Info,13374,6,06,2019,18,55,04,40,9,45
Air India,1/05/2019,Mumbai,Hyderabad,BOM → HYD,21:05,22:25,1:20,0,No Info,3625,1,05,2019,21,05,22,25,1,20
Jet Airways,21/05/2019,Delhi,Cochin,DEL → BOM → COK,16:00,19:00,27h,1,No Info,16079,21,05,2019,16,00,19,00,27h,
Jet Airways,27/06/2019,Delhi,Cochin,DEL → BOM → COK,20:55,12:35,15:40,1,In-flight meal not included,10262,27,06,2019,20,55,12,35,15,40
Jet Airways,15/05/2019,Kolkata,Banglore,CCU → BOM → BLR,06:30,12:00,5:30,1,In-flight meal not included,9663,15,05,2019,06,30,12,00,5,30
Multiple carriers,18/05/2019,Delhi,Cochin,DEL → BOM → COK,18:00,01:30,7:30,1,No Info,9595,18,05,2019,18,00,01,30,7,30
IndiGo,24/06/2019,Kolkata,Banglore,CCU → BLR,17:15,19:50,2:35,0,No Info,4804,24,06,2019,17,15,19,50,2,35
Air India,9/06/2019,Kolkata,Banglore,CCU → DEL → AMD → BLR,10:00,05:25,19:25,2,No Info,12744,9,06,2019,10,00,05,25,19,25
Air India,1/06/2019,Banglore,Delhi,BLR → DEL,13:20,16:10,2:50,0,No Info,6961,1,06,2019,13,20,16,10,2,50
Jet Airways,6/05/2019,Kolkata,Banglore,CCU → BOM → BLR,14:05,04:40,14:35,1,In-flight meal not included,9663,6,05,2019,14,05,04,40,14,35
Multiple carriers,21/05/2019,Delhi,Cochin,DEL → BOM → COK,10:35,19:15,8:40,1,No Info,7575,21,05,2019,10,35,19,15,8,40
Air India,03/03/2019,Banglore,New Delhi,BLR → BOM → NAG → DEL,19:10,10:35,15:25,2,No Info,13355,03,03,2019,19,10,10,35,15,25
Air India,24/05/2019,Kolkata,Banglore,CCU → BOM → COK → BLR,09:25,13:45,28:20,2,No Info,12592,24,05,2019,09,25,13,45,28,20
Air India,1/06/2019,Mumbai,Hyderabad,BOM → HYD,13:55,15:25,1:30,0,No Info,3625,1,06,2019,13,55,15,25,1,30
Jet Airways,24/06/2019,Delhi,Cochin,DEL → BOM → COK,15:00,04:25,13:25,1,In-flight meal not included,10262,24,06,2019,15,00,04,25,13,25
Air India,21/05/2019,Delhi,Cochin,DEL → AMD → BOM → COK,19:45,19:15,23:30,2,No Info,9443,21,05,2019,19,45,19,15,23,30
Air India,9/03/2019,Delhi,Cochin,DEL → BOM → COK,08:40,19:15,10:35,1,No Info,18959,9,03,2019,08,40,19,15,10,35
IndiGo,3/03/2019,Mumbai,Hyderabad,BOM → HYD,06:20,07:45,1:25,0,No Info,4784,3,03,2019,06,20,07,45,1,25
Air India,1/04/2019,Kolkata,Banglore,CCU → DEL → BLR,17:30,12:00,18:30,1,No Info,7893,1,04,2019,17,30,12,00,18,30
Air India,27/06/2019,Delhi,Cochin,DEL → CCU → BOM → COK,06:50,07:40,24:50,2,No Info,14431,27,06,2019,06,50,07,40,24,50
Jet Airways Business,01/03/2019,Banglore,New Delhi,BLR → BOM → DEL,05:45,11:25,5:40,1,Business class,79512,01,03,2019,05,45,11,25,5,40
Jet Airways,24/05/2019,Mumbai,Hyderabad,BOM → HYD,19:35,21:05,1:30,0,In-flight meal not included,3210,24,05,2019,19,35,21,05,1,30
Multiple carriers,9/03/2019,Delhi,Cochin,DEL → BOM → COK,06:00,21:00,15h,1,No Info,13677,9,03,2019,06,00,21,00,15h,
Air India,27/05/2019,Delhi,Cochin,DEL → MAA → COK,06:05,09:25,27:20,1,No Info,7480,27,05,2019,06,05,09,25,27,20
Air India,24/06/2019,Delhi,Cochin,DEL → BOM → COK,19:00,07:40,12:40,1,No Info,8372,24,06,2019,19,00,07,40,12,40
Jet Airways,27/03/2019,Delhi,Cochin,DEL → IDR → BOM → COK,05:25,04:25,23h,2,No Info,11664,27,03,2019,05,25,04,25,23h,
Air India,18/06/2019,Banglore,Delhi,BLR → DEL,10:00,12:45,2:45,0,No Info,6961,18,06,2019,10,00,12,45,2,45
Air India,24/04/2019,Banglore,Delhi,BLR → DEL,17:00,19:45,2:45,0,No Info,6121,24,04,2019,17,00,19,45,2,45
Air India,12/04/2019,Banglore,Delhi,BLR → DEL,06:10,08:55,2:45,0,No Info,5911,12,04,2019,06,10,08,55,2,45
GoAir,6/05/2019,Banglore,Delhi,BLR → DEL,11:40,14:30,2:50,0,No Info,3398,6,05,2019,11,40,14,30,2,50
Multiple carriers,9/06/2019,Delhi,Cochin,DEL → BOM → COK,19:00,01:30,6:30,1,No Info,7530,9,06,2019,19,00,01,30,6,30
GoAir,24/05/2019,Banglore,Delhi,BLR → DEL,20:55,23:40,2:45,0,No Info,3419,24,05,2019,20,55,23,40,2,45
Vistara,24/03/2019,Banglore,New Delhi,BLR → DEL,21:10,00:05,2:55,0,No Info,6558,24,03,2019,21,10,00,05,2,55
Air India,9/06/2019,Kolkata,Banglore,CCU → DEL → BLR,20:30,20:25,23:55,1,No Info,10203,9,06,2019,20,30,20,25,23,55
Jet Airways,12/03/2019,Banglore,New Delhi,BLR → BOM → DEL,18:55,20:20,25:25,1,In-flight meal not included,11087,12,03,2019,18,55,20,20,25,25
SpiceJet,24/03/2019,Banglore,New Delhi,BLR → DEL,20:30,23:20,2:50,0,No Info,5575,24,03,2019,20,30,23,20,2,50
Air Asia,24/04/2019,Delhi,Cochin,DEL → BLR → COK,07:55,22:25,14:30,1,No Info,6152,24,04,2019,07,55,22,25,14,30
Jet Airways,9/05/2019,Kolkata,Banglore,CCU → GAU → BLR,10:20,17:35,7:15,1,In-flight meal not included,5608,9,05,2019,10,20,17,35,7,15
Jet Airways,06/03/2019,Banglore,New Delhi,BLR → BOM → DEL,11:40,10:25,22:45,1,No Info,17261,06,03,2019,11,40,10,25,22,45
Jet Airways,9/05/2019,Delhi,Cochin,DEL → JAI → BOM → COK,09:40,12:35,26:55,2,No Info,15129,9,05,2019,09,40,12,35,26,55
GoAir,6/05/2019,Banglore,Delhi,BLR → DEL,20:55,23:40,2:45,0,No Info,3419,6,05,2019,20,55,23,40,2,45
IndiGo,21/03/2019,Delhi,Cochin,DEL → BOM → COK,10:45,15:30,4:45,1,No Info,6218,21,03,2019,10,45,15,30,4,45
Jet Airways,3/06/2019,Delhi,Cochin,DEL → BOM → COK,02:15,12:35,10:20,1,No Info,14714,3,06,2019,02,15,12,35,10,20
Multiple carriers,3/06/2019,Delhi,Cochin,DEL → BOM → COK,11:30,19:15,7:45,1,No Info,14848,3,06,2019,11,30,19,15,7,45
Jet Airways,12/05/2019,Kolkata,Banglore,CCU → GAU → BLR,10:20,17:35,7:15,1,No Info,9358,12,05,2019,10,20,17,35,7,15
Air India,6/05/2019,Kolkata,Banglore,CCU → BOM → BLR,09:25,07:55,22:30,1,No Info,8366,6,05,2019,09,25,07,55,22,30
Multiple carriers,6/03/2019,Delhi,Cochin,DEL → BOM → COK,11:30,19:15,7:45,1,In-flight meal not included,15342,6,03,2019,11,30,19,15,7,45
Jet Airways,21/03/2019,Mumbai,Hyderabad,BOM → HYD,03:05,04:25,1:20,0,No Info,5678,21,03,2019,03,05,04,25,1,20
IndiGo,6/05/2019,Kolkata,Banglore,CCU → BLR,22:15,00:50,2:35,0,No Info,4804,6,05,2019,22,15,00,50,2,35
Jet Airways,24/05/2019,Kolkata,Banglore,CCU → BOM → BLR,08:25,16:20,7:55,1,No Info,14571,24,05,2019,08,25,16,20,7,55
Jet Airways,1/04/2019,Kolkata,Banglore,CCU → BOM → BLR,08:25,20:45,12:20,1,No Info,12681,1,04,2019,08,25,20,45,12,20
Jet Airways,06/03/2019,Banglore,New Delhi,BLR → BOM → DEL,21:25,10:25,13h,1,No Info,17261,06,03,2019,21,25,10,25,13h,
Vistara,9/06/2019,Kolkata,Banglore,CCU → DEL → BLR,17:00,10:45,17:45,1,No Info,9922,9,06,2019,17,00,10,45,17,45
Jet Airways,18/05/2019,Kolkata,Banglore,CCU → BOM → BLR,18:55,12:00,17:5,1,In-flight meal not included,10844,18,05,2019,18,55,12,00,17,5
SpiceJet,21/04/2019,Banglore,Delhi,BLR → DEL,05:55,08:35,2:40,0,No Info,4423,21,04,2019,05,55,08,35,2,40
IndiGo,24/05/2019,Banglore,Delhi,BLR → DEL,01:30,04:15,2:45,0,No Info,3419,24,05,2019,01,30,04,15,2,45
Jet Airways,24/06/2019,Delhi,Cochin,DEL → BOM → COK,22:50,04:25,5:35,1,No Info,14714,24,06,2019,22,50,04,25,5,35
Jet Airways,09/03/2019,Banglore,New Delhi,BLR → BOM → DEL,05:45,11:25,5:40,1,In-flight meal not included,11087,09,03,2019,05,45,11,25,5,40
IndiGo,27/06/2019,Delhi,Cochin,DEL → BOM → COK,16:00,01:30,9:30,1,No Info,6316,27,06,2019,16,00,01,30,9,30
SpiceJet,27/05/2019,Chennai,Kolkata,MAA → CCU,09:45,12:00,2:15,0,No check-in baggage included,3543,27,05,2019,09,45,12,00,2,15
Jet Airways,6/06/2019,Kolkata,Banglore,CCU → BOM → BLR,18:55,12:00,17:5,1,No Info,14571,6,06,2019,18,55,12,00,17,5
Jet Airways,9/06/2019,Kolkata,Banglore,CCU → DEL → BLR,09:35,18:00,8:25,1,No Info,14676,9,06,2019,09,35,18,00,8,25
Jet Airways,06/03/2019,Banglore,New Delhi,BLR → BOM → DEL,16:55,09:30,16:35,1,No Info,17261,06,03,2019,16,55,09,30,16,35
Jet Airways,15/05/2019,Kolkata,Banglore,CCU → BOM → BLR,08:25,23:35,15:10,1,No Info,13941,15,05,2019,08,25,23,35,15,10
Air India,3/03/2019,Delhi,Cochin,DEL → BLR → COK,06:10,08:15,26:5,1,No Info,13348,3,03,2019,06,10,08,15,26,5
Jet Airways,18/06/2019,Banglore,Delhi,BLR → DEL,11:10,14:05,2:55,0,No Info,8016,18,06,2019,11,10,14,05,2,55
Jet Airways,27/05/2019,Delhi,Cochin,DEL → BOM → COK,07:05,12:35,5:30,1,In-flight meal not included,12898,27,05,2019,07,05,12,35,5,30
Jet Airways,9/04/2019,Banglore,Delhi,BLR → DEL,18:55,22:00,3:5,0,No Info,7229,9,04,2019,18,55,22,00,3,5
SpiceJet,27/06/2019,Mumbai,Hyderabad,BOM → HYD,05:45,07:15,1:30,0,No Info,2017,27,06,2019,05,45,07,15,1,30
Jet Airways,06/03/2019,Banglore,New Delhi,BLR → BOM → DEL,08:00,19:10,11:10,1,No Info,16736,06,03,2019,08,00,19,10,11,10
SpiceJet,18/06/2019,Kolkata,Banglore,CCU → BLR,17:10,19:40,2:30,0,No Info,3873,18,06,2019,17,10,19,40,2,30
IndiGo,9/05/2019,Delhi,Cochin,DEL → HYD → COK,14:20,22:30,8:10,1,No Info,6704,9,05,2019,14,20,22,30,8,10
Jet Airways,6/06/2019,Kolkata,Banglore,CCU → BOM → BLR,18:55,19:50,24:55,1,In-flight meal not included,10844,6,06,2019,18,55,19,50,24,55
Vistara,09/03/2019,Banglore,New Delhi,BLR → DEL,19:40,22:20,2:40,0,No Info,7450,09,03,2019,19,40,22,20,2,40
Jet Airways,06/03/2019,Banglore,New Delhi,BLR → BOM → DEL,16:55,05:05,12:10,1,No Info,16736,06,03,2019,16,55,05,05,12,10
Jet Airways,15/06/2019,Delhi,Cochin,DEL → BOM → COK,15:00,12:35,21:35,1,In-flight meal not included,10262,15,06,2019,15,00,12,35,21,35
Air India,1/05/2019,Kolkata,Banglore,CCU → IXR → DEL → BLR,05:50,16:15,34:25,2,No Info,10991,1,05,2019,05,50,16,15,34,25
SpiceJet,6/06/2019,Banglore,Delhi,BLR → DEL,21:10,00:05,2:55,0,No Info,3311,6,06,2019,21,10,00,05,2,55
IndiGo,24/05/2019,Delhi,Cochin,DEL → BOM → COK,10:35,01:30,14:55,1,No Info,7081,24,05,2019,10,35,01,30,14,55
IndiGo,27/04/2019,Banglore,Delhi,BLR → DEL,21:15,00:15,3h,0,No Info,3943,27,04,2019,21,15,00,15,3h,
Air India,21/05/2019,Delhi,Cochin,DEL → BOM → COK,13:00,19:15,6:15,1,No Info,8372,21,05,2019,13,00,19,15,6,15
Air India,9/03/2019,Delhi,Cochin,DEL → AMD → BOM → COK,19:45,19:15,23:30,2,No Info,11701,9,03,2019,19,45,19,15,23,30
Jet Airways,3/06/2019,Banglore,Delhi,BLR → DEL,15:15,18:10,2:55,0,In-flight meal not included,5769,3,06,2019,15,15,18,10,2,55
Multiple carriers,12/06/2019,Delhi,Cochin,DEL → IDR → BOM → COK,15:05,01:30,10:25,2,No Info,15965,12,06,2019,15,05,01,30,10,25
SpiceJet,12/06/2019,Banglore,Delhi,BLR → DEL,09:30,12:20,2:50,0,No Info,4423,12,06,2019,09,30,12,20,2,50
Jet Airways,15/03/2019,Banglore,New Delhi,BLR → MAA → DEL,09:45,14:25,4:40,1,In-flight meal not included,6136,15,03,2019,09,45,14,25,4,40
Jet Airways,12/03/2019,Banglore,New Delhi,BLR → BOM → DEL,16:55,23:00,6:5,1,In-flight meal not included,11087,12,03,2019,16,55,23,00,6,5
IndiGo,3/06/2019,Chennai,Kolkata,MAA → CCU,05:15,07:40,2:25,0,No Info,3540,3,06,2019,05,15,07,40,2,25
Jet Airways,21/05/2019,Delhi,Cochin,DEL → BOM → COK,14:00,04:25,14:25,1,In-flight meal not included,12898,21,05,2019,14,00,04,25,14,25
IndiGo,18/04/2019,Banglore,Delhi,BLR → DEL,06:05,08:50,2:45,0,No Info,4591,18,04,2019,06,05,08,50,2,45
Air India,24/03/2019,Delhi,Cochin,DEL → BOM → COK,04:00,07:40,27:40,1,No Info,8635,24,03,2019,04,00,07,40,27,40
Jet Airways,27/06/2019,Delhi,Cochin,DEL → BOM → COK,09:00,19:00,10h,1,No Info,14714,27,06,2019,09,00,19,00,10h,
Jet Airways,18/05/2019,Kolkata,Banglore,CCU → DEL → BLR,20:25,19:10,22:45,1,No Info,14151,18,05,2019,20,25,19,10,22,45
Multiple carriers,1/06/2019,Delhi,Cochin,DEL → BOM → COK,04:55,19:15,14:20,1,No Info,8835,1,06,2019,04,55,19,15,14,20
Air India,21/05/2019,Kolkata,Banglore,CCU → DEL → BLR,17:30,08:55,15:25,1,No Info,11936,21,05,2019,17,30,08,55,15,25
Jet Airways,9/06/2019,Delhi,Cochin,DEL → LKO → BOM → COK,21:35,12:35,15h,2,No Info,13882,9,06,2019,21,35,12,35,15h,
Air India,1/04/2019,Delhi,Cochin,DEL → MAA → COK,17:20,09:25,16:5,1,No Info,5117,1,04,2019,17,20,09,25,16,5
Jet Airways,24/05/2019,Banglore,Delhi,BLR → DEL,15:15,18:10,2:55,0,In-flight meal not included,4544,24,05,2019,15,15,18,10,2,55
IndiGo,15/05/2019,Delhi,Cochin,DEL → HYD → COK,06:50,22:30,15:40,1,No Info,6442,15,05,2019,06,50,22,30,15,40
Air India,9/05/2019,Delhi,Cochin,DEL → GOI → BOM → COK,22:00,19:15,21:15,2,No Info,10441,9,05,2019,22,00,19,15,21,15
IndiGo,21/05/2019,Mumbai,Hyderabad,BOM → HYD,20:05,21:40,1:35,0,No Info,2227,21,05,2019,20,05,21,40,1,35
Jet Airways,15/04/2019,Banglore,Delhi,BLR → DEL,06:00,08:45,2:45,0,No Info,7229,15,04,2019,06,00,08,45,2,45
Jet Airways,1/06/2019,Delhi,Cochin,DEL → BOM → COK,13:00,19:00,6h,1,In-flight meal not included,10262,1,06,2019,13,00,19,00,6h,
Jet Airways,12/03/2019,Banglore,New Delhi,BLR → BOM → DEL,08:00,21:20,13:20,1,No Info,13817,12,03,2019,08,00,21,20,13,20
SpiceJet,21/05/2019,Delhi,Cochin,DEL → BLR → COK,17:55,22:50,4:55,1,No Info,5975,21,05,2019,17,55,22,50,4,55
IndiGo,21/03/2019,Kolkata,Banglore,CCU → BLR,21:25,00:05,2:40,0,No Info,4148,21,03,2019,21,25,00,05,2,40
Multiple carriers,6/06/2019,Delhi,Cochin,DEL → BOM → COK,11:30,21:00,9:30,1,No Info,13587,6,06,2019,11,30,21,00,9,30
Jet Airways,21/03/2019,Mumbai,Hyderabad,BOM → HYD,03:05,04:25,1:20,0,In-flight meal not included,2759,21,03,2019,03,05,04,25,1,20
Jet Airways,15/05/2019,Banglore,Delhi,BLR → DEL,19:50,22:50,3h,0,No Info,7229,15,05,2019,19,50,22,50,3h,
Air India,9/05/2019,Delhi,Cochin,DEL → HYD → BOM → COK,07:05,07:40,24:35,2,No Info,13547,9,05,2019,07,05,07,40,24,35
SpiceJet,21/06/2019,Kolkata,Banglore,CCU → BLR,06:55,09:30,2:35,0,No Info,3873,21,06,2019,06,55,09,30,2,35
Jet Airways,21/05/2019,Kolkata,Banglore,CCU → BOM → BLR,16:30,04:40,12:10,1,No Info,14388,21,05,2019,16,30,04,40,12,10
Jet Airways,24/05/2019,Kolkata,Banglore,CCU → BOM → BLR,18:55,10:05,15:10,1,No Info,13731,24,05,2019,18,55,10,05,15,10
SpiceJet,27/03/2019,Kolkata,Banglore,CCU → BLR,06:55,09:35,2:40,0,No check-in baggage included,3815,27,03,2019,06,55,09,35,2,40
Jet Airways,15/03/2019,Mumbai,Hyderabad,BOM → HYD,15:50,17:20,1:30,0,No Info,5678,15,03,2019,15,50,17,20,1,30
Jet Airways,9/05/2019,Kolkata,Banglore,CCU → BOM → BLR,08:25,09:20,24:55,1,In-flight meal not included,9663,9,05,2019,08,25,09,20,24,55
GoAir,21/05/2019,Kolkata,Banglore,CCU → AMD → BLR,16:40,00:15,7:35,1,No Info,8855,21,05,2019,16,40,00,15,7,35
Jet Airways,9/05/2019,Delhi,Cochin,DEL → JAI → BOM → COK,09:40,04:25,18:45,2,No Info,15129,9,05,2019,09,40,04,25,18,45
Jet Airways,18/03/2019,Banglore,New Delhi,BLR → BOM → DEL,16:55,23:00,6:5,1,No Info,13555,18,03,2019,16,55,23,00,6,5
Jet Airways,21/05/2019,Kolkata,Banglore,CCU → BOM → BLR,21:10,08:15,11:5,1,In-flight meal not included,10844,21,05,2019,21,10,08,15,11,5
Jet Airways,21/03/2019,Banglore,New Delhi,BLR → BOM → DEL,11:40,21:20,9:40,1,In-flight meal not included,7832,21,03,2019,11,40,21,20,9,40
Jet Airways,27/06/2019,Delhi,Cochin,DEL → AMD → BOM → COK,23:05,12:35,13:30,2,In-flight meal not included,11150,27,06,2019,23,05,12,35,13,30
Vistara,9/05/2019,Kolkata,Banglore,CCU → DEL → BLR,20:20,10:45,14:25,1,No Info,8452,9,05,2019,20,20,10,45,14,25
Multiple carriers,9/06/2019,Delhi,Cochin,DEL → HYD → COK,09:45,16:10,6:25,1,No Info,9646,9,06,2019,09,45,16,10,6,25
IndiGo,24/06/2019,Banglore,Delhi,BLR → DEL,10:10,13:00,2:50,0,No Info,3943,24,06,2019,10,10,13,00,2,50
GoAir,12/06/2019,Delhi,Cochin,DEL → BOM → COK,07:00,12:55,5:55,1,No Info,5281,12,06,2019,07,00,12,55,5,55
Air India,1/06/2019,Delhi,Cochin,DEL → HYD → BOM → COK,17:15,07:40,14:25,2,No Info,14667,1,06,2019,17,15,07,40,14,25
Jet Airways,24/05/2019,Kolkata,Banglore,CCU → BOM → BLR,20:00,09:20,13:20,1,No Info,14571,24,05,2019,20,00,09,20,13,20
Jet Airways,01/03/2019,Banglore,New Delhi,BLR → BDQ → DEL,05:50,12:20,6:30,1,Business class,28097,01,03,2019,05,50,12,20,6,30
Jet Airways,06/03/2019,Banglore,New Delhi,BLR → BOM → DEL,20:35,19:10,22:35,1,No Info,17471,06,03,2019,20,35,19,10,22,35
Jet Airways,12/06/2019,Delhi,Cochin,DEL → BOM → COK,08:00,19:00,11h,1,In-flight meal not included,10577,12,06,2019,08,00,19,00,11h,
Multiple carriers,24/06/2019,Delhi,Cochin,DEL → BOM → COK,11:30,19:15,7:45,1,No Info,14848,24,06,2019,11,30,19,15,7,45
IndiGo,15/04/2019,Banglore,Delhi,BLR → DEL,23:30,02:20,2:50,0,No Info,4591,15,04,2019,23,30,02,20,2,50
IndiGo,18/05/2019,Chennai,Kolkata,MAA → CCU,19:35,21:55,2:20,0,No Info,3597,18,05,2019,19,35,21,55,2,20
IndiGo,27/05/2019,Delhi,Cochin,DEL → HYD → COK,16:10,22:30,6:20,1,No Info,6938,27,05,2019,16,10,22,30,6,20
Air Asia,24/06/2019,Kolkata,Banglore,CCU → BLR,19:55,22:25,2:30,0,No Info,3807,24,06,2019,19,55,22,25,2,30
Jet Airways,12/06/2019,Delhi,Cochin,DEL → BOM → COK,09:00,19:00,10h,1,In-flight meal not included,10262,12,06,2019,09,00,19,00,10h,
Air India,9/05/2019,Kolkata,Banglore,CCU → JAI → DEL → BLR,08:20,20:25,12:5,2,No Info,11432,9,05,2019,08,20,20,25,12,5
Jet Airways,21/03/2019,Banglore,New Delhi,BLR → DEL,19:55,22:35,2:40,0,No Info,7229,21,03,2019,19,55,22,35,2,40
Multiple carriers,21/05/2019,Delhi,Cochin,DEL → BOM → COK,11:30,19:15,7:45,1,No Info,14848,21,05,2019,11,30,19,15,7,45
Jet Airways,15/05/2019,Kolkata,Banglore,CCU → BOM → BLR,06:30,23:35,17:5,1,In-flight meal not included,8586,15,05,2019,06,30,23,35,17,5
Multiple carriers,9/04/2019,Delhi,Cochin,DEL → BOM → COK,10:35,19:15,8:40,1,No Info,6106,9,04,2019,10,35,19,15,8,40
SpiceJet,3/05/2019,Kolkata,Banglore,CCU → BLR,22:20,00:40,2:20,0,No Info,3873,3,05,2019,22,20,00,40,2,20
Jet Airways,15/06/2019,Delhi,Cochin,DEL → JDH → BOM → COK,11:40,19:00,7:20,2,In-flight meal not included,15812,15,06,2019,11,40,19,00,7,20
Jet Airways,24/05/2019,Kolkata,Banglore,CCU → DEL → BLR,20:25,14:25,18h,1,No Info,12121,24,05,2019,20,25,14,25,18h,
Jet Airways,12/05/2019,Kolkata,Banglore,CCU → BOM → BLR,06:30,19:50,13:20,1,In-flight meal not included,8586,12,05,2019,06,30,19,50,13,20
Multiple carriers,12/06/2019,Delhi,Cochin,DEL → BOM → COK,07:30,19:15,11:45,1,No Info,7354,12,06,2019,07,30,19,15,11,45
IndiGo,6/03/2019,Kolkata,Banglore,CCU → BLR,21:25,00:05,2:40,0,No Info,4778,6,03,2019,21,25,00,05,2,40
IndiGo,9/06/2019,Delhi,Cochin,DEL → BOM → COK,08:30,21:00,12:30,1,No Info,6838,9,06,2019,08,30,21,00,12,30
Multiple carriers,6/03/2019,Delhi,Cochin,DEL → HYD → COK,09:45,22:20,12:35,1,No Info,10276,6,03,2019,09,45,22,20,12,35
Jet Airways,18/06/2019,Banglore,Delhi,BLR → DEL,08:20,11:20,3h,0,No Info,8016,18,06,2019,08,20,11,20,3h,
Air India,21/03/2019,Banglore,New Delhi,BLR → HYD → DEL,08:15,18:30,10:15,1,No Info,4943,21,03,2019,08,15,18,30,10,15
IndiGo,24/06/2019,Banglore,Delhi,BLR → DEL,08:30,11:20,2:50,0,No Info,4823,24,06,2019,08,30,11,20,2,50
Jet Airways,1/04/2019,Kolkata,Banglore,CCU → BOM → BLR,08:25,16:20,7:55,1,No Info,12996,1,04,2019,08,25,16,20,7,55
Air India,27/05/2019,Delhi,Cochin,DEL → BOM → COK,09:00,19:15,10:15,1,No Info,9929,27,05,2019,09,00,19,15,10,15
Multiple carriers,3/06/2019,Delhi,Cochin,DEL → BOM → COK,10:00,01:30,15:30,1,No Info,9508,3,06,2019,10,00,01,30,15,30
Air India,21/03/2019,Delhi,Cochin,DEL → COK,18:05,21:10,3:5,0,No Info,5674,21,03,2019,18,05,21,10,3,5
IndiGo,18/06/2019,Chennai,Kolkata,MAA → CCU,11:35,14:00,2:25,0,No Info,3858,18,06,2019,11,35,14,00,2,25
IndiGo,24/05/2019,Kolkata,Banglore,CCU → BLR,22:15,00:50,2:35,0,No Info,4804,24,05,2019,22,15,00,50,2,35
Multiple carriers,27/05/2019,Delhi,Cochin,DEL → BOM → COK,14:00,01:30,11:30,1,No Info,13377,27,05,2019,14,00,01,30,11,30
Jet Airways,27/05/2019,Delhi,Cochin,DEL → BOM → COK,15:00,04:25,13:25,1,In-flight meal not included,12898,27,05,2019,15,00,04,25,13,25
Air Asia,1/06/2019,Kolkata,Banglore,CCU → BLR,10:20,12:55,2:35,0,No Info,4409,1,06,2019,10,20,12,55,2,35
Air Asia,1/06/2019,Delhi,Cochin,DEL → BLR → COK,07:55,22:25,14:30,1,No Info,8759,1,06,2019,07,55,22,25,14,30
Air India,03/03/2019,Banglore,New Delhi,BLR → AMD → DEL,00:30,23:55,23:25,1,No Info,10394,03,03,2019,00,30,23,55,23,25
IndiGo,18/03/2019,Chennai,Kolkata,MAA → CCU,11:35,14:00,2:25,0,No Info,3858,18,03,2019,11,35,14,00,2,25
Air Asia,15/06/2019,Delhi,Cochin,DEL → BLR → COK,07:55,13:25,5:30,1,No Info,6253,15,06,2019,07,55,13,25,5,30
Jet Airways,27/05/2019,Delhi,Cochin,DEL → AMD → BOM → COK,19:10,12:35,17:25,2,No Info,15129,27,05,2019,19,10,12,35,17,25
GoAir,24/03/2019,Kolkata,Banglore,CCU → HYD → BLR,06:35,14:25,7:50,1,No Info,4773,24,03,2019,06,35,14,25,7,50
Jet Airways,21/05/2019,Kolkata,Banglore,CCU → BOM → BLR,06:30,09:20,26:50,1,In-flight meal not included,9663,21,05,2019,06,30,09,20,26,50
Jet Airways,12/06/2019,Kolkata,Banglore,CCU → DEL → BLR,17:00,09:45,16:45,1,No Info,12692,12,06,2019,17,00,09,45,16,45
IndiGo,6/06/2019,Banglore,Delhi,BLR → DEL,01:30,04:15,2:45,0,No Info,3943,6,06,2019,01,30,04,15,2,45
Jet Airways,12/05/2019,Kolkata,Banglore,CCU → DEL → BLR,17:00,21:05,28:5,1,In-flight meal not included,10703,12,05,2019,17,00,21,05,28,5
IndiGo,27/03/2019,Delhi,Cochin,DEL → BOM → COK,06:40,21:00,14:20,1,No Info,8784,27,03,2019,06,40,21,00,14,20
Multiple carriers,9/06/2019,Delhi,Cochin,DEL → BOM → COK,09:15,19:00,9:45,1,No Info,11622,9,06,2019,09,15,19,00,9,45
IndiGo,24/05/2019,Chennai,Kolkata,MAA → CCU,22:05,00:25,2:20,0,No Info,5277,24,05,2019,22,05,00,25,2,20
Air Asia,21/05/2019,Delhi,Cochin,DEL → BLR → COK,16:45,07:10,14:25,1,No Info,8327,21,05,2019,16,45,07,10,14,25
IndiGo,9/03/2019,Delhi,Cochin,DEL → COK,05:35,08:50,3:15,0,No Info,6885,9,03,2019,05,35,08,50,3,15
Jet Airways,12/06/2019,Banglore,Delhi,BLR → DEL,17:45,20:45,3h,0,No Info,8016,12,06,2019,17,45,20,45,3h,
IndiGo,1/06/2019,Delhi,Cochin,DEL → PNQ → COK,23:30,04:35,5:5,1,No Info,10112,1,06,2019,23,30,04,35,5,5
IndiGo,6/03/2019,Delhi,Cochin,DEL → BOM → COK,17:30,01:35,8:5,1,No Info,14871,6,03,2019,17,30,01,35,8,5
Jet Airways,9/06/2019,Delhi,Cochin,DEL → BOM → COK,09:00,19:00,10h,1,In-flight meal not included,10262,9,06,2019,09,00,19,00,10h,
Jet Airways,24/03/2019,Mumbai,Hyderabad,BOM → HYD,19:35,21:05,1:30,0,In-flight meal not included,2470,24,03,2019,19,35,21,05,1,30
Air India,9/03/2019,Delhi,Cochin,DEL → HYD → MAA → COK,13:15,09:25,20:10,2,No Info,11622,9,03,2019,13,15,09,25,20,10
Vistara,6/05/2019,Kolkata,Banglore,CCU → DEL → BLR,20:20,10:45,14:25,1,No Info,8662,6,05,2019,20,20,10,45,14,25
Air India,24/06/2019,Delhi,Cochin,DEL → HYD → BOM → COK,17:15,19:15,26h,2,No Info,11972,24,06,2019,17,15,19,15,26h,
Jet Airways,6/06/2019,Delhi,Cochin,DEL → LKO → BOM → COK,09:25,04:25,19h,2,In-flight meal not included,11992,6,06,2019,09,25,04,25,19h,
Jet Airways,18/05/2019,Delhi,Cochin,DEL → BOM → COK,10:00,04:25,18:25,1,In-flight meal not included,12373,18,05,2019,10,00,04,25,18,25
Multiple carriers,1/06/2019,Delhi,Cochin,DEL → BOM → COK,10:00,01:30,15:30,1,No Info,7198,1,06,2019,10,00,01,30,15,30
Jet Airways,15/06/2019,Delhi,Cochin,DEL → BOM → COK,07:05,12:35,5:30,1,No Info,14714,15,06,2019,07,05,12,35,5,30
IndiGo,9/06/2019,Delhi,Cochin,DEL → BOM → COK,16:00,01:30,9:30,1,No Info,6316,9,06,2019,16,00,01,30,9,30
Air India,27/03/2019,Delhi,Cochin,DEL → BLR → COK,17:40,08:15,14:35,1,No Info,5998,27,03,2019,17,40,08,15,14,35
Jet Airways,12/06/2019,Kolkata,Banglore,CCU → BOM → BLR,18:55,16:20,21:25,1,No Info,13044,12,06,2019,18,55,16,20,21,25
Multiple carriers,12/06/2019,Delhi,Cochin,DEL → HYD → COK,13:05,22:30,9:25,1,No Info,9646,12,06,2019,13,05,22,30,9,25
Air Asia,27/06/2019,Delhi,Cochin,DEL → BLR → COK,16:45,07:10,14:25,1,No Info,6451,27,06,2019,16,45,07,10,14,25
GoAir,24/06/2019,Delhi,Cochin,DEL → BOM → COK,07:00,12:55,5:55,1,No Info,5281,24,06,2019,07,00,12,55,5,55
Jet Airways,1/05/2019,Mumbai,Hyderabad,BOM → HYD,19:35,21:05,1:30,0,In-flight meal not included,2228,1,05,2019,19,35,21,05,1,30
IndiGo,1/06/2019,Banglore,Delhi,BLR → DEL,06:05,08:50,2:45,0,No Info,3943,1,06,2019,06,05,08,50,2,45
Air India,15/06/2019,Delhi,Cochin,DEL → GOI → BOM → COK,10:55,07:40,20:45,2,No Info,11753,15,06,2019,10,55,07,40,20,45
Jet Airways,24/06/2019,Delhi,Cochin,DEL → AMD → BOM → COK,23:05,12:35,13:30,2,No Info,12819,24,06,2019,23,05,12,35,13,30
Jet Airways,21/03/2019,Delhi,Cochin,DEL → MAA → BOM → COK,13:55,18:50,28:55,2,In-flight meal not included,8728,21,03,2019,13,55,18,50,28,55
SpiceJet,9/05/2019,Delhi,Cochin,DEL → PNQ → COK,08:45,13:15,4:30,1,No Info,4812,9,05,2019,08,45,13,15,4,30
Jet Airways,1/05/2019,Kolkata,Banglore,CCU → DEL → BLR,17:00,22:05,29:5,1,No Info,14151,1,05,2019,17,00,22,05,29,5
Vistara,1/05/2019,Kolkata,Banglore,CCU → DEL → BLR,20:20,09:05,12:45,1,No Info,8452,1,05,2019,20,20,09,05,12,45
IndiGo,24/03/2019,Kolkata,Banglore,CCU → HYD → BLR,15:10,20:15,5:5,1,No Info,6762,24,03,2019,15,10,20,15,5,5
Jet Airways,12/03/2019,Banglore,New Delhi,BLR → BOM → DEL,18:55,13:15,18:20,1,No Info,13817,12,03,2019,18,55,13,15,18,20
Jet Airways,21/05/2019,Delhi,Cochin,DEL → BOM → COK,14:00,12:35,22:35,1,In-flight meal not included,12898,21,05,2019,14,00,12,35,22,35
IndiGo,6/04/2019,Kolkata,Banglore,CCU → HYD → BLR,19:20,23:45,4:25,1,No Info,3480,6,04,2019,19,20,23,45,4,25
Jet Airways,01/03/2019,Banglore,New Delhi,BLR → BOM → DEL,11:40,21:20,9:40,1,1 Long layover,27992,01,03,2019,11,40,21,20,9,40
Jet Airways,21/03/2019,Delhi,Cochin,DEL → BDQ → BOM → COK,18:25,04:25,10h,2,In-flight meal not included,7791,21,03,2019,18,25,04,25,10h,
Air India,21/03/2019,Delhi,Cochin,DEL → BLR → COK,06:10,23:00,16:50,1,No Info,5704,21,03,2019,06,10,23,00,16,50
IndiGo,21/05/2019,Kolkata,Banglore,CCU → MAA → BLR,16:35,22:15,5:40,1,No Info,5268,21,05,2019,16,35,22,15,5,40
GoAir,6/06/2019,Banglore,Delhi,BLR → DEL,11:40,14:30,2:50,0,No Info,3898,6,06,2019,11,40,14,30,2,50
SpiceJet,15/03/2019,Kolkata,Banglore,CCU → BLR,09:00,11:30,2:30,0,No Info,3847,15,03,2019,09,00,11,30,2,30
Multiple carriers,12/06/2019,Delhi,Cochin,DEL → BOM → COK,07:30,19:00,11:30,1,No Info,10877,12,06,2019,07,30,19,00,11,30
Multiple carriers,9/04/2019,Delhi,Cochin,DEL → BOM → COK,08:45,19:15,10:30,1,No Info,8371,9,04,2019,08,45,19,15,10,30
Multiple carriers,6/06/2019,Delhi,Cochin,DEL → HYD → COK,07:10,22:30,15:20,1,No Info,7038,6,06,2019,07,10,22,30,15,20
Jet Airways,9/06/2019,Kolkata,Banglore,CCU → BOM → BLR,06:30,16:20,9:50,1,No Info,14571,9,06,2019,06,30,16,20,9,50
Jet Airways,9/06/2019,Kolkata,Banglore,CCU → BOM → BLR,20:00,09:20,13:20,1,In-flight meal not included,11841,9,06,2019,20,00,09,20,13,20
Jet Airways,18/05/2019,Delhi,Cochin,DEL → AMD → BOM → COK,13:25,12:35,23:10,2,No Info,15129,18,05,2019,13,25,12,35,23,10
SpiceJet,15/06/2019,Kolkata,Banglore,CCU → BLR,22:20,00:40,2:20,0,No check-in baggage included,3841,15,06,2019,22,20,00,40,2,20
Jet Airways,24/06/2019,Delhi,Cochin,DEL → BOM → COK,11:30,12:35,25:5,1,In-flight meal not included,10262,24,06,2019,11,30,12,35,25,5
Air India,6/04/2019,Kolkata,Banglore,CCU → BLR,20:45,23:20,2:35,0,No Info,4460,6,04,2019,20,45,23,20,2,35
IndiGo,03/03/2019,Banglore,New Delhi,BLR → DEL,18:25,21:20,2:55,0,No Info,7648,03,03,2019,18,25,21,20,2,55
Vistara,6/06/2019,Kolkata,Banglore,CCU → DEL → BLR,07:10,20:20,13:10,1,No Info,8610,6,06,2019,07,10,20,20,13,10
IndiGo,18/06/2019,Chennai,Kolkata,MAA → CCU,13:15,15:35,2:20,0,No Info,3597,18,06,2019,13,15,15,35,2,20
IndiGo,24/06/2019,Delhi,Cochin,DEL → HYD → COK,07:35,16:10,8:35,1,No Info,6442,24,06,2019,07,35,16,10,8,35
IndiGo,9/03/2019,Delhi,Cochin,DEL → BOM → COK,06:40,21:00,14:20,1,No Info,12351,9,03,2019,06,40,21,00,14,20
Multiple carriers,21/05/2019,Delhi,Cochin,DEL → BOM → COK,17:30,01:30,8h,1,No Info,14067,21,05,2019,17,30,01,30,8h,
IndiGo,15/05/2019,Banglore,Delhi,BLR → DEL,20:00,22:50,2:50,0,No Info,4823,15,05,2019,20,00,22,50,2,50
Vistara,24/03/2019,Kolkata,Banglore,CCU → DEL → BLR,17:00,22:10,29:10,1,No Info,12102,24,03,2019,17,00,22,10,29,10
Jet Airways,24/05/2019,Mumbai,Hyderabad,BOM → HYD,07:05,08:30,1:25,0,No Info,8040,24,05,2019,07,05,08,30,1,25
IndiGo,03/03/2019,Banglore,New Delhi,BLR → DEL,10:05,13:00,2:55,0,No Info,7648,03,03,2019,10,05,13,00,2,55
IndiGo,9/05/2019,Delhi,Cochin,DEL → MAA → COK,02:00,07:25,5:25,1,No Info,6582,9,05,2019,02,00,07,25,5,25
Vistara,12/06/2019,Banglore,Delhi,BLR → DEL,11:30,14:20,2:50,0,No Info,4668,12,06,2019,11,30,14,20,2,50
IndiGo,1/04/2019,Banglore,Delhi,BLR → DEL,20:00,22:50,2:50,0,No Info,4823,1,04,2019,20,00,22,50,2,50
SpiceJet,1/05/2019,Kolkata,Banglore,CCU → BLR,22:20,00:40,2:20,0,No Info,3873,1,05,2019,22,20,00,40,2,20
Multiple carriers,18/05/2019,Delhi,Cochin,DEL → BOM → COK,10:20,19:15,8:55,1,No Info,8476,18,05,2019,10,20,19,15,8,55
IndiGo,27/05/2019,Delhi,Cochin,DEL → MAA → COK,07:15,12:30,5:15,1,No Info,5636,27,05,2019,07,15,12,30,5,15
Jet Airways,12/05/2019,Kolkata,Banglore,CCU → BOM → BLR,08:25,19:50,11:25,1,In-flight meal not included,8586,12,05,2019,08,25,19,50,11,25
IndiGo,6/06/2019,Banglore,Delhi,BLR → DEL,18:25,21:20,2:55,0,No Info,4823,6,06,2019,18,25,21,20,2,55
Air India,6/03/2019,Delhi,Cochin,DEL → COK,05:10,08:00,2:50,0,No Info,6881,6,03,2019,05,10,08,00,2,50
Jet Airways,9/05/2019,Kolkata,Banglore,CCU → BOM → BLR,14:05,22:35,8:30,1,In-flight meal not included,10844,9,05,2019,14,05,22,35,8,30
IndiGo,24/04/2019,Kolkata,Banglore,CCU → BBI → BLR,19:35,23:15,3:40,1,No Info,4226,24,04,2019,19,35,23,15,3,40
Jet Airways,9/05/2019,Delhi,Cochin,DEL → BOM → COK,19:15,19:00,23:45,1,In-flight meal not included,12373,9,05,2019,19,15,19,00,23,45
Air India,6/06/2019,Kolkata,Banglore,CCU → JAI → BOM → BLR,08:20,21:50,13:30,2,No Info,10697,6,06,2019,08,20,21,50,13,30
Jet Airways,3/06/2019,Mumbai,Hyderabad,BOM → HYD,10:20,11:50,1:30,0,In-flight meal not included,4995,3,06,2019,10,20,11,50,1,30
Air India,24/06/2019,Delhi,Cochin,DEL → AMD → BOM → COK,16:40,19:15,26:35,2,No Info,9443,24,06,2019,16,40,19,15,26,35
Jet Airways,18/05/2019,Delhi,Cochin,DEL → JAI → BOM → COK,05:30,04:25,22:55,2,In-flight meal not included,13029,18,05,2019,05,30,04,25,22,55
Jet Airways,21/03/2019,Delhi,Cochin,DEL → BDQ → BOM → COK,18:25,04:25,34h,2,No Info,12347,21,03,2019,18,25,04,25,34h,
Multiple carriers,9/06/2019,Delhi,Cochin,DEL → BOM → COK,13:00,21:00,8h,1,No Info,7408,9,06,2019,13,00,21,00,8h,
Jet Airways,1/04/2019,Kolkata,Banglore,CCU → BOM → BLR,18:55,09:20,14:25,1,In-flight meal not included,7064,1,04,2019,18,55,09,20,14,25
Jet Airways,6/03/2019,Delhi,Cochin,DEL → BOM → COK,13:00,04:25,15:25,1,In-flight meal not included,13843,6,03,2019,13,00,04,25,15,25
IndiGo,12/04/2019,Kolkata,Banglore,CCU → BLR,15:30,18:05,2:35,0,No Info,4174,12,04,2019,15,30,18,05,2,35
Multiple carriers,15/05/2019,Delhi,Cochin,DEL → GWL → IDR → BOM → COK,11:35,21:00,9:25,3,No Info,16294,15,05,2019,11,35,21,00,9,25
SpiceJet,18/05/2019,Kolkata,Banglore,CCU → BLR,06:55,09:30,2:35,0,No check-in baggage included,3841,18,05,2019,06,55,09,30,2,35
IndiGo,15/06/2019,Banglore,Delhi,BLR → DEL,04:00,06:50,2:50,0,No Info,4423,15,06,2019,04,00,06,50,2,50
Air India,12/06/2019,Delhi,Cochin,DEL → COK,05:10,08:00,2:50,0,No Info,5201,12,06,2019,05,10,08,00,2,50
Air India,03/03/2019,Banglore,New Delhi,BLR → BOM → IDR → DEL,06:45,11:10,28:25,2,No Info,12599,03,03,2019,06,45,11,10,28,25
IndiGo,21/05/2019,Mumbai,Hyderabad,BOM → HYD,06:25,07:55,1:30,0,No Info,4049,21,05,2019,06,25,07,55,1,30
Air India,24/05/2019,Kolkata,Banglore,CCU → BOM → TRV → BLR,09:25,10:30,25:5,2,No Info,12797,24,05,2019,09,25,10,30,25,5
Jet Airways,24/05/2019,Kolkata,Banglore,CCU → DEL → BLR,20:25,10:55,14:30,1,No Info,13067,24,05,2019,20,25,10,55,14,30
Vistara,24/05/2019,Kolkata,Banglore,CCU → DEL → BLR,20:20,18:50,22:30,1,No Info,9345,24,05,2019,20,20,18,50,22,30
IndiGo,21/05/2019,Delhi,Cochin,DEL → HYD → COK,05:05,12:10,7:5,1,No Info,6818,21,05,2019,05,05,12,10,7,5
Jet Airways,3/05/2019,Mumbai,Hyderabad,BOM → HYD,10:20,11:50,1:30,0,No Info,8040,3,05,2019,10,20,11,50,1,30
Jet Airways,12/06/2019,Delhi,Cochin,DEL → ATQ → BOM → COK,18:20,12:35,18:15,2,No Info,14300,12,06,2019,18,20,12,35,18,15
Multiple carriers,15/05/2019,Delhi,Cochin,DEL → BOM → COK,18:15,01:30,7:15,1,No Info,13727,15,05,2019,18,15,01,30,7,15
Jet Airways,21/03/2019,Banglore,New Delhi,BLR → BOM → DEL,16:55,10:25,17:30,1,In-flight meal not included,7832,21,03,2019,16,55,10,25,17,30
Multiple carriers,9/03/2019,Delhi,Cochin,DEL → BOM → COK,04:00,12:55,8:55,1,No Info,16259,9,03,2019,04,00,12,55,8,55
IndiGo,27/06/2019,Banglore,Delhi,BLR → DEL,08:30,11:20,2:50,0,No Info,4823,27,06,2019,08,30,11,20,2,50
Jet Airways,06/03/2019,Banglore,New Delhi,BLR → BOM → DEL,11:40,08:15,20:35,1,No Info,16736,06,03,2019,11,40,08,15,20,35
Air India,6/06/2019,Kolkata,Banglore,CCU → BOM → AMD → BLR,09:25,05:25,20h,2,No Info,13217,6,06,2019,09,25,05,25,20h,
Multiple carriers,27/03/2019,Delhi,Cochin,DEL → BOM → COK,12:50,21:00,8:10,1,No Info,6637,27,03,2019,12,50,21,00,8,10
Jet Airways,9/06/2019,Kolkata,Banglore,CCU → BOM → BLR,18:55,12:00,17:5,1,In-flight meal not included,10844,9,06,2019,18,55,12,00,17,5
Multiple carriers,21/03/2019,Delhi,Cochin,DEL → BOM → COK,10:00,19:15,9:15,1,In-flight meal not included,8401,21,03,2019,10,00,19,15,9,15
SpiceJet,12/04/2019,Kolkata,Banglore,CCU → BLR,09:00,11:25,2:25,0,No Info,3873,12,04,2019,09,00,11,25,2,25
Jet Airways,24/06/2019,Delhi,Cochin,DEL → ATQ → BOM → COK,20:00,04:25,8:25,2,In-flight meal not included,12410,24,06,2019,20,00,04,25,8,25
Jet Airways,18/05/2019,Delhi,Cochin,DEL → AMD → BOM → COK,23:05,12:35,13:30,2,No Info,15129,18,05,2019,23,05,12,35,13,30
IndiGo,1/05/2019,Banglore,Delhi,BLR → DEL,13:00,15:50,2:50,0,No Info,4423,1,05,2019,13,00,15,50,2,50
Jet Airways,27/05/2019,Delhi,Cochin,DEL → BOM → COK,13:00,19:00,6h,1,No Info,16079,27,05,2019,13,00,19,00,6h,
Air India,6/06/2019,Kolkata,Banglore,CCU → VNS → DEL → BLR,14:30,08:55,18:25,2,No Info,15894,6,06,2019,14,30,08,55,18,25
Multiple carriers,15/05/2019,Delhi,Cochin,DEL → BOM → COK,04:55,19:00,14:5,1,No Info,9103,15,05,2019,04,55,19,00,14,5
Air India,12/06/2019,Delhi,Cochin,DEL → BLR → COK,09:45,08:15,22:30,1,No Info,8991,12,06,2019,09,45,08,15,22,30
Air India,1/04/2019,Kolkata,Banglore,CCU → BOM → HBX → BLR,16:50,18:20,25:30,2,No Info,7893,1,04,2019,16,50,18,20,25,30
IndiGo,3/03/2019,Mumbai,Hyderabad,BOM → HYD,02:30,04:00,1:30,0,No Info,4575,3,03,2019,02,30,04,00,1,30
SpiceJet,3/05/2019,Kolkata,Banglore,CCU → BLR,09:00,11:25,2:25,0,No Info,3873,3,05,2019,09,00,11,25,2,25
Jet Airways,21/03/2019,Banglore,New Delhi,BLR → BOM → DEL,05:45,21:20,15:35,1,In-flight meal not included,7832,21,03,2019,05,45,21,20,15,35
IndiGo,1/05/2019,Chennai,Kolkata,MAA → CCU,14:45,17:05,2:20,0,No Info,3597,1,05,2019,14,45,17,05,2,20
Jet Airways,24/03/2019,Kolkata,Banglore,CCU → BOM → BLR,21:10,23:25,26:15,1,No Info,13759,24,03,2019,21,10,23,25,26,15
Jet Airways,27/05/2019,Banglore,Delhi,BLR → DEL,18:55,22:00,3:5,0,No Info,7229,27,05,2019,18,55,22,00,3,5
SpiceJet,15/04/2019,Kolkata,Banglore,CCU → BLR,06:55,09:30,2:35,0,No Info,3873,15,04,2019,06,55,09,30,2,35
Multiple carriers,15/05/2019,Delhi,Cochin,DEL → BOM → COK,06:00,19:00,13h,1,No Info,9794,15,05,2019,06,00,19,00,13h,
Air India,27/03/2019,Delhi,Cochin,DEL → BLR → COK,13:30,08:15,18:45,1,No Info,6681,27,03,2019,13,30,08,15,18,45
IndiGo,21/04/2019,Banglore,Delhi,BLR → DEL,21:15,00:15,3h,0,No Info,4423,21,04,2019,21,15,00,15,3h,
Jet Airways,15/05/2019,Kolkata,Banglore,CCU → BOM → BLR,08:25,19:50,11:25,1,In-flight meal not included,10844,15,05,2019,08,25,19,50,11,25
IndiGo,1/06/2019,Delhi,Cochin,DEL → BOM → COK,09:15,21:00,11:45,1,No Info,7258,1,06,2019,09,15,21,00,11,45
Jet Airways,12/06/2019,Mumbai,Hyderabad,BOM → HYD,10:20,11:50,1:30,0,In-flight meal not included,4995,12,06,2019,10,20,11,50,1,30
Jet Airways,9/06/2019,Delhi,Cochin,DEL → BOM → COK,20:55,19:00,22:5,1,No Info,14924,9,06,2019,20,55,19,00,22,5
Vistara,15/03/2019,Banglore,New Delhi,BLR → AMD → DEL,06:40,10:25,27:45,1,No Info,6590,15,03,2019,06,40,10,25,27,45
Jet Airways,3/06/2019,Delhi,Cochin,DEL → BOM → COK,20:55,12:35,15:40,1,In-flight meal not included,10262,3,06,2019,20,55,12,35,15,40
SpiceJet,9/03/2019,Kolkata,Banglore,CCU → BLR,09:00,11:30,2:30,0,No Info,5515,9,03,2019,09,00,11,30,2,30
Jet Airways,27/03/2019,Delhi,Cochin,DEL → AMD → BOM → COK,19:10,19:45,24:35,2,In-flight meal not included,6643,27,03,2019,19,10,19,45,24,35
IndiGo,24/06/2019,Mumbai,Hyderabad,BOM → HYD,19:05,20:35,1:30,0,No Info,2754,24,06,2019,19,05,20,35,1,30
IndiGo,9/06/2019,Delhi,Cochin,DEL → BLR → COK,17:05,22:15,5:10,1,No Info,6493,9,06,2019,17,05,22,15,5,10
IndiGo,24/05/2019,Kolkata,Banglore,CCU → NAG → BLR,18:05,23:30,5:25,1,No Info,6218,24,05,2019,18,05,23,30,5,25
Air India,6/06/2019,Delhi,Cochin,DEL → BHO → BOM → COK,05:55,19:15,13:20,2,No Info,10861,6,06,2019,05,55,19,15,13,20
IndiGo,6/03/2019,Delhi,Cochin,DEL → HYD → COK,07:35,16:10,8:35,1,No Info,7094,6,03,2019,07,35,16,10,8,35
SpiceJet,24/03/2019,Mumbai,Hyderabad,BOM → HYD,22:45,00:10,1:25,0,No Info,2227,24,03,2019,22,45,00,10,1,25
Jet Airways,21/04/2019,Banglore,Delhi,BLR → DEL,19:50,22:50,3h,0,In-flight meal not included,4544,21,04,2019,19,50,22,50,3h,
Air India,21/03/2019,Banglore,New Delhi,BLR → CCU → BBI → DEL,05:50,16:20,10:30,2,No Info,7664,21,03,2019,05,50,16,20,10,30
Jet Airways,27/06/2019,Banglore,Delhi,BLR → DEL,17:45,20:45,3h,0,No Info,8016,27,06,2019,17,45,20,45,3h,
Air Asia,27/05/2019,Kolkata,Banglore,CCU → BLR,22:50,01:20,2:30,0,No Info,3807,27,05,2019,22,50,01,20,2,30
Air India,3/06/2019,Delhi,Cochin,DEL → LKO → BOM → COK,07:10,19:15,12:5,2,No Info,12698,3,06,2019,07,10,19,15,12,5
Jet Airways,24/05/2019,Kolkata,Banglore,CCU → BOM → BLR,06:30,04:40,22:10,1,In-flight meal not included,8586,24,05,2019,06,30,04,40,22,10
Jet Airways,1/04/2019,Kolkata,Banglore,CCU → BOM → BLR,06:30,04:40,22:10,1,In-flight meal not included,7064,1,04,2019,06,30,04,40,22,10
IndiGo,9/06/2019,Delhi,Cochin,DEL → COK,05:35,08:50,3:15,0,No Info,5601,9,06,2019,05,35,08,50,3,15
SpiceJet,21/05/2019,Delhi,Cochin,DEL → MAA → COK,15:45,22:05,6:20,1,No Info,7317,21,05,2019,15,45,22,05,6,20
Air India,6/05/2019,Kolkata,Banglore,CCU → DEL → COK → TRV → BLR,10:00,10:30,24:30,3,No Info,12797,6,05,2019,10,00,10,30,24,30
IndiGo,6/04/2019,Kolkata,Banglore,CCU → MAA → BLR,06:15,10:30,4:15,1,No Info,4226,6,04,2019,06,15,10,30,4,15
Jet Airways,12/05/2019,Kolkata,Banglore,CCU → DEL → BLR,17:00,23:35,6:35,1,No Info,14151,12,05,2019,17,00,23,35,6,35
IndiGo,27/03/2019,Delhi,Cochin,DEL → BOM → COK,10:45,01:35,14:50,1,No Info,6628,27,03,2019,10,45,01,35,14,50
IndiGo,09/03/2019,Banglore,New Delhi,BLR → DEL,04:00,06:50,2:50,0,No Info,8033,09,03,2019,04,00,06,50,2,50
Multiple carriers,1/06/2019,Delhi,Cochin,DEL → BOM → COK,10:35,19:00,8:25,1,No Info,11200,1,06,2019,10,35,19,00,8,25
IndiGo,24/06/2019,Kolkata,Banglore,CCU → BLR,15:30,18:05,2:35,0,No Info,4804,24,06,2019,15,30,18,05,2,35
Air Asia,12/06/2019,Kolkata,Banglore,CCU → DEL → BLR,22:40,10:40,12h,1,No Info,5192,12,06,2019,22,40,10,40,12h,
Jet Airways,12/06/2019,Delhi,Cochin,DEL → JAI → BOM → COK,09:40,04:25,18:45,2,No Info,13014,12,06,2019,09,40,04,25,18,45
Jet Airways,21/05/2019,Kolkata,Banglore,CCU → BOM → BLR,21:10,22:35,25:25,1,In-flight meal not included,10844,21,05,2019,21,10,22,35,25,25
Multiple carriers,6/03/2019,Delhi,Cochin,DEL → BOM → COK,07:00,15:30,8:30,1,No Info,15603,6,03,2019,07,00,15,30,8,30
GoAir,3/04/2019,Banglore,Delhi,BLR → DEL,07:45,10:40,2:55,0,No Info,4239,3,04,2019,07,45,10,40,2,55
Jet Airways,12/06/2019,Kolkata,Banglore,CCU → BOM → BLR,14:05,10:05,20h,1,No Info,13044,12,06,2019,14,05,10,05,20h,
Jet Airways,27/05/2019,Delhi,Cochin,DEL → BOM → COK,18:15,19:00,24:45,1,In-flight meal not included,12898,27,05,2019,18,15,19,00,24,45
SpiceJet,1/04/2019,Kolkata,Banglore,CCU → PNQ → BLR,08:35,17:15,8:40,1,No Info,6013,1,04,2019,08,35,17,15,8,40
Jet Airways,6/05/2019,Kolkata,Banglore,CCU → BOM → BLR,16:30,22:35,6:5,1,No Info,14781,6,05,2019,16,30,22,35,6,5
Jet Airways,21/03/2019,Delhi,Cochin,DEL → BOM → COK,17:30,04:25,10:55,1,No Info,12557,21,03,2019,17,30,04,25,10,55
Multiple carriers,6/03/2019,Delhi,Cochin,DEL → BOM → COK,04:45,18:50,14:5,1,No Info,13875,6,03,2019,04,45,18,50,14,5
Jet Airways,15/06/2019,Delhi,Cochin,DEL → IDR → BOM → COK,09:35,04:25,18:50,2,In-flight meal not included,11507,15,06,2019,09,35,04,25,18,50
Air India,18/06/2019,Kolkata,Banglore,CCU → BLR,14:15,16:45,2:30,0,No Info,5510,18,06,2019,14,15,16,45,2,30
GoAir,24/03/2019,Kolkata,Banglore,CCU → AMD → BLR,16:25,00:05,7:40,1,No Info,10198,24,03,2019,16,25,00,05,7,40
Jet Airways,12/06/2019,Kolkata,Banglore,CCU → GAU → BLR,10:20,17:35,7:15,1,No Info,8355,12,06,2019,10,20,17,35,7,15
Jet Airways,1/06/2019,Banglore,Delhi,BLR → DEL,18:55,22:00,3:5,0,No Info,8016,1,06,2019,18,55,22,00,3,5
IndiGo,27/05/2019,Delhi,Cochin,DEL → BOM → COK,10:35,21:00,10:25,1,No Info,6314,27,05,2019,10,35,21,00,10,25
Air India,9/03/2019,Delhi,Cochin,DEL → COK,05:10,08:00,2:50,0,No Info,5831,9,03,2019,05,10,08,00,2,50
Jet Airways,24/06/2019,Delhi,Cochin,DEL → BOM → COK,19:15,04:25,9:10,1,In-flight meal not included,10262,24,06,2019,19,15,04,25,9,10
Multiple carriers,6/03/2019,Delhi,Cochin,DEL → BOM → COK,13:55,01:35,11:40,1,In-flight meal not included,15136,6,03,2019,13,55,01,35,11,40
Jet Airways,21/03/2019,Banglore,New Delhi,BLR → BOM → DEL,20:35,10:25,13:50,1,In-flight meal not included,7832,21,03,2019,20,35,10,25,13,50
SpiceJet,24/03/2019,Chennai,Kolkata,MAA → CCU,08:20,10:35,2:15,0,No Info,3859,24,03,2019,08,20,10,35,2,15
IndiGo,6/04/2019,Kolkata,Banglore,CCU → BLR,15:15,17:45,2:30,0,No Info,4174,6,04,2019,15,15,17,45,2,30
Jet Airways,06/03/2019,Banglore,New Delhi,BLR → BOM → DEL,05:45,11:25,5:40,1,No Info,19225,06,03,2019,05,45,11,25,5,40
IndiGo,9/03/2019,Delhi,Cochin,DEL → BOM → COK,04:45,21:00,16:15,1,No Info,10518,9,03,2019,04,45,21,00,16,15
IndiGo,6/04/2019,Banglore,Delhi,BLR → DEL,07:10,10:05,2:55,0,No Info,4823,6,04,2019,07,10,10,05,2,55
Air India,24/03/2019,Banglore,New Delhi,BLR → DEL,10:00,12:45,2:45,0,No Info,7276,24,03,2019,10,00,12,45,2,45
Multiple carriers,9/06/2019,Delhi,Cochin,DEL → BOM → COK,10:00,19:00,9h,1,No Info,12192,9,06,2019,10,00,19,00,9h,
Air Asia,1/06/2019,Delhi,Cochin,DEL → BLR → COK,16:45,07:10,14:25,1,No Info,11410,1,06,2019,16,45,07,10,14,25
Air India,21/05/2019,Kolkata,Banglore,CCU → DEL → COK → BLR,10:00,01:20,15:20,2,No Info,13033,21,05,2019,10,00,01,20,15,20
Jet Airways,01/03/2019,Banglore,New Delhi,BLR → BOM → DEL,05:45,15:15,9:30,1,No Info,26890,01,03,2019,05,45,15,15,9,30
IndiGo,27/06/2019,Kolkata,Banglore,CCU → BLR,15:15,17:45,2:30,0,No Info,4804,27,06,2019,15,15,17,45,2,30
Jet Airways,15/05/2019,Kolkata,Banglore,CCU → BOM → BLR,18:55,20:45,25:50,1,In-flight meal not included,10844,15,05,2019,18,55,20,45,25,50
Air India,12/06/2019,Delhi,Cochin,DEL → JDH → BOM → COK,12:55,19:15,30:20,2,No Info,12436,12,06,2019,12,55,19,15,30,20
IndiGo,21/06/2019,Banglore,Delhi,BLR → DEL,07:10,10:05,2:55,0,No Info,4823,21,06,2019,07,10,10,05,2,55
IndiGo,3/06/2019,Mumbai,Hyderabad,BOM → HYD,21:20,22:50,1:30,0,No Info,2227,3,06,2019,21,20,22,50,1,30
Jet Airways,1/06/2019,Delhi,Cochin,DEL → BOM → COK,20:55,12:35,15:40,1,In-flight meal not included,10262,1,06,2019,20,55,12,35,15,40
Jet Airways,3/03/2019,Delhi,Cochin,DEL → BOM → COK,08:00,04:25,20:25,1,No Info,17024,3,03,2019,08,00,04,25,20,25
Jet Airways,27/03/2019,Delhi,Cochin,DEL → IXC → BOM → COK,06:20,04:25,22:5,2,In-flight meal not included,9296,27,03,2019,06,20,04,25,22,5
Air India,6/06/2019,Delhi,Cochin,DEL → COK,18:05,21:10,3:5,0,No Info,6094,6,06,2019,18,05,21,10,3,5
Jet Airways,9/06/2019,Kolkata,Banglore,CCU → BOM → BLR,08:25,04:40,20:15,1,In-flight meal not included,8586,9,06,2019,08,25,04,40,20,15
Jet Airways,15/06/2019,Delhi,Cochin,DEL → NAG → BOM → COK,06:45,04:25,21:40,2,In-flight meal not included,10919,15,06,2019,06,45,04,25,21,40
GoAir,9/06/2019,Kolkata,Banglore,CCU → AMD → BLR,16:40,00:15,7:35,1,No Info,9495,9,06,2019,16,40,00,15,7,35
Jet Airways,12/06/2019,Delhi,Cochin,DEL → BOM → COK,21:50,04:25,6:35,1,No Info,14714,12,06,2019,21,50,04,25,6,35
Air India,24/06/2019,Delhi,Cochin,DEL → COK,14:10,17:10,3h,0,No Info,5201,24,06,2019,14,10,17,10,3h,
Air India,27/03/2019,Delhi,Cochin,DEL → HYD → MAA → COK,09:45,09:25,23:40,2,No Info,7090,27,03,2019,09,45,09,25,23,40
IndiGo,15/05/2019,Mumbai,Hyderabad,BOM → HYD,09:10,10:40,1:30,0,No Info,4575,15,05,2019,09,10,10,40,1,30
Multiple carriers,15/05/2019,Delhi,Cochin,DEL → HYD → COK,07:05,16:10,9:5,1,No Info,9646,15,05,2019,07,05,16,10,9,5
IndiGo,12/06/2019,Delhi,Cochin,DEL → MAA → COK,02:00,07:25,5:25,1,No Info,5636,12,06,2019,02,00,07,25,5,25
Multiple carriers,15/06/2019,Delhi,Cochin,DEL → HYD → COK,07:05,16:10,9:5,1,No Info,9646,15,06,2019,07,05,16,10,9,5
Jet Airways,9/03/2019,Mumbai,Hyderabad,BOM → HYD,19:40,21:10,1:30,0,In-flight meal not included,4050,9,03,2019,19,40,21,10,1,30
Jet Airways,9/06/2019,Delhi,Cochin,DEL → BOM → COK,21:50,19:00,21:10,1,No Info,14714,9,06,2019,21,50,19,00,21,10
IndiGo,18/06/2019,Kolkata,Banglore,CCU → BLR,15:15,17:45,2:30,0,No Info,4804,18,06,2019,15,15,17,45,2,30
Jet Airways,9/06/2019,Delhi,Cochin,DEL → BOM → COK,18:15,19:00,24:45,1,In-flight meal not included,10577,9,06,2019,18,15,19,00,24,45
GoAir,15/06/2019,Banglore,Delhi,BLR → DEL,20:55,23:40,2:45,0,No Info,3898,15,06,2019,20,55,23,40,2,45
Jet Airways,6/06/2019,Kolkata,Banglore,CCU → BOM → BLR,20:00,12:00,16h,1,No Info,14571,6,06,2019,20,00,12,00,16h,
Jet Airways,15/06/2019,Delhi,Cochin,DEL → NAG → BOM → COK,06:45,04:25,21:40,2,In-flight meal not included,10919,15,06,2019,06,45,04,25,21,40
Jet Airways,18/06/2019,Banglore,Delhi,BLR → DEL,06:00,08:45,2:45,0,No Info,8016,18,06,2019,06,00,08,45,2,45
IndiGo,21/03/2019,Delhi,Cochin,DEL → HYD → COK,04:55,12:00,7:5,1,No Info,6287,21,03,2019,04,55,12,00,7,5
Air India,6/06/2019,Kolkata,Banglore,CCU → BOM → BLR,16:50,07:55,15:5,1,No Info,8366,6,06,2019,16,50,07,55,15,5
Jet Airways,6/03/2019,Delhi,Cochin,DEL → BOM → COK,11:30,18:50,7:20,1,In-flight meal not included,15400,6,03,2019,11,30,18,50,7,20
Vistara,03/03/2019,Banglore,New Delhi,BLR → DEL,19:40,22:20,2:40,0,No Info,8553,03,03,2019,19,40,22,20,2,40
SpiceJet,9/04/2019,Kolkata,Banglore,CCU → BLR,06:55,09:30,2:35,0,No check-in baggage included,3841,9,04,2019,06,55,09,30,2,35
Air India,9/04/2019,Delhi,Cochin,DEL → BHO → BOM → COK,05:55,07:40,25:45,2,No Info,10021,9,04,2019,05,55,07,40,25,45
SpiceJet,24/06/2019,Chennai,Kolkata,MAA → CCU,17:45,20:05,2:20,0,No Info,3597,24,06,2019,17,45,20,05,2,20
IndiGo,24/05/2019,Chennai,Kolkata,MAA → CCU,11:35,14:00,2:25,0,No Info,4332,24,05,2019,11,35,14,00,2,25
GoAir,21/06/2019,Banglore,Delhi,BLR → DEL,20:55,23:40,2:45,0,No Info,3898,21,06,2019,20,55,23,40,2,45
Jet Airways,6/03/2019,Mumbai,Hyderabad,BOM → BDQ → DEL → HYD,13:05,16:50,27:45,2,No Info,21375,6,03,2019,13,05,16,50,27,45
Vistara,6/06/2019,Kolkata,Banglore,CCU → DEL → BLR,07:10,23:25,16:15,1,No Info,8610,6,06,2019,07,10,23,25,16,15
IndiGo,15/06/2019,Kolkata,Banglore,CCU → BLR,17:15,19:50,2:35,0,No Info,4804,15,06,2019,17,15,19,50,2,35
Air India,1/06/2019,Delhi,Cochin,DEL → CCU → BOM → COK,14:25,19:15,28:50,2,No Info,13591,1,06,2019,14,25,19,15,28,50
Jet Airways,6/05/2019,Kolkata,Banglore,CCU → BOM → BLR,06:30,16:20,9:50,1,No Info,14781,6,05,2019,06,30,16,20,9,50
Jet Airways,15/03/2019,Banglore,New Delhi,BLR → BOM → DEL,08:00,13:15,5:15,1,In-flight meal not included,9134,15,03,2019,08,00,13,15,5,15
Air India,9/06/2019,Delhi,Cochin,DEL → NAG → BOM → COK,05:55,07:40,25:45,2,No Info,10493,9,06,2019,05,55,07,40,25,45
Jet Airways,24/03/2019,Banglore,New Delhi,BLR → BOM → DEL,11:40,09:00,21:20,1,In-flight meal not included,8147,24,03,2019,11,40,09,00,21,20
SpiceJet,21/06/2019,Kolkata,Banglore,CCU → BLR,22:20,00:40,2:20,0,No Info,3873,21,06,2019,22,20,00,40,2,20
Jet Airways,9/06/2019,Kolkata,Banglore,CCU → BOM → BLR,18:55,12:00,17:5,1,No Info,14571,9,06,2019,18,55,12,00,17,5
Air India,03/03/2019,Banglore,New Delhi,BLR → VGA → HYD → DEL,10:30,21:25,10:55,2,No Info,11003,03,03,2019,10,30,21,25,10,55
Jet Airways,3/06/2019,Delhi,Cochin,DEL → BOM → COK,19:15,04:25,9:10,1,In-flight meal not included,10262,3,06,2019,19,15,04,25,9,10
Jet Airways,21/03/2019,Delhi,Cochin,DEL → BOM → COK,02:15,18:50,16:35,1,No Info,12719,21,03,2019,02,15,18,50,16,35
Jet Airways,24/06/2019,Delhi,Cochin,DEL → BOM → COK,20:55,19:00,22:5,1,In-flight meal not included,10262,24,06,2019,20,55,19,00,22,5
Air India,21/06/2019,Banglore,Delhi,BLR → DEL,17:00,19:45,2:45,0,No Info,7171,21,06,2019,17,00,19,45,2,45
SpiceJet,27/04/2019,Banglore,Delhi,BLR → DEL,05:55,08:35,2:40,0,No Info,4423,27,04,2019,05,55,08,35,2,40
Multiple carriers,9/03/2019,Delhi,Cochin,DEL → BOM → COK,17:25,01:35,8:10,1,In-flight meal not included,12616,9,03,2019,17,25,01,35,8,10
Air India,1/06/2019,Delhi,Cochin,DEL → HYD → BOM → COK,17:15,19:15,26h,2,No Info,12970,1,06,2019,17,15,19,15,26h,
Jet Airways,24/03/2019,Kolkata,Banglore,CCU → BOM → BLR,21:10,10:05,12:55,1,No Info,14914,24,03,2019,21,10,10,05,12,55
Jet Airways,6/05/2019,Mumbai,Hyderabad,BOM → HYD,02:55,04:20,1:25,0,In-flight meal not included,3210,6,05,2019,02,55,04,20,1,25
GoAir,21/04/2019,Banglore,Delhi,BLR → DEL,07:45,10:40,2:55,0,No Info,4632,21,04,2019,07,45,10,40,2,55
Jet Airways,9/05/2019,Delhi,Cochin,DEL → BOM → COK,17:30,04:25,10:55,1,In-flight meal not included,12373,9,05,2019,17,30,04,25,10,55
IndiGo,15/06/2019,Kolkata,Banglore,CCU → BLR,14:25,16:55,2:30,0,No Info,4804,15,06,2019,14,25,16,55,2,30
Multiple carriers,3/03/2019,Delhi,Cochin,DEL → GWL → IDR → BOM → COK,11:35,21:00,9:25,3,No Info,21829,3,03,2019,11,35,21,00,9,25
Multiple carriers,1/06/2019,Delhi,Cochin,DEL → BOM → COK,08:00,21:00,13h,1,No Info,13587,1,06,2019,08,00,21,00,13h,
Jet Airways,27/06/2019,Delhi,Cochin,DEL → AMD → BOM → COK,23:05,04:25,29:20,2,No Info,12819,27,06,2019,23,05,04,25,29,20
Air Asia,27/03/2019,Delhi,Cochin,DEL → BLR → COK,20:10,07:10,11h,1,No Info,6151,27,03,2019,20,10,07,10,11h,
Jet Airways,1/06/2019,Banglore,Delhi,BLR → DEL,15:15,18:10,2:55,0,No Info,8016,1,06,2019,15,15,18,10,2,55
Multiple carriers,6/03/2019,Delhi,Cochin,DEL → BOM → COK,07:30,18:50,11:20,1,No Info,15135,6,03,2019,07,30,18,50,11,20
IndiGo,21/05/2019,Delhi,Cochin,DEL → BOM → COK,17:10,01:30,8:20,1,No Info,6794,21,05,2019,17,10,01,30,8,20
Vistara,15/05/2019,Kolkata,Banglore,CCU → DEL → BLR,17:00,20:20,27:20,1,No Info,8610,15,05,2019,17,00,20,20,27,20
Air India,18/05/2019,Kolkata,Banglore,CCU → IXR → DEL → BLR,05:50,12:30,30:40,2,No Info,12723,18,05,2019,05,50,12,30,30,40
Air India,6/06/2019,Kolkata,Banglore,CCU → BBI → BLR,12:00,13:15,25:15,1,No Info,7662,6,06,2019,12,00,13,15,25,15
Multiple carriers,9/03/2019,Delhi,Cochin,DEL → BOM → COK,17:00,01:35,8:35,1,No Info,14343,9,03,2019,17,00,01,35,8,35
Multiple carriers,1/06/2019,Delhi,Cochin,DEL → BOM → COK,10:20,01:30,15:10,1,No Info,6795,1,06,2019,10,20,01,30,15,10
SpiceJet,9/05/2019,Kolkata,Banglore,CCU → BLR,22:20,00:40,2:20,0,No Info,3873,9,05,2019,22,20,00,40,2,20
IndiGo,12/06/2019,Mumbai,Hyderabad,BOM → HYD,19:05,20:35,1:30,0,No Info,2754,12,06,2019,19,05,20,35,1,30
Air India,6/03/2019,Mumbai,Hyderabad,BOM → CCU → HYD,06:10,21:15,15:5,1,No Info,16666,6,03,2019,06,10,21,15,15,5
Multiple carriers,1/06/2019,Delhi,Cochin,DEL → BOM → COK,04:55,12:35,7:40,1,No Info,11098,1,06,2019,04,55,12,35,7,40
Jet Airways,9/06/2019,Kolkata,Banglore,CCU → DEL → BLR,17:00,22:05,29:5,1,In-flight meal not included,10539,9,06,2019,17,00,22,05,29,5
Air India,27/05/2019,Delhi,Cochin,DEL → BOM → COK,07:00,19:15,12:15,1,No Info,9929,27,05,2019,07,00,19,15,12,15
Jet Airways,12/05/2019,Kolkata,Banglore,CCU → BOM → BLR,16:30,16:20,23:50,1,In-flight meal not included,10844,12,05,2019,16,30,16,20,23,50
Jet Airways,6/06/2019,Kolkata,Banglore,CCU → DEL → BLR,09:35,14:25,28:50,1,No Info,12692,6,06,2019,09,35,14,25,28,50
Jet Airways,21/03/2019,Delhi,Cochin,DEL → BOM → COK,20:50,04:25,7:35,1,In-flight meal not included,9212,21,03,2019,20,50,04,25,7,35
Multiple carriers,15/05/2019,Delhi,Cochin,DEL → BOM → COK,15:00,01:30,10:30,1,No Info,13727,15,05,2019,15,00,01,30,10,30
Air Asia,15/06/2019,Banglore,Delhi,BLR → DEL,04:55,07:45,2:50,0,No Info,4282,15,06,2019,04,55,07,45,2,50
Jet Airways,24/05/2019,Kolkata,Banglore,CCU → BOM → BLR,18:55,16:20,21:25,1,In-flight meal not included,10844,24,05,2019,18,55,16,20,21,25
Air India,27/06/2019,Delhi,Cochin,DEL → MAA → COK,17:20,09:25,16:5,1,No Info,7480,27,06,2019,17,20,09,25,16,5
IndiGo,1/05/2019,Banglore,Delhi,BLR → DEL,16:55,19:55,3h,0,No Info,4823,1,05,2019,16,55,19,55,3h,
Jet Airways,18/05/2019,Delhi,Cochin,DEL → BOM → COK,22:50,12:35,13:45,1,In-flight meal not included,12373,18,05,2019,22,50,12,35,13,45
Multiple carriers,21/03/2019,Delhi,Cochin,DEL → BOM → COK,11:40,21:00,9:20,1,No Info,7215,21,03,2019,11,40,21,00,9,20
Air India,9/05/2019,Delhi,Cochin,DEL → MAA → COK,06:05,09:25,27:20,1,No Info,7480,9,05,2019,06,05,09,25,27,20
Multiple carriers,24/06/2019,Delhi,Cochin,DEL → BOM → COK,09:00,21:00,12h,1,No Info,8143,24,06,2019,09,00,21,00,12h,
IndiGo,3/05/2019,Banglore,Delhi,BLR → DEL,18:25,21:20,2:55,0,No Info,4823,3,05,2019,18,25,21,20,2,55
Jet Airways,6/06/2019,Kolkata,Banglore,CCU → BOM → BLR,20:00,08:15,12:15,1,In-flight meal not included,10844,6,06,2019,20,00,08,15,12,15
SpiceJet,12/04/2019,Banglore,Delhi,BLR → DEL,21:10,00:05,2:55,0,No Info,5621,12,04,2019,21,10,00,05,2,55
Vistara,18/05/2019,Kolkata,Banglore,CCU → DEL → BLR,20:20,20:20,24h,1,No Info,9555,18,05,2019,20,20,20,20,24h,
IndiGo,21/03/2019,Banglore,New Delhi,BLR → DEL,01:30,04:15,2:45,0,No Info,4777,21,03,2019,01,30,04,15,2,45
SpiceJet,03/03/2019,Banglore,New Delhi,BLR → DEL,09:35,12:30,2:55,0,No Info,7648,03,03,2019,09,35,12,30,2,55
IndiGo,1/04/2019,Kolkata,Banglore,CCU → PAT → BLR,09:20,14:15,4:55,1,No Info,10308,1,04,2019,09,20,14,15,4,55
Jet Airways,24/05/2019,Delhi,Cochin,DEL → JDH → BOM → COK,11:40,19:00,7:20,2,No Info,21219,24,05,2019,11,40,19,00,7,20
IndiGo,6/05/2019,Kolkata,Banglore,CCU → PAT → BLR,09:20,14:15,4:55,1,No Info,11319,6,05,2019,09,20,14,15,4,55
Jet Airways,15/05/2019,Kolkata,Banglore,CCU → BOM → BLR,21:10,20:45,23:35,1,In-flight meal not included,10844,15,05,2019,21,10,20,45,23,35
Multiple carriers,9/05/2019,Delhi,Cochin,DEL → BOM → COK,18:15,01:30,7:15,1,No Info,15078,9,05,2019,18,15,01,30,7,15
SpiceJet,1/05/2019,Mumbai,Hyderabad,BOM → HYD,22:45,00:15,1:30,0,No Info,2017,1,05,2019,22,45,00,15,1,30
Air Asia,1/06/2019,Kolkata,Banglore,CCU → BLR,22:50,01:20,2:30,0,No Info,4409,1,06,2019,22,50,01,20,2,30
IndiGo,9/06/2019,Delhi,Cochin,DEL → HYD → COK,07:35,12:10,4:35,1,No Info,5054,9,06,2019,07,35,12,10,4,35
Air India,15/03/2019,Banglore,New Delhi,BLR → CCU → GAU → DEL,05:50,22:10,16:20,2,No Info,10111,15,03,2019,05,50,22,10,16,20
SpiceJet,18/03/2019,Banglore,New Delhi,BLR → DEL,20:30,23:20,2:50,0,No check-in baggage included,4273,18,03,2019,20,30,23,20,2,50
Jet Airways,21/03/2019,Delhi,Cochin,DEL → MAA → BOM → COK,13:55,18:50,28:55,2,In-flight meal not included,8728,21,03,2019,13,55,18,50,28,55
Air India,24/05/2019,Kolkata,Banglore,CCU → BOM → BLR,16:50,07:55,15:5,1,No Info,8576,24,05,2019,16,50,07,55,15,5
Jet Airways,3/06/2019,Banglore,Delhi,BLR → DEL,17:45,20:45,3h,0,No Info,8016,3,06,2019,17,45,20,45,3h,
Jet Airways,9/06/2019,Banglore,Delhi,BLR → DEL,15:15,18:10,2:55,0,No Info,8016,9,06,2019,15,15,18,10,2,55
Jet Airways,18/05/2019,Kolkata,Banglore,CCU → DEL → BLR,20:25,23:35,27:10,1,No Info,14151,18,05,2019,20,25,23,35,27,10
IndiGo,15/04/2019,Banglore,Delhi,BLR → DEL,06:05,08:50,2:45,0,No Info,4423,15,04,2019,06,05,08,50,2,45
Jet Airways,15/06/2019,Mumbai,Hyderabad,BOM → HYD,07:05,08:30,1:25,0,In-flight meal not included,4050,15,06,2019,07,05,08,30,1,25
Jet Airways,6/05/2019,Kolkata,Banglore,CCU → BOM → BLR,14:05,19:50,5:45,1,No Info,14781,6,05,2019,14,05,19,50,5,45
Jet Airways,15/05/2019,Kolkata,Banglore,CCU → BOM → BLR,20:00,08:15,12:15,1,In-flight meal not included,8586,15,05,2019,20,00,08,15,12,15
Air Asia,21/05/2019,Kolkata,Banglore,CCU → BBI → BLR,19:55,23:30,3:35,1,No Info,5162,21,05,2019,19,55,23,30,3,35
Jet Airways,9/06/2019,Kolkata,Banglore,CCU → BOM → BLR,21:10,04:40,7:30,1,No Info,13731,9,06,2019,21,10,04,40,7,30
Jet Airways,21/03/2019,Delhi,Cochin,DEL → BOM → COK,13:00,04:25,15:25,1,In-flight meal not included,7438,21,03,2019,13,00,04,25,15,25
Jet Airways,15/05/2019,Kolkata,Banglore,CCU → DEL → BLR,09:35,10:55,25:20,1,No Info,14151,15,05,2019,09,35,10,55,25,20
Vistara,12/04/2019,Banglore,Delhi,BLR → DEL,21:00,23:50,2:50,0,No Info,5613,12,04,2019,21,00,23,50,2,50
IndiGo,15/05/2019,Kolkata,Banglore,CCU → HYD → BLR,15:15,20:05,4:50,1,No Info,5380,15,05,2019,15,15,20,05,4,50
Jet Airways,21/03/2019,Delhi,Cochin,DEL → BOM → COK,11:30,04:25,16:55,1,In-flight meal not included,7438,21,03,2019,11,30,04,25,16,55
Multiple carriers,1/06/2019,Delhi,Cochin,DEL → HYD → COK,07:05,22:30,15:25,1,No Info,9646,1,06,2019,07,05,22,30,15,25
Air Asia,15/05/2019,Delhi,Cochin,DEL → BLR → COK,20:45,07:10,10:25,1,No Info,6853,15,05,2019,20,45,07,10,10,25
Jet Airways,18/03/2019,Banglore,New Delhi,BLR → BOM → DEL,14:05,20:20,6:15,1,No Info,13555,18,03,2019,14,05,20,20,6,15
IndiGo,15/06/2019,Delhi,Cochin,DEL → BOM → COK,17:30,01:30,8h,1,No Info,5883,15,06,2019,17,30,01,30,8h,
IndiGo,9/03/2019,Delhi,Cochin,DEL → HYD → COK,04:55,12:00,7:5,1,No Info,6171,9,03,2019,04,55,12,00,7,5
IndiGo,21/05/2019,Mumbai,Hyderabad,BOM → HYD,16:55,18:25,1:30,0,No Info,3175,21,05,2019,16,55,18,25,1,30
IndiGo,27/03/2019,Delhi,Cochin,DEL → AMD → COK,07:45,13:40,5:55,1,No Info,4832,27,03,2019,07,45,13,40,5,55
Multiple carriers,1/06/2019,Delhi,Cochin,DEL → BOM → COK,16:00,01:30,9:30,1,No Info,13377,1,06,2019,16,00,01,30,9,30
Jet Airways,24/06/2019,Delhi,Cochin,DEL → BOM → COK,19:45,04:25,8:40,1,In-flight meal not included,10262,24,06,2019,19,45,04,25,8,40
Jet Airways,1/06/2019,Delhi,Cochin,DEL → BOM → COK,18:15,12:35,18:20,1,In-flight meal not included,10262,1,06,2019,18,15,12,35,18,20
Air India,18/05/2019,Delhi,Cochin,DEL → JAI → BOM → COK,12:00,07:40,19:40,2,No Info,8603,18,05,2019,12,00,07,40,19,40
Jet Airways,6/06/2019,Kolkata,Banglore,CCU → BOM → BLR,06:30,04:40,22:10,1,In-flight meal not included,8586,6,06,2019,06,30,04,40,22,10
Vistara,21/05/2019,Kolkata,Banglore,CCU → DEL → BLR,20:20,09:05,12:45,1,No Info,8452,21,05,2019,20,20,09,05,12,45
Jet Airways,24/03/2019,Kolkata,Banglore,CCU → BOM → BLR,18:55,18:10,23:15,1,No Info,14231,24,03,2019,18,55,18,10,23,15
Jet Airways,21/05/2019,Delhi,Cochin,DEL → BOM → COK,08:00,19:00,11h,1,No Info,16289,21,05,2019,08,00,19,00,11h,
SpiceJet,03/03/2019,Banglore,New Delhi,BLR → DEL,09:35,12:30,2:55,0,No Info,6860,03,03,2019,09,35,12,30,2,55
IndiGo,9/05/2019,Mumbai,Hyderabad,BOM → HYD,02:35,04:05,1:30,0,No Info,2754,9,05,2019,02,35,04,05,1,30
Multiple carriers,9/06/2019,Delhi,Cochin,DEL → HYD → COK,07:05,22:30,15:25,1,No Info,9646,9,06,2019,07,05,22,30,15,25
Air India,27/05/2019,Chennai,Kolkata,MAA → CCU,11:40,13:55,2:15,0,No Info,4667,27,05,2019,11,40,13,55,2,15
IndiGo,21/04/2019,Kolkata,Banglore,CCU → BLR,15:30,18:05,2:35,0,No Info,4804,21,04,2019,15,30,18,05,2,35
IndiGo,09/03/2019,Banglore,New Delhi,BLR → DEL,01:30,04:15,2:45,0,No Info,4545,09,03,2019,01,30,04,15,2,45
Jet Airways,01/03/2019,Banglore,New Delhi,BLR → BOM → DEL,22:50,20:20,21:30,1,No Info,25735,01,03,2019,22,50,20,20,21,30
Jet Airways,21/03/2019,Delhi,Cochin,DEL → JAI → BOM → COK,05:30,04:25,22:55,2,No Info,12647,21,03,2019,05,30,04,25,22,55
Jet Airways,1/05/2019,Kolkata,Banglore,CCU → BOM → BLR,14:05,08:15,18:10,1,In-flight meal not included,8586,1,05,2019,14,05,08,15,18,10
IndiGo,9/06/2019,Chennai,Kolkata,MAA → CCU,22:05,00:25,2:20,0,No Info,5277,9,06,2019,22,05,00,25,2,20
IndiGo,27/03/2019,Delhi,Cochin,DEL → BOM → COK,11:30,01:35,14:5,1,No Info,6206,27,03,2019,11,30,01,35,14,5
Air Asia,12/04/2019,Banglore,Delhi,BLR → DEL,11:10,13:55,2:45,0,No Info,4483,12,04,2019,11,10,13,55,2,45
Vistara,24/05/2019,Kolkata,Banglore,CCU → DEL → BLR,17:00,18:50,25:50,1,No Info,9870,24,05,2019,17,00,18,50,25,50
SpiceJet,27/06/2019,Kolkata,Banglore,CCU → BLR,17:10,19:40,2:30,0,No check-in baggage included,3841,27,06,2019,17,10,19,40,2,30
SpiceJet,27/03/2019,Kolkata,Banglore,CCU → BLR,09:00,11:30,2:30,0,No check-in baggage included,3815,27,03,2019,09,00,11,30,2,30
IndiGo,24/03/2019,Banglore,New Delhi,BLR → DEL,23:30,02:20,2:50,0,No Info,6860,24,03,2019,23,30,02,20,2,50
Jet Airways,1/05/2019,Kolkata,Banglore,CCU → DEL → BLR,20:25,10:55,14:30,1,No Info,12121,1,05,2019,20,25,10,55,14,30
Jet Airways,27/03/2019,Delhi,Cochin,DEL → BOM → COK,09:55,18:50,8:55,1,In-flight meal not included,5963,27,03,2019,09,55,18,50,8,55
SpiceJet,6/06/2019,Banglore,Delhi,BLR → DEL,05:55,08:35,2:40,0,No Info,3625,6,06,2019,05,55,08,35,2,40
SpiceJet,15/06/2019,Kolkata,Banglore,CCU → BLR,09:00,11:25,2:25,0,No check-in baggage included,3841,15,06,2019,09,00,11,25,2,25
IndiGo,12/06/2019,Banglore,Delhi,BLR → DEL,20:00,22:50,2:50,0,No Info,4823,12,06,2019,20,00,22,50,2,50
Multiple carriers,12/06/2019,Delhi,Cochin,DEL → HYD → COK,09:45,16:10,6:25,1,No Info,9646,12,06,2019,09,45,16,10,6,25
Jet Airways,27/05/2019,Delhi,Cochin,DEL → BOM → COK,02:15,12:35,10:20,1,In-flight meal not included,10152,27,05,2019,02,15,12,35,10,20
IndiGo,3/06/2019,Delhi,Cochin,DEL → HYD → COK,06:50,22:30,15:40,1,No Info,7514,3,06,2019,06,50,22,30,15,40
Jet Airways,06/03/2019,Banglore,New Delhi,BLR → BOM → DEL,07:00,18:25,11:25,1,No Info,16736,06,03,2019,07,00,18,25,11,25
Jet Airways,6/05/2019,Kolkata,Banglore,CCU → BOM → BLR,18:55,10:05,15:10,1,No Info,13584,6,05,2019,18,55,10,05,15,10
Air India,21/05/2019,Kolkata,Banglore,CCU → JAI → BOM → BLR,08:20,07:55,23:35,2,No Info,11222,21,05,2019,08,20,07,55,23,35
IndiGo,1/05/2019,Chennai,Kolkata,MAA → CCU,07:55,10:15,2:20,0,No Info,3850,1,05,2019,07,55,10,15,2,20
Vistara,24/03/2019,Banglore,New Delhi,BLR → DEL,12:00,14:40,2:40,0,No Info,7608,24,03,2019,12,00,14,40,2,40
Jet Airways,12/05/2019,Kolkata,Banglore,CCU → BOM → BLR,20:00,16:20,20:20,1,In-flight meal not included,10844,12,05,2019,20,00,16,20,20,20
Multiple carriers,9/06/2019,Delhi,Cochin,DEL → BOM → COK,17:00,01:30,8:30,1,No Info,7408,9,06,2019,17,00,01,30,8,30
Vistara,18/05/2019,Chennai,Kolkata,MAA → CCU,07:05,09:20,2:15,0,No Info,3687,18,05,2019,07,05,09,20,2,15
SpiceJet,3/03/2019,Delhi,Cochin,DEL → BLR → COK,16:35,22:50,6:15,1,No Info,11726,3,03,2019,16,35,22,50,6,15
Jet Airways,6/05/2019,Kolkata,Banglore,CCU → BOM → BLR,06:30,09:20,26:50,1,In-flight meal not included,9663,6,05,2019,06,30,09,20,26,50
Air India,24/03/2019,Kolkata,Banglore,CCU → DEL → COK → BLR,07:00,13:45,30:45,2,No Info,12829,24,03,2019,07,00,13,45,30,45
IndiGo,27/06/2019,Delhi,Cochin,DEL → BOM → COK,16:00,21:00,5h,1,No Info,6069,27,06,2019,16,00,21,00,5h,
Jet Airways,12/06/2019,Kolkata,Banglore,CCU → BOM → BLR,16:30,19:50,27:20,1,In-flight meal not included,8529,12,06,2019,16,30,19,50,27,20
Vistara,9/05/2019,Kolkata,Banglore,CCU → DEL → BLR,17:00,23:25,6:25,1,No Info,8085,9,05,2019,17,00,23,25,6,25
Vistara,15/05/2019,Banglore,Delhi,BLR → DEL,19:30,22:15,2:45,0,No Info,4878,15,05,2019,19,30,22,15,2,45
IndiGo,3/04/2019,Banglore,Delhi,BLR → DEL,13:00,15:50,2:50,0,No Info,4077,3,04,2019,13,00,15,50,2,50
IndiGo,9/05/2019,Kolkata,Banglore,CCU → PNQ → BLR,21:00,02:15,5:15,1,No Info,7605,9,05,2019,21,00,02,15,5,15
Jet Airways,15/06/2019,Delhi,Cochin,DEL → JAI → BOM → COK,05:30,04:25,22:55,2,No Info,13014,15,06,2019,05,30,04,25,22,55
IndiGo,3/03/2019,Delhi,Cochin,DEL → HYD → COK,07:35,22:20,14:45,1,No Info,11600,3,03,2019,07,35,22,20,14,45
Jet Airways,12/05/2019,Kolkata,Banglore,CCU → DEL → BLR,17:00,09:45,16:45,1,No Info,14151,12,05,2019,17,00,09,45,16,45
Air India,24/06/2019,Delhi,Cochin,DEL → HYD → BOM → COK,13:15,07:40,18:25,2,No Info,12497,24,06,2019,13,15,07,40,18,25
Jet Airways,6/03/2019,Delhi,Cochin,DEL → BOM → COK,02:15,18:50,16:35,1,No Info,17024,6,03,2019,02,15,18,50,16,35
SpiceJet,9/03/2019,Chennai,Kolkata,MAA → CCU,09:30,12:05,2:35,0,No Info,6300,9,03,2019,09,30,12,05,2,35
Multiple carriers,6/03/2019,Delhi,Cochin,DEL → BOM → COK,17:45,01:35,7:50,1,No Info,15147,6,03,2019,17,45,01,35,7,50
Multiple carriers,1/06/2019,Delhi,Cochin,DEL → BOM → COK,12:50,01:30,12:40,1,No Info,6795,1,06,2019,12,50,01,30,12,40
IndiGo,3/03/2019,Mumbai,Hyderabad,BOM → HYD,19:05,20:30,1:25,0,No Info,5755,3,03,2019,19,05,20,30,1,25
Air India,12/05/2019,Kolkata,Banglore,CCU → DEL → BLR,20:30,16:15,19:45,1,No Info,10203,12,05,2019,20,30,16,15,19,45
Jet Airways,6/06/2019,Delhi,Cochin,DEL → BOM → COK,11:30,04:25,16:55,1,No Info,14714,6,06,2019,11,30,04,25,16,55
IndiGo,18/03/2019,Banglore,New Delhi,BLR → DEL,22:20,01:10,2:50,0,No Info,4545,18,03,2019,22,20,01,10,2,50
Jet Airways,15/05/2019,Kolkata,Banglore,CCU → BOM → BLR,06:30,20:45,14:15,1,No Info,14781,15,05,2019,06,30,20,45,14,15
Air India,12/03/2019,Banglore,New Delhi,BLR → TRV → COK → DEL,07:30,11:05,27:35,2,No Info,11602,12,03,2019,07,30,11,05,27,35
IndiGo,6/05/2019,Mumbai,Hyderabad,BOM → HYD,06:25,07:55,1:30,0,No Info,4049,6,05,2019,06,25,07,55,1,30
Jet Airways,9/05/2019,Delhi,Cochin,DEL → JAI → BOM → COK,05:30,04:25,22:55,2,In-flight meal not included,13029,9,05,2019,05,30,04,25,22,55
Jet Airways,9/06/2019,Kolkata,Banglore,CCU → BOM → BLR,08:25,20:45,12:20,1,No Info,14571,9,06,2019,08,25,20,45,12,20
Air India,9/06/2019,Banglore,Delhi,BLR → DEL,06:10,08:55,2:45,0,No Info,6961,9,06,2019,06,10,08,55,2,45
SpiceJet,15/05/2019,Kolkata,Banglore,CCU → PNQ → BLR,08:35,17:15,8:40,1,No Info,6381,15,05,2019,08,35,17,15,8,40
SpiceJet,1/04/2019,Kolkata,Banglore,CCU → BLR,06:55,09:30,2:35,0,No check-in baggage included,3841,1,04,2019,06,55,09,30,2,35
Jet Airways,21/03/2019,Delhi,Cochin,DEL → IXC → BOM → COK,06:20,04:25,22:5,2,No Info,11538,21,03,2019,06,20,04,25,22,5
Vistara,6/05/2019,Kolkata,Banglore,CCU → DEL → BLR,20:20,20:20,24h,1,No Info,8610,6,05,2019,20,20,20,20,24h,
Air India,6/03/2019,Delhi,Cochin,DEL → HYD → BOM → COK,07:05,19:15,36:10,2,No Info,11552,6,03,2019,07,05,19,15,36,10
Multiple carriers,1/06/2019,Delhi,Cochin,DEL → BOM → COK,07:00,21:00,14h,1,No Info,7408,1,06,2019,07,00,21,00,14h,
Jet Airways,27/06/2019,Delhi,Cochin,DEL → BOM → COK,19:45,12:35,16:50,1,In-flight meal not included,10262,27,06,2019,19,45,12,35,16,50
Air India,6/05/2019,Kolkata,Banglore,CCU → IXR → DEL → BLR,05:50,08:55,27:5,2,No Info,10991,6,05,2019,05,50,08,55,27,5
Multiple carriers,9/06/2019,Delhi,Cochin,DEL → BOM → COK,18:15,01:30,7:15,1,No Info,13587,9,06,2019,18,15,01,30,7,15
Air India,15/05/2019,Delhi,Cochin,DEL → MAA → COK,12:30,09:25,20:55,1,No Info,7480,15,05,2019,12,30,09,25,20,55
IndiGo,09/03/2019,Banglore,New Delhi,BLR → IDR → DEL,17:55,22:55,5h,1,No Info,6351,09,03,2019,17,55,22,55,5h,
Multiple carriers,27/05/2019,Delhi,Cochin,DEL → BOM → COK,14:00,21:00,7h,1,In-flight meal not included,7153,27,05,2019,14,00,21,00,7h,
Air Asia,6/05/2019,Kolkata,Banglore,CCU → BLR,19:55,22:25,2:30,0,No Info,4409,6,05,2019,19,55,22,25,2,30
IndiGo,15/05/2019,Kolkata,Banglore,CCU → PNQ → BLR,21:00,02:15,5:15,1,No Info,7228,15,05,2019,21,00,02,15,5,15
Multiple carriers,27/03/2019,Delhi,Cochin,DEL → BOM → COK,08:00,18:50,10:50,1,No Info,11667,27,03,2019,08,00,18,50,10,50
SpiceJet,12/06/2019,Kolkata,Banglore,CCU → MAA → BLR,15:05,20:20,5:15,1,No Info,4649,12,06,2019,15,05,20,20,5,15
Air India,9/05/2019,Kolkata,Banglore,CCU → BOM → COK → BLR,16:50,13:45,20:55,2,No Info,12592,9,05,2019,16,50,13,45,20,55
Multiple carriers,12/06/2019,Delhi,Cochin,DEL → BOM → COK,10:20,19:00,8:40,1,No Info,11789,12,06,2019,10,20,19,00,8,40
Air India,1/06/2019,Chennai,Kolkata,MAA → CCU,11:40,13:55,2:15,0,No Info,4667,1,06,2019,11,40,13,55,2,15
Air Asia,21/05/2019,Kolkata,Banglore,CCU → DEL → BLR,22:40,10:40,12h,1,No Info,9719,21,05,2019,22,40,10,40,12h,
Air India,27/03/2019,Delhi,Cochin,DEL → BOM → COK,13:00,19:15,6:15,1,No Info,6902,27,03,2019,13,00,19,15,6,15
Jet Airways,21/05/2019,Kolkata,Banglore,CCU → BOM → BLR,20:00,04:40,8:40,1,No Info,14781,21,05,2019,20,00,04,40,8,40
Jet Airways,18/05/2019,Kolkata,Banglore,CCU → BOM → BLR,08:25,22:35,14:10,1,In-flight meal not included,10844,18,05,2019,08,25,22,35,14,10
Air India,24/03/2019,Kolkata,Banglore,CCU → IXZ → MAA → BLR,05:40,14:35,32:55,2,No Info,11522,24,03,2019,05,40,14,35,32,55
Air India,21/04/2019,Banglore,Delhi,BLR → DEL,13:20,16:10,2:50,0,No Info,6121,21,04,2019,13,20,16,10,2,50
Vistara,6/06/2019,Kolkata,Banglore,CCU → DEL → BLR,17:00,23:25,6:25,1,No Info,8610,6,06,2019,17,00,23,25,6,25
Air Asia,24/03/2019,Kolkata,Banglore,CCU → BLR,22:50,01:20,2:30,0,No Info,5620,24,03,2019,22,50,01,20,2,30
IndiGo,27/05/2019,Kolkata,Banglore,CCU → BLR,15:15,17:45,2:30,0,No Info,4804,27,05,2019,15,15,17,45,2,30
Multiple carriers,27/05/2019,Delhi,Cochin,DEL → BOM → COK,10:20,21:00,10:40,1,No Info,7005,27,05,2019,10,20,21,00,10,40
Jet Airways,1/05/2019,Delhi,Cochin,DEL → AMD → BOM → COK,23:05,19:00,19:55,2,No Info,15129,1,05,2019,23,05,19,00,19,55
Jet Airways,24/05/2019,Kolkata,Banglore,CCU → BOM → BLR,20:00,04:40,8:40,1,In-flight meal not included,8586,24,05,2019,20,00,04,40,8,40
Multiple carriers,18/05/2019,Delhi,Cochin,DEL → BOM → COK,08:00,19:00,11h,1,No Info,10197,18,05,2019,08,00,19,00,11h,
Multiple carriers,27/03/2019,Delhi,Cochin,DEL → BOM → COK,09:10,19:15,10:5,1,No Info,10667,27,03,2019,09,10,19,15,10,5
IndiGo,12/06/2019,Kolkata,Banglore,CCU → PAT → BLR,09:20,14:15,4:55,1,No Info,11160,12,06,2019,09,20,14,15,4,55
Air India,27/05/2019,Delhi,Cochin,DEL → LKO → BOM → COK,12:20,19:15,30:55,2,No Info,12488,27,05,2019,12,20,19,15,30,55
Jet Airways,18/05/2019,Kolkata,Banglore,CCU → BOM → BLR,08:25,19:50,11:25,1,In-flight meal not included,10844,18,05,2019,08,25,19,50,11,25
Air India,3/06/2019,Delhi,Cochin,DEL → AMD → BOM → COK,16:40,19:15,26:35,2,No Info,9968,3,06,2019,16,40,19,15,26,35
Jet Airways,18/05/2019,Banglore,Delhi,BLR → DEL,18:55,22:00,3:5,0,In-flight meal not included,5198,18,05,2019,18,55,22,00,3,5
Jet Airways,1/05/2019,Kolkata,Banglore,CCU → BOM → BLR,14:05,04:40,14:35,1,In-flight meal not included,8586,1,05,2019,14,05,04,40,14,35
IndiGo,18/05/2019,Chennai,Kolkata,MAA → CCU,11:35,14:00,2:25,0,No Info,4332,18,05,2019,11,35,14,00,2,25
IndiGo,6/05/2019,Kolkata,Banglore,CCU → MAA → BLR,08:10,13:00,4:50,1,No Info,5069,6,05,2019,08,10,13,00,4,50
Jet Airways,6/05/2019,Banglore,Delhi,BLR → DEL,08:20,11:20,3h,0,In-flight meal not included,4544,6,05,2019,08,20,11,20,3h,
Multiple carriers,3/03/2019,Delhi,Cochin,DEL → BOM → COK,04:00,15:30,11:30,1,No Info,14973,3,03,2019,04,00,15,30,11,30
Air India,12/03/2019,Banglore,New Delhi,BLR → BOM → IDR → GWL → DEL,06:45,18:05,35:20,3,No Info,13387,12,03,2019,06,45,18,05,35,20
SpiceJet,9/06/2019,Banglore,Delhi,BLR → DEL,05:55,08:35,2:40,0,No Info,3625,9,06,2019,05,55,08,35,2,40
Jet Airways,24/05/2019,Kolkata,Banglore,CCU → DEL → BLR,09:35,14:25,28:50,1,In-flight meal not included,10703,24,05,2019,09,35,14,25,28,50
IndiGo,24/03/2019,Kolkata,Banglore,CCU → BLR,15:10,17:45,2:35,0,No Info,7615,24,03,2019,15,10,17,45,2,35
IndiGo,27/05/2019,Banglore,Delhi,BLR → DEL,18:25,21:20,2:55,0,No Info,4823,27,05,2019,18,25,21,20,2,55
Jet Airways,06/03/2019,Banglore,New Delhi,BLR → BOM → DEL,11:40,05:05,17:25,1,No Info,16736,06,03,2019,11,40,05,05,17,25
Jet Airways,9/05/2019,Kolkata,Banglore,CCU → BOM → BLR,21:10,12:00,14:50,1,In-flight meal not included,9663,9,05,2019,21,10,12,00,14,50
Multiple carriers,18/05/2019,Delhi,Cochin,DEL → BOM → COK,08:30,19:00,10:30,1,No Info,9205,18,05,2019,08,30,19,00,10,30
Jet Airways,9/05/2019,Delhi,Cochin,DEL → BOM → COK,22:50,04:25,5:35,1,No Info,15554,9,05,2019,22,50,04,25,5,35
SpiceJet,15/05/2019,Mumbai,Hyderabad,BOM → HYD,22:45,00:15,1:30,0,No check-in baggage included,1965,15,05,2019,22,45,00,15,1,30
Air India,15/06/2019,Kolkata,Banglore,CCU → BLR,14:15,16:45,2:30,0,No Info,5510,15,06,2019,14,15,16,45,2,30
Multiple carriers,9/05/2019,Delhi,Cochin,DEL → BOM → COK,10:20,19:15,8:55,1,No Info,8266,9,05,2019,10,20,19,15,8,55
IndiGo,27/05/2019,Mumbai,Hyderabad,BOM → HYD,16:55,18:25,1:30,0,No Info,3175,27,05,2019,16,55,18,25,1,30
SpiceJet,9/05/2019,Delhi,Cochin,DEL → PNQ → COK,08:45,13:15,4:30,1,No check-in baggage included,4760,9,05,2019,08,45,13,15,4,30
Multiple carriers,27/05/2019,Delhi,Cochin,DEL → BOM → COK,08:45,21:00,12:15,1,No Info,7740,27,05,2019,08,45,21,00,12,15
Jet Airways,15/05/2019,Kolkata,Banglore,CCU → BOM → BLR,14:05,23:35,9:30,1,No Info,13941,15,05,2019,14,05,23,35,9,30
Air Asia,6/06/2019,Delhi,Cochin,DEL → BLR → COK,16:45,07:10,14:25,1,No Info,11410,6,06,2019,16,45,07,10,14,25
Jet Airways,1/04/2019,Kolkata,Banglore,CCU → BOM → BLR,16:30,19:50,27:20,1,No Info,12681,1,04,2019,16,30,19,50,27,20
Jet Airways,6/05/2019,Delhi,Cochin,DEL → JAI → BOM → COK,09:40,12:35,26:55,2,No Info,15129,6,05,2019,09,40,12,35,26,55
Jet Airways,12/06/2019,Delhi,Cochin,DEL → JAI → BOM → COK,05:30,19:00,13:30,2,In-flight meal not included,10368,12,06,2019,05,30,19,00,13,30
Air India,21/05/2019,Kolkata,Banglore,CCU → JAI → DEL → BLR,08:20,20:25,12:5,2,No Info,12324,21,05,2019,08,20,20,25,12,5
SpiceJet,15/04/2019,Kolkata,Banglore,CCU → BLR,17:10,19:40,2:30,0,No check-in baggage included,3841,15,04,2019,17,10,19,40,2,30
Jet Airways,24/06/2019,Delhi,Cochin,DEL → JAI → BOM → COK,05:30,04:25,22:55,2,No Info,13014,24,06,2019,05,30,04,25,22,55
IndiGo,27/06/2019,Delhi,Cochin,DEL → HYD → COK,06:50,22:30,15:40,1,No Info,6442,27,06,2019,06,50,22,30,15,40
Jet Airways,18/05/2019,Delhi,Cochin,DEL → BOM → COK,14:00,19:00,5h,1,In-flight meal not included,12373,18,05,2019,14,00,19,00,5h,
Jet Airways,12/03/2019,Banglore,New Delhi,BLR → BOM → DEL,08:55,23:00,14:5,1,No Info,13817,12,03,2019,08,55,23,00,14,5
IndiGo,24/06/2019,Banglore,Delhi,BLR → DEL,18:55,21:50,2:55,0,No Info,4823,24,06,2019,18,55,21,50,2,55
Jet Airways,27/03/2019,Delhi,Cochin,DEL → MAA → BOM → COK,05:10,04:25,23:15,2,In-flight meal not included,9412,27,03,2019,05,10,04,25,23,15
Air India,27/05/2019,Delhi,Cochin,DEL → GOI → BOM → COK,22:00,19:15,21:15,2,No Info,10231,27,05,2019,22,00,19,15,21,15
Jet Airways,9/04/2019,Banglore,Delhi,BLR → DEL,15:50,18:45,2:55,0,No Info,7229,9,04,2019,15,50,18,45,2,55
SpiceJet,24/03/2019,Banglore,New Delhi,BLR → DEL,09:35,12:30,2:55,0,No check-in baggage included,4273,24,03,2019,09,35,12,30,2,55
Jet Airways,18/05/2019,Kolkata,Banglore,CCU → BOM → BLR,18:55,20:45,25:50,1,In-flight meal not included,10844,18,05,2019,18,55,20,45,25,50
IndiGo,27/05/2019,Delhi,Cochin,DEL → MAA → COK,02:00,07:25,5:25,1,No Info,7164,27,05,2019,02,00,07,25,5,25
Jet Airways,27/06/2019,Banglore,Delhi,BLR → DEL,07:10,10:10,3h,0,In-flight meal not included,6478,27,06,2019,07,10,10,10,3h,
Jet Airways,12/05/2019,Banglore,Delhi,BLR → DEL,07:10,10:10,3h,0,In-flight meal not included,5198,12,05,2019,07,10,10,10,3h,
SpiceJet,27/04/2019,Banglore,Delhi,BLR → DEL,05:55,08:35,2:40,0,No check-in baggage included,4319,27,04,2019,05,55,08,35,2,40
Jet Airways,27/06/2019,Delhi,Cochin,DEL → BOM → COK,19:15,12:35,17:20,1,In-flight meal not included,10262,27,06,2019,19,15,12,35,17,20
Vistara,18/05/2019,Delhi,Cochin,DEL → COK,14:40,17:50,3:10,0,No Info,6741,18,05,2019,14,40,17,50,3,10
Jet Airways,6/06/2019,Kolkata,Banglore,CCU → BOM → BLR,14:05,22:35,8:30,1,No Info,14571,6,06,2019,14,05,22,35,8,30
Air India,01/03/2019,Banglore,New Delhi,BLR → MAA → DEL,11:50,23:55,12:5,1,Change airports,26092,01,03,2019,11,50,23,55,12,5
Air India,27/06/2019,Delhi,Cochin,DEL → GOI → BOM → COK,10:55,19:15,8:20,2,No Info,11753,27,06,2019,10,55,19,15,8,20
Jet Airways,21/03/2019,Banglore,New Delhi,BLR → BOM → DEL,08:00,23:00,15h,1,In-flight meal not included,7832,21,03,2019,08,00,23,00,15h,
Vistara,1/05/2019,Kolkata,Banglore,CCU → DEL → BLR,07:10,20:20,13:10,1,No Info,8610,1,05,2019,07,10,20,20,13,10
Jet Airways,12/06/2019,Kolkata,Banglore,CCU → BOM → BLR,14:05,22:35,8:30,1,No Info,13626,12,06,2019,14,05,22,35,8,30
Jet Airways,9/06/2019,Delhi,Cochin,DEL → JAI → BOM → COK,09:40,12:35,26:55,2,In-flight meal not included,10368,9,06,2019,09,40,12,35,26,55
IndiGo,18/06/2019,Mumbai,Hyderabad,BOM → HYD,02:35,04:05,1:30,0,No Info,2754,18,06,2019,02,35,04,05,1,30
Jet Airways,6/06/2019,Kolkata,Banglore,CCU → DEL → BLR,17:00,18:00,25h,1,No Info,12692,6,06,2019,17,00,18,00,25h,
IndiGo,01/03/2019,Banglore,New Delhi,BLR → DEL,10:05,13:00,2:55,0,No Info,10067,01,03,2019,10,05,13,00,2,55
GoAir,3/06/2019,Delhi,Cochin,DEL → BOM → COK,10:35,19:35,9h,1,No Info,4959,3,06,2019,10,35,19,35,9h,
Air India,01/03/2019,Banglore,New Delhi,BLR → BOM → IDR → DEL,08:50,11:10,26:20,2,No Info,19372,01,03,2019,08,50,11,10,26,20
Air India,18/05/2019,Mumbai,Hyderabad,BOM → HYD,06:20,07:40,1:20,0,No Info,3100,18,05,2019,06,20,07,40,1,20
Multiple carriers,15/05/2019,Delhi,Cochin,DEL → BOM → COK,07:30,21:00,13:30,1,No Info,8405,15,05,2019,07,30,21,00,13,30
Multiple carriers,27/05/2019,Delhi,Cochin,DEL → BOM → COK,11:30,21:00,9:30,1,In-flight meal not included,6943,27,05,2019,11,30,21,00,9,30
SpiceJet,27/04/2019,Kolkata,Banglore,CCU → BLR,17:10,19:40,2:30,0,No check-in baggage included,3841,27,04,2019,17,10,19,40,2,30
SpiceJet,6/06/2019,Mumbai,Hyderabad,BOM → HYD,22:45,00:15,1:30,0,No Info,2017,6,06,2019,22,45,00,15,1,30
Vistara,1/05/2019,Kolkata,Banglore,CCU → DEL → BLR,17:00,10:45,17:45,1,No Info,9187,1,05,2019,17,00,10,45,17,45
Jet Airways,12/05/2019,Kolkata,Banglore,CCU → BOM → BLR,08:25,19:50,11:25,1,No Info,13941,12,05,2019,08,25,19,50,11,25
Jet Airways,21/03/2019,Delhi,Cochin,DEL → MAA → BOM → COK,19:15,18:50,23:35,2,In-flight meal not included,8938,21,03,2019,19,15,18,50,23,35
SpiceJet,18/05/2019,Banglore,Delhi,BLR → DEL,09:30,12:20,2:50,0,No check-in baggage included,4319,18,05,2019,09,30,12,20,2,50
SpiceJet,1/04/2019,Banglore,Delhi,BLR → DEL,21:10,00:05,2:55,0,No check-in baggage included,3573,1,04,2019,21,10,00,05,2,55
SpiceJet,3/05/2019,Kolkata,Banglore,CCU → BLR,09:00,11:25,2:25,0,No check-in baggage included,3841,3,05,2019,09,00,11,25,2,25
Jet Airways,27/06/2019,Delhi,Cochin,DEL → COK,11:00,14:15,3:15,0,In-flight meal not included,7202,27,06,2019,11,00,14,15,3,15
Vistara,9/06/2019,Kolkata,Banglore,CCU → DEL → BLR,17:00,22:55,5:55,1,No Info,9187,9,06,2019,17,00,22,55,5,55
GoAir,3/06/2019,Delhi,Cochin,DEL → AMD → COK,07:25,13:35,6:10,1,No Info,6976,3,06,2019,07,25,13,35,6,10
Jet Airways,21/05/2019,Delhi,Cochin,DEL → BOM → COK,18:15,12:35,18:20,1,In-flight meal not included,12898,21,05,2019,18,15,12,35,18,20
Jet Airways,27/05/2019,Delhi,Cochin,DEL → BOM → COK,02:15,04:25,26:10,1,In-flight meal not included,12898,27,05,2019,02,15,04,25,26,10
Jet Airways,15/06/2019,Delhi,Cochin,DEL → IDR → BOM → COK,21:25,19:00,21:35,2,In-flight meal not included,10588,15,06,2019,21,25,19,00,21,35
Air India,24/06/2019,Delhi,Cochin,DEL → GOI → BOM → COK,22:00,19:15,21:15,2,No Info,9181,24,06,2019,22,00,19,15,21,15
Jet Airways,03/03/2019,Banglore,New Delhi,BLR → BOM → DEL,05:45,05:05,23:20,1,In-flight meal not included,11087,03,03,2019,05,45,05,05,23,20
Jet Airways,27/06/2019,Delhi,Cochin,DEL → BOM → COK,07:05,12:35,5:30,1,In-flight meal not included,10262,27,06,2019,07,05,12,35,5,30
Jet Airways,6/04/2019,Delhi,Cochin,DEL → COK,11:00,14:15,3:15,0,In-flight meal not included,4886,6,04,2019,11,00,14,15,3,15
IndiGo,21/03/2019,Delhi,Cochin,DEL → BBI → COK,02:35,08:30,5:55,1,No Info,8470,21,03,2019,02,35,08,30,5,55
Air India,21/05/2019,Kolkata,Banglore,CCU → GAU → IMF → DEL → BLR,09:50,23:15,13:25,3,No Info,14960,21,05,2019,09,50,23,15,13,25
SpiceJet,9/05/2019,Kolkata,Banglore,CCU → BLR,06:55,09:30,2:35,0,No Info,3873,9,05,2019,06,55,09,30,2,35
Air India,9/03/2019,Delhi,Cochin,DEL → AMD → BOM → COK,16:40,19:15,26:35,2,No Info,11911,9,03,2019,16,40,19,15,26,35
Air India,15/06/2019,Delhi,Cochin,DEL → BLR → COK,09:45,23:00,13:15,1,No Info,8907,15,06,2019,09,45,23,00,13,15
SpiceJet,9/05/2019,Chennai,Kolkata,MAA → CCU,08:20,10:35,2:15,0,No check-in baggage included,3859,9,05,2019,08,20,10,35,2,15
Air Asia,24/06/2019,Kolkata,Banglore,CCU → BLR,22:50,01:20,2:30,0,No Info,3807,24,06,2019,22,50,01,20,2,30
Air Asia,6/03/2019,Kolkata,Banglore,CCU → BLR,10:20,12:55,2:35,0,No Info,4384,6,03,2019,10,20,12,55,2,35
Multiple carriers,3/06/2019,Delhi,Cochin,DEL → BOM → COK,04:55,12:35,7:40,1,No Info,11622,3,06,2019,04,55,12,35,7,40
Vistara,24/03/2019,Banglore,New Delhi,BLR → DEL,19:40,22:20,2:40,0,No Info,4563,24,03,2019,19,40,22,20,2,40
SpiceJet,1/04/2019,Mumbai,Hyderabad,BOM → HYD,13:15,14:45,1:30,0,No check-in baggage included,1965,1,04,2019,13,15,14,45,1,30
Air India,24/04/2019,Kolkata,Banglore,CCU → BLR,20:45,23:20,2:35,0,No Info,4145,24,04,2019,20,45,23,20,2,35
Jet Airways,24/03/2019,Kolkata,Banglore,CCU → BOM → BLR,21:10,20:40,23:30,1,In-flight meal not included,10031,24,03,2019,21,10,20,40,23,30
Air India,01/03/2019,Banglore,New Delhi,BLR → HYD → DEL,17:00,23:10,6:10,1,No Info,11628,01,03,2019,17,00,23,10,6,10
Jet Airways,15/06/2019,Delhi,Cochin,DEL → BOM → COK,07:05,12:35,5:30,1,In-flight meal not included,10262,15,06,2019,07,05,12,35,5,30
SpiceJet,24/06/2019,Mumbai,Hyderabad,BOM → HYD,13:15,14:45,1:30,0,No Info,2017,24,06,2019,13,15,14,45,1,30
Vistara,27/04/2019,Delhi,Cochin,DEL → COK,06:00,09:10,3:10,0,No Info,6216,27,04,2019,06,00,09,10,3,10
Multiple carriers,15/05/2019,Delhi,Cochin,DEL → GWL → IDR → BOM → COK,11:35,01:30,13:55,3,No Info,16294,15,05,2019,11,35,01,30,13,55
IndiGo,3/06/2019,Banglore,Delhi,BLR → DEL,04:00,06:50,2:50,0,No Info,3943,3,06,2019,04,00,06,50,2,50
Multiple carriers,27/05/2019,Delhi,Cochin,DEL → HYD → COK,14:55,22:30,7:35,1,No Info,7038,27,05,2019,14,55,22,30,7,35
SpiceJet,09/03/2019,Banglore,New Delhi,BLR → PNQ → DEL,10:20,18:15,7:55,1,No Info,7294,09,03,2019,10,20,18,15,7,55
SpiceJet,6/04/2019,Kolkata,Banglore,CCU → BLR,09:00,11:25,2:25,0,No Info,3873,6,04,2019,09,00,11,25,2,25
Air India,18/06/2019,Mumbai,Hyderabad,BOM → HYD,13:55,15:25,1:30,0,No Info,3100,18,06,2019,13,55,15,25,1,30
Multiple carriers,27/05/2019,Delhi,Cochin,DEL → BOM → COK,10:00,19:00,9h,1,No Info,12507,27,05,2019,10,00,19,00,9h,
Air Asia,21/05/2019,Delhi,Cochin,DEL → BLR → COK,07:55,22:30,14:35,1,No Info,6152,21,05,2019,07,55,22,30,14,35
Air India,1/04/2019,Kolkata,Banglore,CCU → GAU → BLR,09:50,21:05,11:15,1,No Info,8030,1,04,2019,09,50,21,05,11,15
Jet Airways,18/06/2019,Banglore,Delhi,BLR → DEL,08:20,11:20,3h,0,In-flight meal not included,5769,18,06,2019,08,20,11,20,3h,
IndiGo,6/06/2019,Kolkata,Banglore,CCU → BLR,17:15,19:50,2:35,0,No Info,4804,6,06,2019,17,15,19,50,2,35
Air India,18/05/2019,Delhi,Cochin,DEL → MAA → COK,09:45,09:25,23:40,1,No Info,8372,18,05,2019,09,45,09,25,23,40
Jet Airways,15/03/2019,Banglore,New Delhi,BLR → MAA → DEL,09:45,14:25,4:40,1,No Info,8578,15,03,2019,09,45,14,25,4,40
Air India,18/05/2019,Delhi,Cochin,DEL → GOI → BOM → COK,22:00,19:15,21:15,2,No Info,11228,18,05,2019,22,00,19,15,21,15
Air India,1/05/2019,Kolkata,Banglore,CCU → GAU → DEL → BLR,09:50,08:55,23:5,2,No Info,13227,1,05,2019,09,50,08,55,23,5
IndiGo,15/03/2019,Banglore,New Delhi,BLR → DEL,20:00,22:55,2:55,0,No Info,8855,15,03,2019,20,00,22,55,2,55
Multiple carriers,12/06/2019,Delhi,Cochin,DEL → BOM → COK,03:50,12:35,8:45,1,No Info,12192,12,06,2019,03,50,12,35,8,45
Jet Airways,27/06/2019,Delhi,Cochin,DEL → AMD → BOM → COK,23:05,19:00,19:55,2,No Info,12819,27,06,2019,23,05,19,00,19,55
IndiGo,27/06/2019,Banglore,Delhi,BLR → DEL,06:05,08:50,2:45,0,No Info,3943,27,06,2019,06,05,08,50,2,45
Multiple carriers,9/03/2019,Delhi,Cochin,DEL → BOM → COK,00:20,12:55,12:35,1,In-flight meal not included,18260,9,03,2019,00,20,12,55,12,35
Air India,18/04/2019,Banglore,Delhi,BLR → DEL,06:10,08:55,2:45,0,No Info,5228,18,04,2019,06,10,08,55,2,45
Jet Airways,12/06/2019,Delhi,Cochin,DEL → ATQ → BOM → COK,12:15,04:25,16:10,2,No Info,14300,12,06,2019,12,15,04,25,16,10
Air India,1/05/2019,Kolkata,Banglore,CCU → BBI → BOM → BLR,12:00,18:30,30:30,2,No Info,10151,1,05,2019,12,00,18,30,30,30
IndiGo,6/05/2019,Kolkata,Banglore,CCU → MAA → BLR,17:35,22:15,4:40,1,No Info,5699,6,05,2019,17,35,22,15,4,40
Vistara,21/05/2019,Kolkata,Banglore,CCU → DEL → BLR,07:10,10:45,27:35,1,No Info,9187,21,05,2019,07,10,10,45,27,35
Vistara,6/06/2019,Kolkata,Banglore,CCU → DEL → BLR,20:20,09:05,12:45,1,No Info,8452,6,06,2019,20,20,09,05,12,45
Multiple carriers,21/03/2019,Delhi,Cochin,DEL → BOM → COK,02:15,13:20,11:5,1,No Info,13961,21,03,2019,02,15,13,20,11,5
Jet Airways,24/06/2019,Banglore,Delhi,BLR → DEL,07:10,10:10,3h,0,In-flight meal not included,5769,24,06,2019,07,10,10,10,3h,
Multiple carriers,24/06/2019,Delhi,Cochin,DEL → BOM → COK,07:30,19:00,11:30,1,No Info,10877,24,06,2019,07,30,19,00,11,30
IndiGo,9/04/2019,Banglore,Delhi,BLR → DEL,23:30,02:20,2:50,0,No Info,4591,9,04,2019,23,30,02,20,2,50
Air India,6/05/2019,Kolkata,Banglore,CCU → BOM → AMD → BLR,09:25,05:25,20h,2,No Info,17732,6,05,2019,09,25,05,25,20h,
Jet Airways,9/05/2019,Delhi,Cochin,DEL → BOM → COK,18:15,04:25,10:10,1,In-flight meal not included,12373,9,05,2019,18,15,04,25,10,10
Air Asia,27/06/2019,Kolkata,Banglore,CCU → BLR,19:55,22:25,2:30,0,No Info,3807,27,06,2019,19,55,22,25,2,30
Vistara,9/06/2019,Kolkata,Banglore,CCU → DEL → BLR,07:10,20:20,13:10,1,No Info,9555,9,06,2019,07,10,20,20,13,10
Air Asia,6/06/2019,Banglore,Delhi,BLR → DEL,11:10,13:55,2:45,0,No Info,4483,6,06,2019,11,10,13,55,2,45
Jet Airways,12/05/2019,Kolkata,Banglore,CCU → BOM → BLR,14:05,20:45,6:40,1,No Info,14781,12,05,2019,14,05,20,45,6,40
Jet Airways,3/06/2019,Delhi,Cochin,DEL → IDR → BOM → COK,09:35,12:35,27h,2,No Info,13292,3,06,2019,09,35,12,35,27h,
Jet Airways,18/05/2019,Delhi,Cochin,DEL → BOM → COK,19:15,19:00,23:45,1,In-flight meal not included,12373,18,05,2019,19,15,19,00,23,45
IndiGo,21/05/2019,Delhi,Cochin,DEL → HYD → COK,06:50,12:10,5:20,1,No Info,5530,21,05,2019,06,50,12,10,5,20
IndiGo,18/05/2019,Delhi,Cochin,DEL → BOM → COK,08:30,21:00,12:30,1,No Info,7081,18,05,2019,08,30,21,00,12,30
Jet Airways,15/06/2019,Delhi,Cochin,DEL → BOM → COK,09:00,12:35,27:35,1,In-flight meal not included,10262,15,06,2019,09,00,12,35,27,35
Multiple carriers,27/05/2019,Delhi,Cochin,DEL → BOM → COK,11:40,19:15,7:35,1,No Info,9316,27,05,2019,11,40,19,15,7,35
Jet Airways,9/05/2019,Kolkata,Banglore,CCU → BOM → BLR,06:30,18:15,11:45,1,In-flight meal not included,10844,9,05,2019,06,30,18,15,11,45
IndiGo,1/05/2019,Delhi,Cochin,DEL → BOM → COK,07:30,21:00,13:30,1,No Info,8542,1,05,2019,07,30,21,00,13,30
IndiGo,15/04/2019,Banglore,Delhi,BLR → DEL,16:55,19:55,3h,0,No Info,4823,15,04,2019,16,55,19,55,3h,
Air India,6/03/2019,Delhi,Cochin,DEL → BOM → COK,04:00,07:40,27:40,1,No Info,12940,6,03,2019,04,00,07,40,27,40
Jet Airways,6/06/2019,Kolkata,Banglore,CCU → BOM → BLR,21:10,04:40,7:30,1,No Info,13374,6,06,2019,21,10,04,40,7,30
Multiple carriers,21/03/2019,Delhi,Cochin,DEL → BOM → COK,11:30,21:00,9:30,1,No Info,13062,21,03,2019,11,30,21,00,9,30
Jet Airways,3/06/2019,Delhi,Cochin,DEL → JAI → BOM → COK,05:30,19:00,13:30,2,No Info,13014,3,06,2019,05,30,19,00,13,30
Jet Airways,21/06/2019,Banglore,Delhi,BLR → DEL,18:55,22:00,3:5,0,No Info,8541,21,06,2019,18,55,22,00,3,5
Jet Airways,24/03/2019,Kolkata,Banglore,CCU → BOM → BLR,13:55,10:05,20:10,1,In-flight meal not included,11134,24,03,2019,13,55,10,05,20,10
Jet Airways,21/03/2019,Banglore,New Delhi,BLR → BOM → DEL,08:55,19:10,10:15,1,In-flight meal not included,7832,21,03,2019,08,55,19,10,10,15
Multiple carriers,9/05/2019,Delhi,Cochin,DEL → HYD → COK,13:15,22:30,9:15,1,No Info,8888,9,05,2019,13,15,22,30,9,15
Jet Airways,12/05/2019,Kolkata,Banglore,CCU → BOM → BLR,18:55,09:20,14:25,1,In-flight meal not included,9663,12,05,2019,18,55,09,20,14,25
Multiple carriers,6/03/2019,Delhi,Cochin,DEL → BOM → COK,07:05,15:30,8:25,1,No Info,17267,6,03,2019,07,05,15,30,8,25
Jet Airways,21/03/2019,Banglore,New Delhi,BLR → BOM → DEL,20:35,11:25,14:50,1,In-flight meal not included,7832,21,03,2019,20,35,11,25,14,50
Vistara,18/03/2019,Banglore,New Delhi,BLR → DEL,19:40,22:20,2:40,0,No Info,12123,18,03,2019,19,40,22,20,2,40
Multiple carriers,15/05/2019,Delhi,Cochin,DEL → BOM → COK,17:00,01:30,8:30,1,No Info,8073,15,05,2019,17,00,01,30,8,30
SpiceJet,12/04/2019,Banglore,Delhi,BLR → DEL,09:30,12:20,2:50,0,No Info,4991,12,04,2019,09,30,12,20,2,50
GoAir,12/06/2019,Banglore,Delhi,BLR → DEL,20:55,23:40,2:45,0,No Info,3419,12,06,2019,20,55,23,40,2,45
Jet Airways,27/06/2019,Delhi,Cochin,DEL → BOM → COK,19:45,19:00,23:15,1,In-flight meal not included,10262,27,06,2019,19,45,19,00,23,15
Jet Airways,1/06/2019,Delhi,Cochin,DEL → BOM → COK,19:45,12:35,16:50,1,In-flight meal not included,10262,1,06,2019,19,45,12,35,16,50
Air Asia,3/04/2019,Kolkata,Banglore,CCU → BLR,22:50,01:20,2:30,0,No Info,3807,3,04,2019,22,50,01,20,2,30
IndiGo,3/03/2019,Mumbai,Hyderabad,BOM → HYD,12:00,13:25,1:25,0,No Info,5755,3,03,2019,12,00,13,25,1,25
Jet Airways,1/06/2019,Delhi,Cochin,DEL → BOM → COK,21:50,04:25,6:35,1,In-flight meal not included,10262,1,06,2019,21,50,04,25,6,35
Air India,21/05/2019,Delhi,Cochin,DEL → HYD → BOM → COK,17:15,07:40,14:25,2,No Info,13039,21,05,2019,17,15,07,40,14,25
Jet Airways,21/03/2019,Banglore,New Delhi,BLR → BOM → DEL,08:55,21:20,12:25,1,In-flight meal not included,7832,21,03,2019,08,55,21,20,12,25
IndiGo,9/03/2019,Chennai,Kolkata,MAA → CCU,07:55,10:15,2:20,0,No Info,6297,9,03,2019,07,55,10,15,2,20
Jet Airways,24/06/2019,Mumbai,Hyderabad,BOM → HYD,19:35,21:05,1:30,0,In-flight meal not included,3210,24,06,2019,19,35,21,05,1,30
Multiple carriers,3/03/2019,Delhi,Cochin,DEL → BOM → COK,10:20,21:00,10:40,1,No Info,15147,3,03,2019,10,20,21,00,10,40
IndiGo,24/06/2019,Mumbai,Hyderabad,BOM → HYD,09:10,10:40,1:30,0,No Info,4049,24,06,2019,09,10,10,40,1,30
Jet Airways,12/06/2019,Delhi,Cochin,DEL → LKO → BOM → COK,09:25,12:35,27:10,2,No Info,13882,12,06,2019,09,25,12,35,27,10
Air India,21/05/2019,Kolkata,Banglore,CCU → BOM → BLR,09:25,21:50,12:25,1,No Info,8366,21,05,2019,09,25,21,50,12,25
Jet Airways,15/03/2019,Banglore,New Delhi,BLR → BOM → DEL,22:50,07:40,8:50,1,In-flight meal not included,9134,15,03,2019,22,50,07,40,8,50
IndiGo,3/04/2019,Banglore,Delhi,BLR → DEL,08:30,11:20,2:50,0,No Info,4823,3,04,2019,08,30,11,20,2,50
Air India,9/04/2019,Kolkata,Banglore,CCU → MAA → BLR,14:35,14:35,24h,1,No Info,5006,9,04,2019,14,35,14,35,24h,
Air India,1/06/2019,Delhi,Cochin,DEL → MAA → COK,12:30,09:25,20:55,1,No Info,7480,1,06,2019,12,30,09,25,20,55
Jet Airways,6/06/2019,Kolkata,Banglore,CCU → BOM → BLR,16:30,22:35,6:5,1,In-flight meal not included,10844,6,06,2019,16,30,22,35,6,5
Jet Airways,1/04/2019,Kolkata,Banglore,CCU → BOM → BLR,20:00,08:15,12:15,1,In-flight meal not included,7064,1,04,2019,20,00,08,15,12,15
IndiGo,21/06/2019,Kolkata,Banglore,CCU → BLR,14:25,16:55,2:30,0,No Info,5224,21,06,2019,14,25,16,55,2,30
Air Asia,15/03/2019,Kolkata,Banglore,CCU → BLR,10:20,12:55,2:35,0,No Info,4384,15,03,2019,10,20,12,55,2,35
Multiple carriers,1/06/2019,Delhi,Cochin,DEL → BOM → COK,13:00,01:30,12:30,1,No Info,13377,1,06,2019,13,00,01,30,12,30
Multiple carriers,27/05/2019,Delhi,Cochin,DEL → BOM → COK,06:40,19:15,12:35,1,No Info,8837,27,05,2019,06,40,19,15,12,35
Air India,3/03/2019,Delhi,Cochin,DEL → MAA → COK,17:20,09:25,16:5,1,No Info,16352,3,03,2019,17,20,09,25,16,5
Air India,9/06/2019,Delhi,Cochin,DEL → GOI → BOM → COK,22:00,19:15,21:15,2,No Info,10441,9,06,2019,22,00,19,15,21,15
IndiGo,9/05/2019,Chennai,Kolkata,MAA → CCU,13:15,15:35,2:20,0,No Info,3597,9,05,2019,13,15,15,35,2,20
Air Asia,12/06/2019,Kolkata,Banglore,CCU → BLR,19:55,22:25,2:30,0,No Info,3807,12,06,2019,19,55,22,25,2,30
Jet Airways,6/05/2019,Kolkata,Banglore,CCU → BOM → BLR,20:00,08:15,12:15,1,In-flight meal not included,9663,6,05,2019,20,00,08,15,12,15
Jet Airways,1/04/2019,Kolkata,Banglore,CCU → BOM → BLR,20:00,19:50,23:50,1,No Info,12681,1,04,2019,20,00,19,50,23,50
Vistara,24/05/2019,Banglore,Delhi,BLR → DEL,11:30,14:20,2:50,0,No Info,4668,24,05,2019,11,30,14,20,2,50
Jet Airways,18/05/2019,Delhi,Cochin,DEL → AMD → BOM → COK,13:25,12:35,23:10,2,No Info,15129,18,05,2019,13,25,12,35,23,10
Multiple carriers,3/03/2019,Delhi,Cochin,DEL → BOM → COK,17:30,01:35,8:5,1,No Info,17057,3,03,2019,17,30,01,35,8,5
Air India,3/06/2019,Delhi,Cochin,DEL → BOM → COK,21:00,07:40,10:40,1,No Info,8372,3,06,2019,21,00,07,40,10,40
SpiceJet,1/03/2019,Kolkata,Banglore,CCU → BLR,17:15,19:45,2:30,0,No Info,5515,1,03,2019,17,15,19,45,2,30
Jet Airways,1/05/2019,Kolkata,Banglore,CCU → GAU → BLR,10:20,17:35,7:15,1,No Info,8355,1,05,2019,10,20,17,35,7,15
IndiGo,1/04/2019,Mumbai,Hyderabad,BOM → HYD,02:35,04:05,1:30,0,No Info,2754,1,04,2019,02,35,04,05,1,30
Multiple carriers,15/06/2019,Delhi,Cochin,DEL → BOM → COK,15:00,01:30,10:30,1,No Info,13377,15,06,2019,15,00,01,30,10,30
Jet Airways,9/05/2019,Delhi,Cochin,DEL → BOM → COK,19:45,19:00,23:15,1,No Info,15554,9,05,2019,19,45,19,00,23,15
IndiGo,18/05/2019,Kolkata,Banglore,CCU → BLR,14:25,16:55,2:30,0,No Info,5224,18,05,2019,14,25,16,55,2,30
IndiGo,9/06/2019,Delhi,Cochin,DEL → BOM → COK,16:00,21:00,5h,1,No Info,6069,9,06,2019,16,00,21,00,5h,
Jet Airways,9/05/2019,Delhi,Cochin,DEL → BOM → COK,11:30,12:35,25:5,1,In-flight meal not included,12373,9,05,2019,11,30,12,35,25,5
Jet Airways,12/06/2019,Kolkata,Banglore,CCU → BOM → BLR,18:55,04:40,9:45,1,In-flight meal not included,6959,12,06,2019,18,55,04,40,9,45
SpiceJet,27/05/2019,Kolkata,Banglore,CCU → BLR,09:00,11:25,2:25,0,No check-in baggage included,3841,27,05,2019,09,00,11,25,2,25
Air India,15/05/2019,Delhi,Cochin,DEL → BOM → COK,03:50,19:15,15:25,1,No Info,8669,15,05,2019,03,50,19,15,15,25
Jet Airways,1/06/2019,Delhi,Cochin,DEL → JAI → BOM → COK,05:30,19:00,13:30,2,No Info,13014,1,06,2019,05,30,19,00,13,30
Jet Airways,6/06/2019,Kolkata,Banglore,CCU → BOM → BLR,08:25,04:40,20:15,1,No Info,13731,6,06,2019,08,25,04,40,20,15
Multiple carriers,21/05/2019,Delhi,Cochin,DEL → BOM → COK,10:00,01:30,15:30,1,No Info,7888,21,05,2019,10,00,01,30,15,30
Vistara,24/03/2019,Kolkata,Banglore,CCU → DEL → BLR,07:10,22:10,15h,1,No Info,12942,24,03,2019,07,10,22,10,15h,
Vistara,6/03/2019,Mumbai,Hyderabad,BOM → DEL → HYD,11:55,09:25,21:30,1,No Info,12395,6,03,2019,11,55,09,25,21,30
Jet Airways,9/06/2019,Kolkata,Banglore,CCU → BOM → BLR,16:30,23:35,7:5,1,No Info,14571,9,06,2019,16,30,23,35,7,5
IndiGo,27/04/2019,Banglore,Delhi,BLR → DEL,00:30,03:25,2:55,0,No Info,4591,27,04,2019,00,30,03,25,2,55
Air India,9/05/2019,Kolkata,Banglore,CCU → BOM → COK → BLR,09:25,13:45,28:20,2,No Info,12592,9,05,2019,09,25,13,45,28,20
IndiGo,6/06/2019,Kolkata,Banglore,CCU → BLR,14:25,16:55,2:30,0,No Info,4804,6,06,2019,14,25,16,55,2,30
Jet Airways,21/05/2019,Kolkata,Banglore,CCU → BOM → BLR,14:05,08:15,18:10,1,No Info,14388,21,05,2019,14,05,08,15,18,10
Air India,9/03/2019,Delhi,Cochin,DEL → GOI → BOM → COK,22:00,19:15,21:15,2,No Info,14851,9,03,2019,22,00,19,15,21,15
Jet Airways,18/05/2019,Kolkata,Banglore,CCU → BOM → BLR,21:10,08:15,11:5,1,In-flight meal not included,8586,18,05,2019,21,10,08,15,11,5
Jet Airways,01/03/2019,Banglore,New Delhi,BLR → BOM → DEL,22:50,09:30,10:40,1,1 Long layover,31825,01,03,2019,22,50,09,30,10,40
Jet Airways,9/06/2019,Delhi,Cochin,DEL → BDQ → BOM → COK,18:25,04:25,10h,2,No Info,14237,9,06,2019,18,25,04,25,10h,
IndiGo,6/06/2019,Kolkata,Banglore,CCU → MAA → BLR,08:10,13:00,4:50,1,No Info,5069,6,06,2019,08,10,13,00,4,50
Jet Airways,1/06/2019,Delhi,Cochin,DEL → BOM → COK,07:05,12:35,5:30,1,No Info,16079,1,06,2019,07,05,12,35,5,30
Jet Airways,15/05/2019,Kolkata,Banglore,CCU → BOM → BLR,18:55,08:15,13:20,1,In-flight meal not included,9663,15,05,2019,18,55,08,15,13,20
Multiple carriers,27/05/2019,Delhi,Cochin,DEL → BOM → COK,11:30,21:00,9:30,1,No Info,13587,27,05,2019,11,30,21,00,9,30
Air India,24/03/2019,Kolkata,Banglore,CCU → DEL → BLR,20:30,23:15,26:45,1,No Info,10808,24,03,2019,20,30,23,15,26,45
Multiple carriers,27/05/2019,Delhi,Cochin,DEL → BOM → COK,10:00,19:15,9:15,1,In-flight meal not included,11446,27,05,2019,10,00,19,15,9,15
Air India,1/05/2019,Mumbai,Hyderabad,BOM → HYD,19:30,20:45,1:15,0,No Info,3100,1,05,2019,19,30,20,45,1,15
GoAir,1/05/2019,Kolkata,Banglore,CCU → AMD → BLR,16:40,00:15,7:35,1,No Info,6484,1,05,2019,16,40,00,15,7,35
IndiGo,9/05/2019,Mumbai,Hyderabad,BOM → HYD,06:25,07:55,1:30,0,No Info,4049,9,05,2019,06,25,07,55,1,30
SpiceJet,24/03/2019,Banglore,New Delhi,BLR → DEL,20:30,23:20,2:50,0,No check-in baggage included,3873,24,03,2019,20,30,23,20,2,50
IndiGo,09/03/2019,Banglore,New Delhi,BLR → GOI → DEL,19:30,00:40,5:10,1,No Info,7280,09,03,2019,19,30,00,40,5,10
Air India,27/05/2019,Mumbai,Hyderabad,BOM → HYD,13:55,15:25,1:30,0,No Info,3625,27,05,2019,13,55,15,25,1,30
SpiceJet,15/06/2019,Banglore,Delhi,BLR → DEL,21:10,00:05,2:55,0,No check-in baggage included,3919,15,06,2019,21,10,00,05,2,55
Jet Airways,9/05/2019,Delhi,Cochin,DEL → BOM → COK,02:15,19:00,16:45,1,No Info,15554,9,05,2019,02,15,19,00,16,45
IndiGo,3/06/2019,Chennai,Kolkata,MAA → CCU,07:55,10:15,2:20,0,No Info,3850,3,06,2019,07,55,10,15,2,20
Jet Airways,21/05/2019,Delhi,Cochin,DEL → AMD → BOM → COK,23:05,19:00,19:55,2,No Info,15129,21,05,2019,23,05,19,00,19,55
Jet Airways,12/05/2019,Banglore,Delhi,BLR → DEL,18:55,22:00,3:5,0,No Info,7229,12,05,2019,18,55,22,00,3,5
IndiGo,27/04/2019,Banglore,Delhi,BLR → DEL,18:55,21:50,2:55,0,No Info,4823,27,04,2019,18,55,21,50,2,55
IndiGo,15/05/2019,Banglore,Delhi,BLR → DEL,18:55,21:50,2:55,0,No Info,4823,15,05,2019,18,55,21,50,2,55
Vistara,24/03/2019,Kolkata,Banglore,CCU → DEL → BLR,07:10,09:10,26h,1,No Info,11682,24,03,2019,07,10,09,10,26h,
IndiGo,21/04/2019,Banglore,Delhi,BLR → DEL,18:55,21:50,2:55,0,No Info,4823,21,04,2019,18,55,21,50,2,55
Jet Airways,9/06/2019,Delhi,Cochin,DEL → BOM → COK,13:00,04:25,15:25,1,In-flight meal not included,10262,9,06,2019,13,00,04,25,15,25
IndiGo,6/06/2019,Delhi,Cochin,DEL → HYD → COK,05:05,16:10,11:5,1,No Info,6818,6,06,2019,05,05,16,10,11,5
SpiceJet,27/05/2019,Mumbai,Hyderabad,BOM → HYD,22:45,00:15,1:30,0,No check-in baggage included,1965,27,05,2019,22,45,00,15,1,30
Vistara,12/05/2019,Kolkata,Banglore,CCU → DEL → BLR,07:10,23:25,16:15,1,No Info,9345,12,05,2019,07,10,23,25,16,15
IndiGo,6/06/2019,Delhi,Cochin,DEL → HYD → COK,16:10,22:30,6:20,1,No Info,6938,6,06,2019,16,10,22,30,6,20
Jet Airways,15/06/2019,Delhi,Cochin,DEL → JAI → BOM → COK,09:40,12:35,26:55,2,In-flight meal not included,10368,15,06,2019,09,40,12,35,26,55
Air India,12/06/2019,Delhi,Cochin,DEL → GOI → BOM → COK,10:55,07:40,20:45,2,No Info,11753,12,06,2019,10,55,07,40,20,45
Air India,27/05/2019,Delhi,Cochin,DEL → LKO → BOM → COK,18:30,19:15,24:45,2,No Info,12488,27,05,2019,18,30,19,15,24,45
Jet Airways,12/06/2019,Kolkata,Banglore,CCU → BOM → BLR,14:05,19:50,5:45,1,In-flight meal not included,9899,12,06,2019,14,05,19,50,5,45
Multiple carriers,6/06/2019,Delhi,Cochin,DEL → BOM → COK,09:15,19:00,9:45,1,No Info,11622,6,06,2019,09,15,19,00,9,45
SpiceJet,27/03/2019,Kolkata,Banglore,CCU → BLR,06:55,09:35,2:40,0,No Info,3847,27,03,2019,06,55,09,35,2,40
Jet Airways,27/06/2019,Delhi,Cochin,DEL → BOM → COK,22:50,04:25,5:35,1,No Info,16079,27,06,2019,22,50,04,25,5,35
Jet Airways,18/06/2019,Banglore,Delhi,BLR → DEL,06:00,08:45,2:45,0,In-flight meal not included,6478,18,06,2019,06,00,08,45,2,45
Air India,21/06/2019,Delhi,Cochin,DEL → COK,14:10,17:10,3h,0,No Info,5201,21,06,2019,14,10,17,10,3h,
Air Asia,9/05/2019,Kolkata,Banglore,CCU → BLR,10:20,12:55,2:35,0,No Info,4409,9,05,2019,10,20,12,55,2,35
Jet Airways,06/03/2019,Banglore,New Delhi,BLR → BOM → DEL,08:55,09:30,24:35,1,No Info,17261,06,03,2019,08,55,09,30,24,35
Vistara,27/05/2019,Banglore,Delhi,BLR → DEL,17:00,19:35,2:35,0,No Info,4878,27,05,2019,17,00,19,35,2,35
SpiceJet,18/05/2019,Banglore,Delhi,BLR → DEL,05:55,08:35,2:40,0,No check-in baggage included,3573,18,05,2019,05,55,08,35,2,40
Jet Airways,18/05/2019,Kolkata,Banglore,CCU → BOM → BLR,20:00,16:20,20:20,1,In-flight meal not included,10844,18,05,2019,20,00,16,20,20,20
IndiGo,21/04/2019,Kolkata,Banglore,CCU → BLR,22:15,00:50,2:35,0,No Info,4804,21,04,2019,22,15,00,50,2,35
Air India,27/06/2019,Delhi,Cochin,DEL → COK,14:10,17:10,3h,0,No Info,5201,27,06,2019,14,10,17,10,3h,
Multiple carriers,18/05/2019,Delhi,Cochin,DEL → BOM → COK,13:00,19:15,6:15,1,No Info,14533,18,05,2019,13,00,19,15,6,15
SpiceJet,12/04/2019,Kolkata,Banglore,CCU → BLR,22:20,00:40,2:20,0,No Info,3873,12,04,2019,22,20,00,40,2,20
SpiceJet,6/06/2019,Chennai,Kolkata,MAA → CCU,17:45,20:05,2:20,0,No check-in baggage included,3543,6,06,2019,17,45,20,05,2,20
Multiple carriers,21/03/2019,Delhi,Cochin,DEL → BOM → COK,10:20,21:00,10:40,1,No Info,7215,21,03,2019,10,20,21,00,10,40
Multiple carriers,21/03/2019,Delhi,Cochin,DEL → BOM → COK,10:20,18:50,8:30,1,No Info,11999,21,03,2019,10,20,18,50,8,30
IndiGo,18/05/2019,Mumbai,Hyderabad,BOM → HYD,12:00,13:30,1:30,0,No Info,2754,18,05,2019,12,00,13,30,1,30
Jet Airways,12/03/2019,Banglore,New Delhi,BLR → BOM → DEL,18:55,10:45,15:50,1,No Info,13817,12,03,2019,18,55,10,45,15,50
Air Asia,15/06/2019,Kolkata,Banglore,CCU → BLR,19:55,22:25,2:30,0,No Info,4107,15,06,2019,19,55,22,25,2,30
Multiple carriers,9/05/2019,Delhi,Cochin,DEL → BOM → COK,09:00,21:00,12h,1,No Info,8073,9,05,2019,09,00,21,00,12h,
IndiGo,27/06/2019,Mumbai,Hyderabad,BOM → HYD,21:20,22:50,1:30,0,No Info,2227,27,06,2019,21,20,22,50,1,30
Jet Airways,6/06/2019,Kolkata,Banglore,CCU → DEL → BLR,20:25,18:00,21:35,1,In-flight meal not included,10539,6,06,2019,20,25,18,00,21,35
IndiGo,3/05/2019,Banglore,Delhi,BLR → DEL,01:30,04:15,2:45,0,No Info,3943,3,05,2019,01,30,04,15,2,45
Jet Airways,24/05/2019,Kolkata,Banglore,CCU → BOM → BLR,14:05,16:20,26:15,1,In-flight meal not included,10844,24,05,2019,14,05,16,20,26,15
SpiceJet,24/03/2019,Banglore,New Delhi,BLR → DEL,20:30,23:20,2:50,0,No Info,3925,24,03,2019,20,30,23,20,2,50
Jet Airways,1/05/2019,Mumbai,Hyderabad,BOM → HYD,02:55,04:20,1:25,0,In-flight meal not included,3210,1,05,2019,02,55,04,20,1,25
Jet Airways,6/06/2019,Banglore,Delhi,BLR → DEL,17:45,20:45,3h,0,No Info,8016,6,06,2019,17,45,20,45,3h,
SpiceJet,12/04/2019,Kolkata,Banglore,CCU → BLR,17:10,19:40,2:30,0,No check-in baggage included,3841,12,04,2019,17,10,19,40,2,30
Jet Airways,9/05/2019,Kolkata,Banglore,CCU → BOM → BLR,21:10,04:40,7:30,1,No Info,14388,9,05,2019,21,10,04,40,7,30
IndiGo,18/06/2019,Chennai,Kolkata,MAA → CCU,14:45,17:05,2:20,0,No Info,3597,18,06,2019,14,45,17,05,2,20
Multiple carriers,9/03/2019,Delhi,Cochin,DEL → BOM → COK,15:05,01:35,10:30,1,In-flight meal not included,14086,9,03,2019,15,05,01,35,10,30
IndiGo,9/06/2019,Banglore,Delhi,BLR → DEL,22:10,01:00,2:50,0,No Info,3749,9,06,2019,22,10,01,00,2,50
Jet Airways,24/05/2019,Banglore,Delhi,BLR → DEL,06:00,08:45,2:45,0,No Info,7229,24,05,2019,06,00,08,45,2,45
Multiple carriers,6/03/2019,Delhi,Cochin,DEL → BOM → COK,07:00,21:00,14h,1,No Info,15603,6,03,2019,07,00,21,00,14h,
IndiGo,27/05/2019,Banglore,Delhi,BLR → DEL,20:00,22:50,2:50,0,No Info,4823,27,05,2019,20,00,22,50,2,50
Jet Airways,3/04/2019,Mumbai,Hyderabad,BOM → HYD,10:20,11:50,1:30,0,No Info,8040,3,04,2019,10,20,11,50,1,30
Jet Airways,6/05/2019,Kolkata,Banglore,CCU → BOM → BLR,06:30,10:05,27:35,1,No Info,13941,6,05,2019,06,30,10,05,27,35
Jet Airways,6/06/2019,Delhi,Cochin,DEL → BOM → COK,21:50,04:25,6:35,1,No Info,14714,6,06,2019,21,50,04,25,6,35
Vistara,1/04/2019,Kolkata,Banglore,CCU → DEL → BLR,07:10,18:50,11:40,1,No Info,7927,1,04,2019,07,10,18,50,11,40
Jet Airways,15/05/2019,Banglore,Delhi,BLR → DEL,11:10,14:05,2:55,0,In-flight meal not included,4030,15,05,2019,11,10,14,05,2,55
IndiGo,21/03/2019,Delhi,Cochin,DEL → BOM → COK,09:10,21:00,11:50,1,No Info,8285,21,03,2019,09,10,21,00,11,50
Jet Airways,6/05/2019,Kolkata,Banglore,CCU → BOM → BLR,08:25,18:15,9:50,1,In-flight meal not included,10844,6,05,2019,08,25,18,15,9,50
Jet Airways,12/05/2019,Kolkata,Banglore,CCU → BOM → BLR,06:30,09:20,26:50,1,In-flight meal not included,9663,12,05,2019,06,30,09,20,26,50
IndiGo,27/03/2019,Kolkata,Banglore,CCU → BLR,22:10,00:55,2:45,0,No Info,4148,27,03,2019,22,10,00,55,2,45
IndiGo,24/06/2019,Delhi,Cochin,DEL → BLR → COK,05:10,10:05,4:55,1,No Info,6496,24,06,2019,05,10,10,05,4,55
IndiGo,18/03/2019,Kolkata,Banglore,CCU → BLR,22:10,00:55,2:45,0,No Info,4148,18,03,2019,22,10,00,55,2,45
Jet Airways,24/03/2019,Kolkata,Banglore,CCU → BOM → BLR,06:30,19:40,13:10,1,No Info,13339,24,03,2019,06,30,19,40,13,10
Jet Airways,15/06/2019,Delhi,Cochin,DEL → LKO → BOM → COK,09:25,12:35,27:10,2,No Info,13882,15,06,2019,09,25,12,35,27,10
IndiGo,12/05/2019,Banglore,Delhi,BLR → DEL,01:30,04:15,2:45,0,No Info,3943,12,05,2019,01,30,04,15,2,45
Jet Airways,12/03/2019,Banglore,New Delhi,BLR → BOM → DEL,20:35,12:25,15:50,1,In-flight meal not included,11087,12,03,2019,20,35,12,25,15,50
Jet Airways,6/06/2019,Delhi,Cochin,DEL → ATQ → BOM → COK,20:00,04:25,8:25,2,In-flight meal not included,15318,6,06,2019,20,00,04,25,8,25
SpiceJet,6/06/2019,Kolkata,Banglore,CCU → BLR,22:20,00:40,2:20,0,No Info,3873,6,06,2019,22,20,00,40,2,20
Multiple carriers,27/05/2019,Delhi,Cochin,DEL → BOM → COK,04:55,19:00,14:5,1,No Info,11573,27,05,2019,04,55,19,00,14,5
Vistara,15/05/2019,Banglore,Delhi,BLR → DEL,11:30,14:20,2:50,0,No Info,4668,15,05,2019,11,30,14,20,2,50
Air India,01/03/2019,Banglore,New Delhi,BLR → CCU → GAU → DEL,05:50,22:10,16:20,2,No Info,13576,01,03,2019,05,50,22,10,16,20
Air India,01/03/2019,Banglore,New Delhi,BLR → MAA → DEL,11:50,13:00,25:10,1,1 Long layover,15434,01,03,2019,11,50,13,00,25,10
Vistara,21/04/2019,Banglore,Delhi,BLR → DEL,11:30,14:20,2:50,0,No Info,5403,21,04,2019,11,30,14,20,2,50
Jet Airways,6/03/2019,Delhi,Cochin,DEL → IDR → BOM → COK,05:25,19:45,38:20,2,No Info,16914,6,03,2019,05,25,19,45,38,20
Jet Airways,21/05/2019,Kolkata,Banglore,CCU → BOM → BLR,21:10,08:15,11:5,1,No Info,14781,21,05,2019,21,10,08,15,11,5
Jet Airways,9/04/2019,Banglore,Delhi,BLR → DEL,11:10,14:05,2:55,0,In-flight meal not included,4544,9,04,2019,11,10,14,05,2,55
Air India,12/06/2019,Kolkata,Banglore,CCU → BBI → BOM → BLR,12:00,07:55,19:55,2,No Info,9416,12,06,2019,12,00,07,55,19,55
Vistara,9/06/2019,Kolkata,Banglore,CCU → DEL → BLR,07:10,22:55,15:45,1,No Info,8662,9,06,2019,07,10,22,55,15,45
Air India,24/06/2019,Delhi,Cochin,DEL → BOM → COK,10:00,19:15,9:15,1,No Info,9194,24,06,2019,10,00,19,15,9,15
SpiceJet,3/06/2019,Kolkata,Banglore,CCU → BLR,06:55,09:30,2:35,0,No Info,3873,3,06,2019,06,55,09,30,2,35
IndiGo,9/06/2019,Kolkata,Banglore,CCU → PAT → BLR,09:20,14:15,4:55,1,No Info,11465,9,06,2019,09,20,14,15,4,55
Air India,9/06/2019,Delhi,Cochin,DEL → BLR → COK,09:45,23:00,13:15,1,No Info,8907,9,06,2019,09,45,23,00,13,15
Air India,21/03/2019,Delhi,Cochin,DEL → HYD → BOM → COK,17:15,19:15,26h,2,No Info,8770,21,03,2019,17,15,19,15,26h,
Jet Airways,27/03/2019,Delhi,Cochin,DEL → BOM → COK,09:55,04:25,18:30,1,No Info,12242,27,03,2019,09,55,04,25,18,30
Multiple carriers,12/06/2019,Delhi,Cochin,DEL → BOM → COK,10:00,19:00,9h,1,No Info,12192,12,06,2019,10,00,19,00,9h,
Vistara,1/04/2019,Kolkata,Banglore,CCU → DEL → BLR,07:10,10:45,27:35,1,No Info,8505,1,04,2019,07,10,10,45,27,35
Jet Airways,9/05/2019,Kolkata,Banglore,CCU → BOM → BLR,14:05,09:20,19:15,1,In-flight meal not included,9663,9,05,2019,14,05,09,20,19,15
Multiple carriers,15/06/2019,Delhi,Cochin,DEL → BOM → COK,07:30,19:15,11:45,1,No Info,8614,15,06,2019,07,30,19,15,11,45
Jet Airways,24/06/2019,Delhi,Cochin,DEL → IDR → BOM → COK,05:30,04:25,22:55,2,No Info,13292,24,06,2019,05,30,04,25,22,55
Multiple carriers,3/06/2019,Delhi,Cochin,DEL → BOM → COK,12:50,21:00,8:10,1,No Info,7740,3,06,2019,12,50,21,00,8,10
IndiGo,1/05/2019,Delhi,Cochin,DEL → BOM → COK,18:35,01:30,6:55,1,No Info,8854,1,05,2019,18,35,01,30,6,55
IndiGo,6/03/2019,Delhi,Cochin,DEL → HYD → MAA → COK,08:35,21:20,12:45,2,No Info,7682,6,03,2019,08,35,21,20,12,45
IndiGo,9/05/2019,Kolkata,Banglore,CCU → BLR,17:15,19:50,2:35,0,No Info,4804,9,05,2019,17,15,19,50,2,35
Vistara,21/05/2019,Banglore,Delhi,BLR → DEL,09:45,12:35,2:50,0,No Info,4668,21,05,2019,09,45,12,35,2,50
Multiple carriers,24/06/2019,Delhi,Cochin,DEL → BOM → COK,15:15,01:30,10:15,1,In-flight meal not included,5797,24,06,2019,15,15,01,30,10,15
Air India,3/04/2019,Delhi,Cochin,DEL → COK,14:10,17:10,3h,0,No Info,4729,3,04,2019,14,10,17,10,3h,
Multiple carriers,21/05/2019,Delhi,Cochin,DEL → BOM → COK,13:00,01:30,12:30,1,No Info,7888,21,05,2019,13,00,01,30,12,30
IndiGo,24/05/2019,Kolkata,Banglore,CCU → MAA → BLR,08:10,13:00,4:50,1,No Info,5069,24,05,2019,08,10,13,00,4,50
Air India,21/03/2019,Delhi,Cochin,DEL → RPR → NAG → BOM → COK,05:15,19:15,38h,3,No Info,9128,21,03,2019,05,15,19,15,38h,
Jet Airways,1/05/2019,Kolkata,Banglore,CCU → BOM → BLR,20:00,09:20,13:20,1,In-flight meal not included,9663,1,05,2019,20,00,09,20,13,20
Air India,6/06/2019,Delhi,Cochin,DEL → MAA → COK,20:40,09:25,12:45,1,No Info,7952,6,06,2019,20,40,09,25,12,45
Jet Airways,24/06/2019,Delhi,Cochin,DEL → BOM → COK,10:00,12:35,26:35,1,In-flight meal not included,10262,24,06,2019,10,00,12,35,26,35
Jet Airways,6/06/2019,Delhi,Cochin,DEL → LKO → BOM → COK,11:45,04:25,16:40,2,No Info,13882,6,06,2019,11,45,04,25,16,40
IndiGo,12/05/2019,Banglore,Delhi,BLR → DEL,13:00,15:50,2:50,0,No Info,4591,12,05,2019,13,00,15,50,2,50
Air India,12/03/2019,Mumbai,Hyderabad,BOM → GOI → PNQ → HYD,21:10,16:55,4:15,2,No Info,16172,12,03,2019,21,10,16,55,4,15
IndiGo,18/04/2019,Banglore,Delhi,BLR → DEL,01:30,04:15,2:45,0,No Info,4591,18,04,2019,01,30,04,15,2,45
IndiGo,24/06/2019,Mumbai,Hyderabad,BOM → HYD,06:25,07:55,1:30,0,No Info,4049,24,06,2019,06,25,07,55,1,30
IndiGo,3/05/2019,Kolkata,Banglore,CCU → BLR,15:30,18:05,2:35,0,No Info,4804,3,05,2019,15,30,18,05,2,35
Multiple carriers,27/03/2019,Delhi,Cochin,DEL → BOM → COK,08:00,15:30,7:30,1,No Info,6673,27,03,2019,08,00,15,30,7,30
Jet Airways,27/06/2019,Delhi,Cochin,DEL → AMD → BOM → COK,23:05,04:25,29:20,2,In-flight meal not included,11150,27,06,2019,23,05,04,25,29,20
Air India,15/06/2019,Delhi,Cochin,DEL → CCU → BOM → COK,20:15,19:15,23h,2,No Info,13591,15,06,2019,20,15,19,15,23h,
IndiGo,9/05/2019,Banglore,Delhi,BLR → DEL,06:05,08:50,2:45,0,No Info,4077,9,05,2019,06,05,08,50,2,45
Multiple carriers,1/06/2019,Delhi,Cochin,DEL → BOM → COK,07:05,19:15,12:10,1,In-flight meal not included,12927,1,06,2019,07,05,19,15,12,10
Jet Airways,21/05/2019,Delhi,Cochin,DEL → BHO → BOM → COK,05:30,12:35,7:5,2,No Info,16274,21,05,2019,05,30,12,35,7,5
Vistara,15/05/2019,Banglore,Delhi,BLR → DEL,07:00,09:40,2:40,0,No Info,4668,15,05,2019,07,00,09,40,2,40
Jet Airways,27/05/2019,Delhi,Cochin,DEL → BOM → COK,20:55,12:35,15:40,1,In-flight meal not included,12898,27,05,2019,20,55,12,35,15,40
Air India,6/03/2019,Mumbai,Hyderabad,BOM → DEL → HYD,16:00,23:45,7:45,1,No Info,11678,6,03,2019,16,00,23,45,7,45
IndiGo,12/06/2019,Delhi,Cochin,DEL → LKO → COK,21:50,03:35,5:45,1,No Info,5775,12,06,2019,21,50,03,35,5,45
SpiceJet,1/03/2019,Kolkata,Banglore,CCU → BLR,09:00,11:30,2:30,0,No Info,5515,1,03,2019,09,00,11,30,2,30
Jet Airways,18/03/2019,Banglore,New Delhi,BLR → BOM → DEL,22:50,09:00,10:10,1,No Info,13555,18,03,2019,22,50,09,00,10,10
Jet Airways,24/05/2019,Kolkata,Banglore,CCU → BOM → BLR,16:30,04:40,12:10,1,No Info,14571,24,05,2019,16,30,04,40,12,10
SpiceJet,9/06/2019,Mumbai,Hyderabad,BOM → HYD,13:15,14:45,1:30,0,No Info,2227,9,06,2019,13,15,14,45,1,30
Air India,24/06/2019,Banglore,Delhi,BLR → DEL,13:20,16:10,2:50,0,No Info,6961,24,06,2019,13,20,16,10,2,50
Air India,9/03/2019,Delhi,Cochin,DEL → BOM → COK,07:00,19:15,12:15,1,No Info,15704,9,03,2019,07,00,19,15,12,15
Jet Airways,6/03/2019,Mumbai,Hyderabad,BOM → HYD,10:20,11:50,1:30,0,No Info,8040,6,03,2019,10,20,11,50,1,30
Jet Airways,1/06/2019,Delhi,Cochin,DEL → BOM → COK,19:15,04:25,9:10,1,No Info,14714,1,06,2019,19,15,04,25,9,10
Jet Airways,27/03/2019,Delhi,Cochin,DEL → IXC → BOM → COK,06:20,04:25,22:5,2,In-flight meal not included,9296,27,03,2019,06,20,04,25,22,5
Multiple carriers,21/05/2019,Delhi,Cochin,DEL → BOM → COK,09:00,19:00,10h,1,No Info,10197,21,05,2019,09,00,19,00,10h,
Air India,12/06/2019,Delhi,Cochin,DEL → BOM → COK,13:00,19:15,6:15,1,No Info,8372,12,06,2019,13,00,19,15,6,15
Vistara,9/03/2019,Delhi,Cochin,DEL → COK,14:55,17:50,2:55,0,No Info,6741,9,03,2019,14,55,17,50,2,55
IndiGo,9/03/2019,Chennai,Kolkata,MAA → CCU,17:05,19:40,2:35,0,No Info,6297,9,03,2019,17,05,19,40,2,35
Jet Airways,12/06/2019,Kolkata,Banglore,CCU → BOM → BLR,08:25,18:15,9:50,1,No Info,13626,12,06,2019,08,25,18,15,9,50
Jet Airways,27/05/2019,Delhi,Cochin,DEL → AMD → BOM → COK,19:10,19:00,23:50,2,No Info,15129,27,05,2019,19,10,19,00,23,50
IndiGo,21/03/2019,Delhi,Cochin,DEL → BLR → COK,02:00,07:45,5:45,1,No Info,6426,21,03,2019,02,00,07,45,5,45
Jet Airways,9/03/2019,Delhi,Cochin,DEL → ATQ → BOM → COK,20:10,04:25,8:15,2,No Info,20904,9,03,2019,20,10,04,25,8,15
Air Asia,9/04/2019,Delhi,Cochin,DEL → BLR → COK,20:45,07:10,10:25,1,No Info,6451,9,04,2019,20,45,07,10,10,25
Air India,01/03/2019,Banglore,New Delhi,BLR → BBI → DEL,09:30,23:45,14:15,1,No Info,12704,01,03,2019,09,30,23,45,14,15
Jet Airways,24/05/2019,Kolkata,Banglore,CCU → DEL → BLR,20:25,09:45,13:20,1,No Info,13067,24,05,2019,20,25,09,45,13,20
Jet Airways,18/05/2019,Banglore,Delhi,BLR → DEL,06:00,08:45,2:45,0,No Info,7229,18,05,2019,06,00,08,45,2,45
Jet Airways,21/03/2019,Delhi,Cochin,DEL → BDQ → BOM → COK,18:25,04:25,34h,2,No Info,12347,21,03,2019,18,25,04,25,34h,
Multiple carriers,3/03/2019,Delhi,Cochin,DEL → BOM → COK,13:55,21:00,7:5,1,No Info,17057,3,03,2019,13,55,21,00,7,5
Air India,18/05/2019,Kolkata,Banglore,CCU → BOM → HBX → BLR,09:25,18:20,8:55,2,No Info,8366,18,05,2019,09,25,18,20,8,55
Multiple carriers,9/05/2019,Delhi,Cochin,DEL → BOM → COK,10:00,01:30,15:30,1,No Info,15078,9,05,2019,10,00,01,30,15,30
Air Asia,9/06/2019,Kolkata,Banglore,CCU → DEL → BLR,07:35,19:25,11:50,1,No Info,7870,9,06,2019,07,35,19,25,11,50
IndiGo,12/05/2019,Mumbai,Hyderabad,BOM → HYD,16:55,18:25,1:30,0,No Info,3603,12,05,2019,16,55,18,25,1,30
Air India,12/06/2019,Kolkata,Banglore,CCU → DEL → BLR,07:00,16:15,9:15,1,No Info,11936,12,06,2019,07,00,16,15,9,15
Multiple carriers,27/05/2019,Delhi,Cochin,DEL → BOM → COK,10:00,01:30,15:30,1,In-flight meal not included,8925,27,05,2019,10,00,01,30,15,30
Air India,21/04/2019,Delhi,Cochin,DEL → COK,14:10,17:10,3h,0,No Info,6934,21,04,2019,14,10,17,10,3h,
Jet Airways,15/04/2019,Delhi,Cochin,DEL → BOM → COK,11:30,19:00,7:30,1,In-flight meal not included,6542,15,04,2019,11,30,19,00,7,30
IndiGo,15/03/2019,Kolkata,Banglore,CCU → BLR,14:20,16:55,2:35,0,No Info,4778,15,03,2019,14,20,16,55,2,35
IndiGo,24/05/2019,Kolkata,Banglore,CCU → BLR,17:15,19:50,2:35,0,No Info,4804,24,05,2019,17,15,19,50,2,35
Jet Airways,12/05/2019,Kolkata,Banglore,CCU → DEL → BLR,20:25,10:55,14:30,1,No Info,14151,12,05,2019,20,25,10,55,14,30
Multiple carriers,1/06/2019,Delhi,Cochin,DEL → BOM → COK,13:00,19:15,6:15,1,No Info,16108,1,06,2019,13,00,19,15,6,15
Multiple carriers,1/06/2019,Delhi,Cochin,DEL → BOM → COK,15:00,01:30,10:30,1,No Info,13377,1,06,2019,15,00,01,30,10,30
SpiceJet,1/04/2019,Banglore,Delhi,BLR → DEL,09:30,12:20,2:50,0,No check-in baggage included,3919,1,04,2019,09,30,12,20,2,50
Multiple carriers,6/03/2019,Delhi,Cochin,DEL → BOM → COK,13:55,21:00,7:5,1,In-flight meal not included,15136,6,03,2019,13,55,21,00,7,5
Vistara,21/05/2019,Kolkata,Banglore,CCU → DEL → BLR,07:10,20:20,13:10,1,No Info,9345,21,05,2019,07,10,20,20,13,10
Multiple carriers,27/03/2019,Delhi,Cochin,DEL → BOM → COK,02:15,15:30,13:15,1,No Info,12327,27,03,2019,02,15,15,30,13,15
Jet Airways,18/03/2019,Banglore,New Delhi,BLR → BOM → DEL,08:55,16:10,7:15,1,No Info,12284,18,03,2019,08,55,16,10,7,15
Air India,15/05/2019,Delhi,Cochin,DEL → HYD → BOM → COK,17:15,19:15,26h,2,No Info,13039,15,05,2019,17,15,19,15,26h,
Jet Airways,9/03/2019,Delhi,Cochin,DEL → BOM → COK,17:25,04:25,11h,1,In-flight meal not included,11848,9,03,2019,17,25,04,25,11h,
Jet Airways,21/05/2019,Delhi,Cochin,DEL → BOM → COK,18:15,19:00,24:45,1,No Info,16079,21,05,2019,18,15,19,00,24,45
IndiGo,3/05/2019,Kolkata,Banglore,CCU → BLR,22:15,00:50,2:35,0,No Info,4804,3,05,2019,22,15,00,50,2,35
Jet Airways,9/06/2019,Kolkata,Banglore,CCU → BOM → BLR,20:00,23:35,27:35,1,In-flight meal not included,10844,9,06,2019,20,00,23,35,27,35
Vistara,1/04/2019,Kolkata,Banglore,CCU → DEL → BLR,20:20,10:45,14:25,1,No Info,8505,1,04,2019,20,20,10,45,14,25
Air India,24/03/2019,Kolkata,Banglore,CCU → BOM → GOI → BLR,09:25,05:35,20:10,2,No Info,11774,24,03,2019,09,25,05,35,20,10
Jet Airways,3/06/2019,Banglore,Delhi,BLR → DEL,06:00,08:45,2:45,0,In-flight meal not included,5769,3,06,2019,06,00,08,45,2,45
Jet Airways,1/05/2019,Kolkata,Banglore,CCU → BOM → BLR,08:25,20:45,12:20,1,In-flight meal not included,10844,1,05,2019,08,25,20,45,12,20
SpiceJet,24/05/2019,Chennai,Kolkata,MAA → CCU,08:20,10:35,2:15,0,No Info,3597,24,05,2019,08,20,10,35,2,15
Multiple carriers,6/03/2019,Delhi,Cochin,DEL → BOM → COK,10:00,18:50,8:50,1,No Info,16497,6,03,2019,10,00,18,50,8,50
Jet Airways,15/05/2019,Kolkata,Banglore,CCU → DEL → BLR,17:00,19:10,26:10,1,No Info,14151,15,05,2019,17,00,19,10,26,10
IndiGo,6/05/2019,Kolkata,Banglore,CCU → BLR,09:35,12:20,2:45,0,No Info,4804,6,05,2019,09,35,12,20,2,45
Air India,24/05/2019,Mumbai,Hyderabad,BOM → HYD,15:00,16:25,1:25,0,No Info,3100,24,05,2019,15,00,16,25,1,25
Jet Airways,3/06/2019,Delhi,Cochin,DEL → BOM → COK,09:00,19:00,10h,1,No Info,14714,3,06,2019,09,00,19,00,10h,
IndiGo,1/03/2019,Mumbai,Hyderabad,BOM → HYD,16:55,18:25,1:30,0,No Info,8853,1,03,2019,16,55,18,25,1,30
IndiGo,1/06/2019,Delhi,Cochin,DEL → MAA → COK,07:15,12:30,5:15,1,No Info,6582,1,06,2019,07,15,12,30,5,15
Vistara,3/06/2019,Banglore,Delhi,BLR → DEL,11:30,14:20,2:50,0,No Info,4668,3,06,2019,11,30,14,20,2,50
Jet Airways,6/06/2019,Kolkata,Banglore,CCU → BOM → BLR,20:00,16:20,20:20,1,No Info,14571,6,06,2019,20,00,16,20,20,20
Jet Airways,6/03/2019,Delhi,Cochin,DEL → BOM → COK,21:50,04:25,6:35,1,In-flight meal not included,13843,6,03,2019,21,50,04,25,6,35
Multiple carriers,3/06/2019,Delhi,Cochin,DEL → BOM → COK,06:40,19:15,12:35,1,No Info,7354,3,06,2019,06,40,19,15,12,35
IndiGo,1/06/2019,Kolkata,Banglore,CCU → BLR,22:15,00:50,2:35,0,No Info,4804,1,06,2019,22,15,00,50,2,35
IndiGo,1/06/2019,Chennai,Kolkata,MAA → CCU,22:05,00:25,2:20,0,No Info,5277,1,06,2019,22,05,00,25,2,20
Air India,27/03/2019,Delhi,Cochin,DEL → BLR → COK,20:30,08:15,11:45,1,No Info,5998,27,03,2019,20,30,08,15,11,45
IndiGo,1/04/2019,Banglore,Delhi,BLR → DEL,13:00,15:50,2:50,0,No Info,4591,1,04,2019,13,00,15,50,2,50
IndiGo,6/05/2019,Chennai,Kolkata,MAA → CCU,14:45,17:05,2:20,0,No Info,3597,6,05,2019,14,45,17,05,2,20
Jet Airways,24/06/2019,Mumbai,Hyderabad,BOM → HYD,19:35,21:05,1:30,0,No Info,5678,24,06,2019,19,35,21,05,1,30
IndiGo,6/06/2019,Chennai,Kolkata,MAA → CCU,07:55,10:15,2:20,0,No Info,3850,6,06,2019,07,55,10,15,2,20
SpiceJet,18/06/2019,Mumbai,Hyderabad,BOM → HYD,13:15,14:45,1:30,0,No Info,2017,18,06,2019,13,15,14,45,1,30
Jet Airways,15/06/2019,Delhi,Cochin,DEL → BOM → COK,20:55,19:00,22:5,1,In-flight meal not included,10262,15,06,2019,20,55,19,00,22,5
Air India,12/06/2019,Delhi,Cochin,DEL → JAI → BOM → COK,12:00,19:15,7:15,2,No Info,8603,12,06,2019,12,00,19,15,7,15
Multiple carriers,3/03/2019,Delhi,Cochin,DEL → HYD → COK,13:05,22:20,9:15,1,No Info,14153,3,03,2019,13,05,22,20,9,15
Jet Airways,6/05/2019,Kolkata,Banglore,CCU → DEL → BLR,20:25,23:35,27:10,1,In-flight meal not included,8066,6,05,2019,20,25,23,35,27,10
Multiple carriers,21/03/2019,Delhi,Cochin,DEL → BOM → COK,12:50,01:35,12:45,1,No Info,7695,21,03,2019,12,50,01,35,12,45
SpiceJet,6/03/2019,Delhi,Cochin,DEL → PNQ → COK,08:45,13:15,4:30,1,No Info,8488,6,03,2019,08,45,13,15,4,30
GoAir,18/03/2019,Banglore,New Delhi,BLR → DEL,11:40,14:35,2:55,0,No Info,4340,18,03,2019,11,40,14,35,2,55
Jet Airways,15/05/2019,Kolkata,Banglore,CCU → DEL → BLR,20:25,10:55,14:30,1,No Info,14151,15,05,2019,20,25,10,55,14,30
Jet Airways,18/03/2019,Banglore,New Delhi,BLR → BOM → DEL,16:55,05:05,12:10,1,In-flight meal not included,11087,18,03,2019,16,55,05,05,12,10
Jet Airways,24/03/2019,Kolkata,Banglore,CCU → BOM → BLR,19:45,18:10,22:25,1,No Info,13759,24,03,2019,19,45,18,10,22,25
Jet Airways,21/05/2019,Delhi,Cochin,DEL → BOM → COK,19:15,04:25,9:10,1,No Info,16079,21,05,2019,19,15,04,25,9,10
Multiple carriers,1/06/2019,Delhi,Cochin,DEL → BOM → COK,09:00,19:00,10h,1,No Info,12717,1,06,2019,09,00,19,00,10h,
Jet Airways,21/06/2019,Mumbai,Hyderabad,BOM → HYD,10:20,11:50,1:30,0,In-flight meal not included,4995,21,06,2019,10,20,11,50,1,30
SpiceJet,12/04/2019,Kolkata,Banglore,CCU → BLR,17:10,19:40,2:30,0,No Info,3873,12,04,2019,17,10,19,40,2,30
Jet Airways,24/03/2019,Kolkata,Banglore,CCU → BOM → BLR,06:30,12:00,5:30,1,In-flight meal not included,7826,24,03,2019,06,30,12,00,5,30
Vistara,1/04/2019,Kolkata,Banglore,CCU → DEL → BLR,20:20,09:05,12:45,1,No Info,7980,1,04,2019,20,20,09,05,12,45
Multiple carriers,21/05/2019,Delhi,Cochin,DEL → HYD → COK,09:45,00:55,15:10,1,No Info,9486,21,05,2019,09,45,00,55,15,10
Jet Airways,9/06/2019,Kolkata,Banglore,CCU → BOM → BLR,18:55,18:15,23:20,1,In-flight meal not included,10844,9,06,2019,18,55,18,15,23,20
IndiGo,3/03/2019,Chennai,Kolkata,MAA → CCU,05:15,07:35,2:20,0,No Info,6482,3,03,2019,05,15,07,35,2,20
IndiGo,1/06/2019,Delhi,Cochin,DEL → BOM → COK,17:30,01:30,8h,1,No Info,6628,1,06,2019,17,30,01,30,8h,
Air India,6/06/2019,Kolkata,Banglore,CCU → GAU → BLR,09:50,21:05,11:15,1,No Info,7452,6,06,2019,09,50,21,05,11,15
Jet Airways,15/06/2019,Delhi,Cochin,DEL → LKO → BOM → COK,09:25,04:25,19h,2,No Info,13882,15,06,2019,09,25,04,25,19h,
Multiple carriers,27/06/2019,Delhi,Cochin,DEL → BOM → COK,09:15,19:15,10h,1,No Info,8099,27,06,2019,09,15,19,15,10h,
Vistara,1/06/2019,Banglore,Delhi,BLR → DEL,17:00,19:35,2:35,0,No Info,4878,1,06,2019,17,00,19,35,2,35
IndiGo,6/06/2019,Kolkata,Banglore,CCU → HYD → BLR,15:15,20:30,5:15,1,No Info,5170,6,06,2019,15,15,20,30,5,15
SpiceJet,03/03/2019,Banglore,New Delhi,BLR → HYD → DEL,15:35,23:40,8:5,1,No Info,6315,03,03,2019,15,35,23,40,8,5
IndiGo,1/03/2019,Chennai,Kolkata,MAA → CCU,13:20,15:35,2:15,0,No Info,7295,1,03,2019,13,20,15,35,2,15
Multiple carriers,1/05/2019,Delhi,Cochin,DEL → BOM → COK,07:30,19:00,11:30,1,No Info,9794,1,05,2019,07,30,19,00,11,30
Jet Airways,21/03/2019,Delhi,Cochin,DEL → AMD → BOM → COK,19:10,04:25,33:15,2,In-flight meal not included,8834,21,03,2019,19,10,04,25,33,15
SpiceJet,21/06/2019,Mumbai,Hyderabad,BOM → HYD,22:45,00:15,1:30,0,No Info,2017,21,06,2019,22,45,00,15,1,30
Multiple carriers,9/03/2019,Delhi,Cochin,DEL → BOM → COK,06:40,19:45,13:5,1,No Info,12615,9,03,2019,06,40,19,45,13,5
Vistara,09/03/2019,Banglore,New Delhi,BLR → DEL,21:10,00:05,2:55,0,No Info,7240,09,03,2019,21,10,00,05,2,55
Jet Airways,24/06/2019,Banglore,Delhi,BLR → DEL,15:15,18:10,2:55,0,No Info,8016,24,06,2019,15,15,18,10,2,55
Vistara,6/05/2019,Banglore,Delhi,BLR → DEL,17:00,19:35,2:35,0,No Info,4878,6,05,2019,17,00,19,35,2,35
Jet Airways,12/06/2019,Delhi,Cochin,DEL → IDR → BOM → COK,05:30,04:25,22:55,2,No Info,13292,12,06,2019,05,30,04,25,22,55
Air India,12/03/2019,Banglore,New Delhi,BLR → MAA → DEL,11:50,08:55,21:5,1,No Info,11707,12,03,2019,11,50,08,55,21,5
IndiGo,24/06/2019,Delhi,Cochin,DEL → BLR → COK,17:05,22:15,5:10,1,No Info,6147,24,06,2019,17,05,22,15,5,10
IndiGo,12/06/2019,Delhi,Cochin,DEL → BOM → COK,07:30,21:00,13:30,1,No Info,6093,12,06,2019,07,30,21,00,13,30
Jet Airways,1/04/2019,Kolkata,Banglore,CCU → BOM → BLR,20:00,08:15,12:15,1,No Info,12681,1,04,2019,20,00,08,15,12,15
SpiceJet,27/05/2019,Banglore,Delhi,BLR → DEL,05:55,08:35,2:40,0,No Info,3311,27,05,2019,05,55,08,35,2,40
Air India,12/03/2019,Mumbai,Hyderabad,BOM → BLR → CCU → BBI → HYD,16:50,12:25,19:35,3,No Info,14260,12,03,2019,16,50,12,25,19,35
Air India,27/06/2019,Delhi,Cochin,DEL → CCU → BOM → COK,14:25,19:15,28:50,2,No Info,13591,27,06,2019,14,25,19,15,28,50
IndiGo,15/05/2019,Kolkata,Banglore,CCU → BLR,20:20,22:55,2:35,0,No Info,4804,15,05,2019,20,20,22,55,2,35
Air India,15/05/2019,Delhi,Cochin,DEL → UDR → BOM → COK,13:20,07:40,18:20,2,No Info,13538,15,05,2019,13,20,07,40,18,20
Jet Airways,9/06/2019,Kolkata,Banglore,CCU → DEL → BLR,09:35,09:45,24:10,1,No Info,14151,9,06,2019,09,35,09,45,24,10
SpiceJet,15/03/2019,Banglore,New Delhi,BLR → DEL,05:45,08:35,2:50,0,No Info,5575,15,03,2019,05,45,08,35,2,50
Jet Airways,24/05/2019,Kolkata,Banglore,CCU → BOM → BLR,06:30,09:20,26:50,1,No Info,14178,24,05,2019,06,30,09,20,26,50
Air India,12/03/2019,Chennai,Kolkata,MAA → CCU,11:40,13:55,2:15,0,No Info,7082,12,03,2019,11,40,13,55,2,15
SpiceJet,9/05/2019,Banglore,Delhi,BLR → DEL,21:10,00:05,2:55,0,No check-in baggage included,4319,9,05,2019,21,10,00,05,2,55
Jet Airways,3/03/2019,Delhi,Cochin,DEL → UDR → BOM → COK,18:20,18:50,24:30,2,No Info,20747,3,03,2019,18,20,18,50,24,30
Jet Airways,24/03/2019,Kolkata,Banglore,CCU → BOM → BLR,08:25,22:35,14:10,1,No Info,13759,24,03,2019,08,25,22,35,14,10
Jet Airways,21/03/2019,Delhi,Cochin,DEL → BHO → BOM → COK,05:40,04:25,22:45,2,In-flight meal not included,9181,21,03,2019,05,40,04,25,22,45
Jet Airways,3/03/2019,Delhi,Cochin,DEL → BOM → COK,02:15,18:50,16:35,1,No Info,17024,3,03,2019,02,15,18,50,16,35
IndiGo,27/03/2019,Delhi,Cochin,DEL → HYD → COK,06:40,12:00,5:20,1,No Info,5298,27,03,2019,06,40,12,00,5,20
Jet Airways,1/04/2019,Kolkata,Banglore,CCU → BOM → BLR,14:05,22:35,8:30,1,No Info,13364,1,04,2019,14,05,22,35,8,30
Jet Airways,12/05/2019,Kolkata,Banglore,CCU → BOM → BLR,06:30,16:20,9:50,1,In-flight meal not included,10844,12,05,2019,06,30,16,20,9,50
Jet Airways,15/05/2019,Kolkata,Banglore,CCU → BOM → BLR,20:00,04:40,8:40,1,No Info,13941,15,05,2019,20,00,04,40,8,40
Jet Airways,12/06/2019,Delhi,Cochin,DEL → NAG → BOM → COK,06:45,04:25,21:40,2,In-flight meal not included,10919,12,06,2019,06,45,04,25,21,40
Jet Airways,18/03/2019,Banglore,New Delhi,BLR → BOM → DEL,05:45,13:15,7:30,1,No Info,12284,18,03,2019,05,45,13,15,7,30
IndiGo,21/03/2019,Delhi,Cochin,DEL → HYD → COK,08:35,22:20,13:45,1,No Info,6790,21,03,2019,08,35,22,20,13,45
IndiGo,18/05/2019,Mumbai,Hyderabad,BOM → HYD,06:25,07:55,1:30,0,No Info,4392,18,05,2019,06,25,07,55,1,30
Air India,6/06/2019,Delhi,Cochin,DEL → AMD → BOM → COK,05:00,19:15,38:15,2,No Info,9653,6,06,2019,05,00,19,15,38,15
SpiceJet,21/06/2019,Mumbai,Hyderabad,BOM → HYD,05:45,07:15,1:30,0,No Info,2753,21,06,2019,05,45,07,15,1,30
Air India,18/05/2019,Kolkata,Banglore,CCU → HYD → BLR,19:00,11:05,16:5,1,No Info,6327,18,05,2019,19,00,11,05,16,5
Multiple carriers,3/03/2019,Delhi,Cochin,DEL → HYD → COK,07:10,22:20,15:10,1,In-flight meal not included,11125,3,03,2019,07,10,22,20,15,10
Jet Airways,6/06/2019,Delhi,Cochin,DEL → BOM → COK,22:50,19:00,20:10,1,In-flight meal not included,10262,6,06,2019,22,50,19,00,20,10
Jet Airways,9/06/2019,Delhi,Cochin,DEL → BOM → COK,17:30,04:25,10:55,1,In-flight meal not included,10262,9,06,2019,17,30,04,25,10,55
Air Asia,27/05/2019,Delhi,Cochin,DEL → BLR → COK,16:45,22:25,5:40,1,No Info,6752,27,05,2019,16,45,22,25,5,40
IndiGo,27/05/2019,Banglore,Delhi,BLR → DEL,06:05,08:50,2:45,0,No Info,4423,27,05,2019,06,05,08,50,2,45
Air Asia,21/05/2019,Banglore,Delhi,BLR → DEL,11:10,13:55,2:45,0,No Info,3383,21,05,2019,11,10,13,55,2,45
Air India,15/06/2019,Delhi,Cochin,DEL → UDR → BOM → COK,13:20,07:40,18:20,2,No Info,12121,15,06,2019,13,20,07,40,18,20
Multiple carriers,9/05/2019,Delhi,Cochin,DEL → BOM → COK,11:40,01:30,13:50,1,No Info,9021,9,05,2019,11,40,01,30,13,50
Multiple carriers,6/06/2019,Delhi,Cochin,DEL → BOM → COK,11:40,19:15,7:35,1,No Info,8266,6,06,2019,11,40,19,15,7,35
Jet Airways,3/06/2019,Delhi,Cochin,DEL → BOM → COK,19:45,19:00,23:15,1,No Info,14714,3,06,2019,19,45,19,00,23,15
Air India,27/06/2019,Delhi,Cochin,DEL → BHO → BOM → COK,05:55,19:15,13:20,2,No Info,11386,27,06,2019,05,55,19,15,13,20
Jet Airways,06/03/2019,Banglore,New Delhi,BLR → BOM → DEL,08:55,08:15,23:20,1,No Info,14815,06,03,2019,08,55,08,15,23,20
Jet Airways,6/03/2019,Delhi,Cochin,DEL → BOM → COK,09:00,04:25,19:25,1,In-flight meal not included,13843,6,03,2019,09,00,04,25,19,25
IndiGo,15/05/2019,Delhi,Cochin,DEL → BOM → COK,07:30,21:00,13:30,1,No Info,7191,15,05,2019,07,30,21,00,13,30
SpiceJet,3/03/2019,Kolkata,Banglore,CCU → BLR,17:15,19:45,2:30,0,No Info,6251,3,03,2019,17,15,19,45,2,30
Jet Airways,27/03/2019,Delhi,Cochin,DEL → MAA → BOM → COK,05:10,04:25,23:15,2,In-flight meal not included,9412,27,03,2019,05,10,04,25,23,15
SpiceJet,15/03/2019,Kolkata,Banglore,CCU → BLR,22:20,00:40,2:20,0,No check-in baggage included,3815,15,03,2019,22,20,00,40,2,20
Air India,15/05/2019,Mumbai,Hyderabad,BOM → HYD,19:30,20:45,1:15,0,No Info,3100,15,05,2019,19,30,20,45,1,15
Vistara,21/06/2019,Delhi,Cochin,DEL → COK,14:40,17:50,3:10,0,No Info,6216,21,06,2019,14,40,17,50,3,10
Multiple carriers,27/06/2019,Delhi,Cochin,DEL → BOM → COK,14:00,01:30,11:30,1,No Info,13377,27,06,2019,14,00,01,30,11,30
IndiGo,21/03/2019,Banglore,New Delhi,BLR → HYD → DEL,07:30,12:20,4:50,1,No Info,5694,21,03,2019,07,30,12,20,4,50
Air India,21/05/2019,Kolkata,Banglore,CCU → VNS → DEL → BLR,14:30,12:30,22h,2,No Info,15107,21,05,2019,14,30,12,30,22h,
Air India,9/03/2019,Delhi,Cochin,DEL → BOM → COK,23:00,19:15,20:15,1,No Info,11260,9,03,2019,23,00,19,15,20,15
Air India,27/05/2019,Delhi,Cochin,DEL → BOM → COK,08:00,19:15,11:15,1,No Info,9929,27,05,2019,08,00,19,15,11,15
Air India,21/03/2019,Delhi,Cochin,DEL → MAA → COK,20:40,09:25,12:45,1,No Info,5642,21,03,2019,20,40,09,25,12,45
Multiple carriers,9/05/2019,Delhi,Cochin,DEL → BOM → COK,13:00,01:30,12:30,1,No Info,15078,9,05,2019,13,00,01,30,12,30
Multiple carriers,12/06/2019,Delhi,Cochin,DEL → BOM → COK,14:00,01:30,11:30,1,No Info,13377,12,06,2019,14,00,01,30,11,30
Air India,15/05/2019,Kolkata,Banglore,CCU → DEL → COK → BLR,20:30,13:45,17:15,2,No Info,16057,15,05,2019,20,30,13,45,17,15
Jet Airways,18/03/2019,Banglore,New Delhi,BLR → BOM → DEL,05:45,10:45,5h,1,No Info,12284,18,03,2019,05,45,10,45,5h,
Jet Airways,18/03/2019,Mumbai,Hyderabad,BOM → HYD,19:35,21:05,1:30,0,No Info,5678,18,03,2019,19,35,21,05,1,30
Multiple carriers,3/03/2019,Delhi,Cochin,DEL → BOM → COK,18:00,01:35,7:35,1,No Info,17703,3,03,2019,18,00,01,35,7,35
IndiGo,3/06/2019,Banglore,Delhi,BLR → DEL,07:10,10:05,2:55,0,No Info,4823,3,06,2019,07,10,10,05,2,55
Air India,1/04/2019,Kolkata,Banglore,CCU → IXR → BBI → BLR,05:50,13:15,7:25,2,No Info,5562,1,04,2019,05,50,13,15,7,25
IndiGo,6/03/2019,Delhi,Cochin,DEL → BBI → COK,02:35,08:30,5:55,1,No Info,13790,6,03,2019,02,35,08,30,5,55
Jet Airways,1/05/2019,Kolkata,Banglore,CCU → BOM → BLR,16:30,08:15,15:45,1,In-flight meal not included,8586,1,05,2019,16,30,08,15,15,45
Multiple carriers,27/05/2019,Delhi,Cochin,DEL → BOM → COK,07:30,19:00,11:30,1,No Info,11264,27,05,2019,07,30,19,00,11,30
Jet Airways,12/05/2019,Kolkata,Banglore,CCU → BOM → BLR,18:55,04:40,9:45,1,In-flight meal not included,9663,12,05,2019,18,55,04,40,9,45
IndiGo,6/06/2019,Delhi,Cochin,DEL → BOM → COK,08:30,21:00,12:30,1,No Info,6416,6,06,2019,08,30,21,00,12,30
IndiGo,9/03/2019,Delhi,Cochin,DEL → BOM → COK,16:00,21:00,5h,1,No Info,7725,9,03,2019,16,00,21,00,5h,
Jet Airways,1/06/2019,Delhi,Cochin,DEL → NAG → BOM → COK,14:35,12:35,22h,2,No Info,13376,1,06,2019,14,35,12,35,22h,
Jet Airways,24/03/2019,Kolkata,Banglore,CCU → BOM → BLR,13:55,12:00,22:5,1,No Info,14231,24,03,2019,13,55,12,00,22,5
Jet Airways,3/03/2019,Delhi,Cochin,DEL → BOM → COK,11:30,04:25,16:55,1,No Info,19828,3,03,2019,11,30,04,25,16,55
Jet Airways,27/03/2019,Mumbai,Hyderabad,BOM → HYD,07:10,08:35,1:25,0,No Info,8040,27,03,2019,07,10,08,35,1,25
Air India,01/03/2019,Banglore,New Delhi,BLR → DEL,17:00,19:45,2:45,0,No Info,25913,01,03,2019,17,00,19,45,2,45
Jet Airways,21/05/2019,Delhi,Cochin,DEL → BOM → COK,09:00,19:00,10h,1,No Info,16079,21,05,2019,09,00,19,00,10h,
Air India,3/03/2019,Mumbai,Hyderabad,BOM → HYD,21:05,22:25,1:20,0,No Info,4937,3,03,2019,21,05,22,25,1,20
Air India,27/06/2019,Delhi,Cochin,DEL → HYD → BOM → COK,17:15,07:40,14:25,2,No Info,13039,27,06,2019,17,15,07,40,14,25
Jet Airways,1/05/2019,Kolkata,Banglore,CCU → DEL → BLR,20:25,14:25,18h,1,In-flight meal not included,9314,1,05,2019,20,25,14,25,18h,
SpiceJet,27/06/2019,Delhi,Cochin,DEL → BLR → COK,17:55,22:50,4:55,1,No Info,4957,27,06,2019,17,55,22,50,4,55
Multiple carriers,3/03/2019,Delhi,Cochin,DEL → BOM → COK,04:00,11:30,7:30,1,No Info,14973,3,03,2019,04,00,11,30,7,30
Jet Airways,9/06/2019,Kolkata,Banglore,CCU → BOM → BLR,08:25,16:20,7:55,1,No Info,14571,9,06,2019,08,25,16,20,7,55
IndiGo,6/05/2019,Kolkata,Banglore,CCU → BLR,14:25,16:55,2:30,0,No Info,5224,6,05,2019,14,25,16,55,2,30
Multiple carriers,24/06/2019,Delhi,Cochin,DEL → BOM → COK,09:15,19:00,9:45,1,No Info,11622,24,06,2019,09,15,19,00,9,45
GoAir,27/05/2019,Banglore,Delhi,BLR → DEL,20:55,23:40,2:45,0,No Info,3419,27,05,2019,20,55,23,40,2,45
Jet Airways,1/06/2019,Delhi,Cochin,DEL → BHO → BOM → COK,05:30,12:35,7:5,2,In-flight meal not included,13344,1,06,2019,05,30,12,35,7,5
IndiGo,6/06/2019,Delhi,Cochin,DEL → BOM → COK,16:00,01:30,9:30,1,No Info,6316,6,06,2019,16,00,01,30,9,30
IndiGo,21/06/2019,Mumbai,Hyderabad,BOM → HYD,16:55,18:25,1:30,0,No Info,4392,21,06,2019,16,55,18,25,1,30
Jet Airways,18/05/2019,Delhi,Cochin,DEL → AMD → BOM → COK,13:25,04:25,15h,2,No Info,16704,18,05,2019,13,25,04,25,15h,
Jet Airways,12/06/2019,Kolkata,Banglore,CCU → BOM → BLR,18:55,12:00,17:5,1,In-flight meal not included,8529,12,06,2019,18,55,12,00,17,5
Jet Airways,12/06/2019,Delhi,Cochin,DEL → ATQ → BOM → COK,12:15,12:35,24:20,2,No Info,14300,12,06,2019,12,15,12,35,24,20
Multiple carriers,27/05/2019,Delhi,Cochin,DEL → BOM → COK,13:00,01:30,12:30,1,No Info,7198,27,05,2019,13,00,01,30,12,30
Jet Airways,12/06/2019,Delhi,Cochin,DEL → ATQ → BOM → COK,18:20,19:00,24:40,2,No Info,14300,12,06,2019,18,20,19,00,24,40
Jet Airways,3/04/2019,Banglore,Delhi,BLR → DEL,18:55,22:00,3:5,0,No Info,7229,3,04,2019,18,55,22,00,3,5
SpiceJet,9/06/2019,Kolkata,Banglore,CCU → BLR,09:00,11:25,2:25,0,No check-in baggage included,3841,9,06,2019,09,00,11,25,2,25
Jet Airways,1/05/2019,Banglore,Delhi,BLR → DEL,06:00,08:45,2:45,0,In-flight meal not included,4030,1,05,2019,06,00,08,45,2,45
Jet Airways,21/05/2019,Delhi,Cochin,DEL → BOM → COK,20:55,04:25,7:30,1,No Info,16079,21,05,2019,20,55,04,25,7,30
IndiGo,27/05/2019,Mumbai,Hyderabad,BOM → HYD,12:00,13:30,1:30,0,No Info,2754,27,05,2019,12,00,13,30,1,30
IndiGo,3/06/2019,Delhi,Cochin,DEL → BLR → COK,05:10,10:05,4:55,1,No Info,6842,3,06,2019,05,10,10,05,4,55
Vistara,24/03/2019,Banglore,New Delhi,BLR → DEL,09:50,12:35,2:45,0,No Info,6138,24,03,2019,09,50,12,35,2,45
Jet Airways,12/06/2019,Kolkata,Banglore,CCU → BOM → BLR,20:00,04:40,8:40,1,No Info,12576,12,06,2019,20,00,04,40,8,40
Jet Airways,12/05/2019,Kolkata,Banglore,CCU → DEL → BLR,09:35,14:25,28:50,1,No Info,13067,12,05,2019,09,35,14,25,28,50
Jet Airways,6/05/2019,Kolkata,Banglore,CCU → GAU → BLR,10:20,17:35,7:15,1,No Info,9358,6,05,2019,10,20,17,35,7,15
Jet Airways,9/05/2019,Kolkata,Banglore,CCU → BOM → BLR,08:25,04:40,20:15,1,In-flight meal not included,8586,9,05,2019,08,25,04,40,20,15
Air India,6/04/2019,Banglore,Delhi,BLR → DEL,13:20,16:10,2:50,0,No Info,5176,6,04,2019,13,20,16,10,2,50
Air India,15/06/2019,Delhi,Cochin,DEL → MAA → COK,20:40,09:25,12:45,1,No Info,7480,15,06,2019,20,40,09,25,12,45
Air India,6/06/2019,Kolkata,Banglore,CCU → IXR → DEL → BLR,05:50,12:30,30:40,2,No Info,12723,6,06,2019,05,50,12,30,30,40
Air India,1/04/2019,Kolkata,Banglore,CCU → BBI → BLR,09:10,13:15,4:5,1,No Info,5793,1,04,2019,09,10,13,15,4,5
Multiple carriers,12/06/2019,Delhi,Cochin,DEL → BOM → COK,09:00,19:15,10:15,1,No Info,14848,12,06,2019,09,00,19,15,10,15
Air India,15/05/2019,Delhi,Cochin,DEL → AMD → BOM → COK,05:00,19:15,38:15,2,No Info,10493,15,05,2019,05,00,19,15,38,15
Jet Airways,9/05/2019,Kolkata,Banglore,CCU → DEL → BLR,20:25,18:00,21:35,1,No Info,11467,9,05,2019,20,25,18,00,21,35
Air India,27/05/2019,Delhi,Cochin,DEL → BOM → COK,03:50,19:15,15:25,1,No Info,9719,27,05,2019,03,50,19,15,15,25
SpiceJet,15/04/2019,Kolkata,Banglore,CCU → BLR,22:20,00:40,2:20,0,No Info,3873,15,04,2019,22,20,00,40,2,20
IndiGo,21/03/2019,Delhi,Cochin,DEL → MAA → COK,02:05,07:25,5:20,1,No Info,4862,21,03,2019,02,05,07,25,5,20
SpiceJet,3/04/2019,Banglore,Delhi,BLR → DEL,09:30,12:20,2:50,0,No Info,3971,3,04,2019,09,30,12,20,2,50
Jet Airways,21/03/2019,Banglore,New Delhi,BLR → BOM → DEL,11:40,10:25,22:45,1,In-flight meal not included,7832,21,03,2019,11,40,10,25,22,45
SpiceJet,21/05/2019,Banglore,Delhi,BLR → DEL,09:30,12:20,2:50,0,No Info,3625,21,05,2019,09,30,12,20,2,50
Vistara,1/05/2019,Kolkata,Banglore,CCU → DEL → BLR,17:00,18:50,25:50,1,No Info,8610,1,05,2019,17,00,18,50,25,50
Multiple carriers,21/03/2019,Delhi,Cochin,DEL → BOM → COK,09:00,15:30,6:30,1,No Info,14486,21,03,2019,09,00,15,30,6,30
SpiceJet,9/05/2019,Kolkata,Banglore,CCU → BLR,09:00,11:25,2:25,0,No check-in baggage included,3841,9,05,2019,09,00,11,25,2,25
Jet Airways,9/05/2019,Kolkata,Banglore,CCU → BOM → BLR,14:05,04:40,14:35,1,No Info,13941,9,05,2019,14,05,04,40,14,35
IndiGo,12/05/2019,Banglore,Delhi,BLR → DEL,18:55,21:50,2:55,0,No Info,4823,12,05,2019,18,55,21,50,2,55
Air India,1/05/2019,Kolkata,Banglore,CCU → BBI → BOM → BLR,09:10,21:50,12:40,2,No Info,12009,1,05,2019,09,10,21,50,12,40
SpiceJet,21/06/2019,Chennai,Kolkata,MAA → CCU,08:20,10:35,2:15,0,No Info,3597,21,06,2019,08,20,10,35,2,15
Multiple carriers,3/03/2019,Delhi,Cochin,DEL → BOM → COK,16:00,01:35,9:35,1,No Info,21226,3,03,2019,16,00,01,35,9,35
Jet Airways,9/06/2019,Delhi,Cochin,DEL → BOM → COK,19:15,12:35,17:20,1,In-flight meal not included,10577,9,06,2019,19,15,12,35,17,20
Air Asia,12/05/2019,Kolkata,Banglore,CCU → DEL → BLR,07:35,19:25,11:50,1,No Info,5320,12,05,2019,07,35,19,25,11,50
IndiGo,21/03/2019,Banglore,New Delhi,BLR → DEL,07:10,10:05,2:55,0,No Info,6860,21,03,2019,07,10,10,05,2,55
SpiceJet,21/03/2019,Mumbai,Hyderabad,BOM → HYD,22:45,00:10,1:25,0,No Info,1759,21,03,2019,22,45,00,10,1,25
Jet Airways,27/03/2019,Delhi,Cochin,DEL → BOM → COK,11:30,04:25,16:55,1,No Info,12242,27,03,2019,11,30,04,25,16,55
SpiceJet,3/06/2019,Kolkata,Banglore,CCU → BLR,22:20,00:40,2:20,0,No check-in baggage included,3841,3,06,2019,22,20,00,40,2,20
Jet Airways,27/05/2019,Banglore,Delhi,BLR → DEL,15:15,18:10,2:55,0,In-flight meal not included,3502,27,05,2019,15,15,18,10,2,55
Jet Airways,9/05/2019,Kolkata,Banglore,CCU → BOM → BLR,14:05,23:35,9:30,1,In-flight meal not included,10844,9,05,2019,14,05,23,35,9,30
IndiGo,9/04/2019,Kolkata,Banglore,CCU → BLR,21:25,00:05,2:40,0,No Info,4174,9,04,2019,21,25,00,05,2,40
Jet Airways,9/06/2019,Kolkata,Banglore,CCU → GAU → BLR,10:20,17:35,7:15,1,In-flight meal not included,5608,9,06,2019,10,20,17,35,7,15
IndiGo,24/05/2019,Kolkata,Banglore,CCU → PAT → BLR,09:20,14:15,4:55,1,No Info,9376,24,05,2019,09,20,14,15,4,55
Jet Airways,6/05/2019,Kolkata,Banglore,CCU → BOM → BLR,21:10,16:20,19:10,1,No Info,13584,6,05,2019,21,10,16,20,19,10
Multiple carriers,24/06/2019,Delhi,Cochin,DEL → BOM → COK,08:30,19:15,10:45,1,No Info,7354,24,06,2019,08,30,19,15,10,45
Jet Airways,12/05/2019,Kolkata,Banglore,CCU → BOM → BLR,20:00,18:15,22:15,1,In-flight meal not included,10844,12,05,2019,20,00,18,15,22,15
Jet Airways,12/05/2019,Kolkata,Banglore,CCU → BOM → BLR,18:55,08:15,13:20,1,No Info,14388,12,05,2019,18,55,08,15,13,20
Jet Airways,18/05/2019,Kolkata,Banglore,CCU → BOM → BLR,05:45,16:20,10:35,1,No Info,14781,18,05,2019,05,45,16,20,10,35
Air India,27/05/2019,Delhi,Cochin,DEL → JAI → BOM → COK,12:00,19:15,7:15,2,No Info,9653,27,05,2019,12,00,19,15,7,15
Jet Airways,9/06/2019,Delhi,Cochin,DEL → BOM → COK,10:00,04:25,18:25,1,In-flight meal not included,10262,9,06,2019,10,00,04,25,18,25
IndiGo,6/06/2019,Delhi,Cochin,DEL → HYD → COK,06:50,22:30,15:40,1,No Info,6674,6,06,2019,06,50,22,30,15,40
IndiGo,3/03/2019,Delhi,Cochin,DEL → HYD → COK,08:35,16:10,7:35,1,No Info,7663,3,03,2019,08,35,16,10,7,35
SpiceJet,18/04/2019,Banglore,Delhi,BLR → DEL,05:55,08:35,2:40,0,No check-in baggage included,4319,18,04,2019,05,55,08,35,2,40
Jet Airways,18/05/2019,Delhi,Cochin,DEL → BOM → COK,02:15,19:00,16:45,1,In-flight meal not included,12373,18,05,2019,02,15,19,00,16,45
Jet Airways,9/04/2019,Delhi,Cochin,DEL → BOM → COK,22:50,04:25,5:35,1,No Info,12242,9,04,2019,22,50,04,25,5,35
Jet Airways,27/05/2019,Delhi,Cochin,DEL → BOM → COK,08:00,19:00,11h,1,No Info,16289,27,05,2019,08,00,19,00,11h,
GoAir,3/06/2019,Banglore,Delhi,BLR → DEL,20:55,23:40,2:45,0,No Info,3419,3,06,2019,20,55,23,40,2,45
Jet Airways,1/04/2019,Kolkata,Banglore,CCU → BOM → BLR,08:25,16:20,7:55,1,In-flight meal not included,7851,1,04,2019,08,25,16,20,7,55
Jet Airways,18/03/2019,Banglore,New Delhi,BLR → BOM → DEL,05:45,15:15,9:30,1,No Info,12284,18,03,2019,05,45,15,15,9,30
IndiGo,15/06/2019,Delhi,Cochin,DEL → BLR → COK,02:00,07:45,5:45,1,No Info,6386,15,06,2019,02,00,07,45,5,45
Jet Airways,27/06/2019,Delhi,Cochin,DEL → AMD → BOM → COK,23:05,04:25,29:20,2,No Info,15339,27,06,2019,23,05,04,25,29,20
SpiceJet,12/05/2019,Mumbai,Hyderabad,BOM → HYD,22:45,00:15,1:30,0,No Info,2017,12,05,2019,22,45,00,15,1,30
Jet Airways,18/05/2019,Delhi,Cochin,DEL → BHO → BOM → COK,05:30,12:35,7:5,2,No Info,16274,18,05,2019,05,30,12,35,7,5
IndiGo,21/03/2019,Delhi,Cochin,DEL → TRV → COK,21:05,01:45,4:40,1,No Info,5947,21,03,2019,21,05,01,45,4,40
Jet Airways,21/03/2019,Mumbai,Hyderabad,BOM → HYD,07:10,08:35,1:25,0,No Info,8040,21,03,2019,07,10,08,35,1,25
Jet Airways,12/06/2019,Delhi,Cochin,DEL → JAI → BOM → COK,09:40,12:35,26:55,2,In-flight meal not included,10368,12,06,2019,09,40,12,35,26,55
Air India,18/05/2019,Delhi,Cochin,DEL → BLR → COK,20:30,23:00,26:30,1,No Info,8907,18,05,2019,20,30,23,00,26,30
IndiGo,6/06/2019,Mumbai,Hyderabad,BOM → HYD,06:25,07:55,1:30,0,No Info,4049,6,06,2019,06,25,07,55,1,30
Air India,03/03/2019,Banglore,New Delhi,BLR → DEL,10:00,12:45,2:45,0,No Info,8588,03,03,2019,10,00,12,45,2,45
Jet Airways,27/05/2019,Banglore,Delhi,BLR → DEL,19:50,22:50,3h,0,No Info,7229,27,05,2019,19,50,22,50,3h,
IndiGo,6/05/2019,Banglore,Delhi,BLR → DEL,21:15,00:15,3h,0,No Info,3943,6,05,2019,21,15,00,15,3h,
Air Asia,3/05/2019,Banglore,Delhi,BLR → DEL,23:55,02:45,2:50,0,No Info,4483,3,05,2019,23,55,02,45,2,50
Air India,21/05/2019,Kolkata,Banglore,CCU → BBI → BOM → BLR,12:00,18:30,30:30,2,No Info,10151,21,05,2019,12,00,18,30,30,30
IndiGo,18/06/2019,Banglore,Delhi,BLR → DEL,22:10,01:00,2:50,0,No Info,3419,18,06,2019,22,10,01,00,2,50
Air India,18/05/2019,Delhi,Cochin,DEL → GOI → BOM → COK,10:55,07:40,20:45,2,No Info,13486,18,05,2019,10,55,07,40,20,45
Vistara,9/06/2019,Kolkata,Banglore,CCU → DEL → BLR,20:20,18:50,22:30,1,No Info,8610,9,06,2019,20,20,18,50,22,30
GoAir,15/06/2019,Banglore,Delhi,BLR → DEL,11:40,14:30,2:50,0,No Info,3898,15,06,2019,11,40,14,30,2,50
Air India,24/03/2019,Kolkata,Banglore,CCU → BBI → BOM → BLR,09:10,11:10,26h,2,No Info,15187,24,03,2019,09,10,11,10,26h,
IndiGo,1/03/2019,Delhi,Cochin,DEL → HYD → MAA → COK,04:55,21:20,16:25,2,No Info,10278,1,03,2019,04,55,21,20,16,25
IndiGo,15/04/2019,Delhi,Cochin,DEL → HYD → COK,06:50,16:10,9:20,1,No Info,6442,15,04,2019,06,50,16,10,9,20
Jet Airways,3/06/2019,Delhi,Cochin,DEL → BHO → BOM → COK,05:30,12:35,7:5,2,In-flight meal not included,13344,3,06,2019,05,30,12,35,7,5
Air India,15/03/2019,Banglore,New Delhi,BLR → HYD → DEL,08:15,08:50,24:35,1,No Info,5521,15,03,2019,08,15,08,50,24,35
IndiGo,27/05/2019,Chennai,Kolkata,MAA → CCU,13:15,15:35,2:20,0,No Info,3597,27,05,2019,13,15,15,35,2,20
Air India,09/03/2019,Banglore,New Delhi,BLR → CCU → DEL,11:05,09:15,22:10,1,No Info,11077,09,03,2019,11,05,09,15,22,10
Multiple carriers,27/03/2019,Delhi,Cochin,DEL → BOM → COK,18:00,01:35,7:35,1,No Info,6673,27,03,2019,18,00,01,35,7,35
Air India,9/06/2019,Delhi,Cochin,DEL → HYD → BOM → COK,17:15,19:15,26h,2,No Info,12392,9,06,2019,17,15,19,15,26h,
Air India,6/03/2019,Mumbai,Hyderabad,BOM → MAA → HYD,05:55,22:00,16:5,1,No Info,10366,6,03,2019,05,55,22,00,16,5
Air India,15/06/2019,Delhi,Cochin,DEL → RPR → NAG → BOM → COK,05:15,19:15,38h,3,No Info,10703,15,06,2019,05,15,19,15,38h,
Air India,9/05/2019,Delhi,Cochin,DEL → BLR → COK,09:45,23:00,13:15,1,No Info,7174,9,05,2019,09,45,23,00,13,15
Jet Airways,18/03/2019,Banglore,New Delhi,BLR → BOM → DEL,22:50,09:30,10:40,1,In-flight meal not included,11087,18,03,2019,22,50,09,30,10,40
Air Asia,27/04/2019,Banglore,Delhi,BLR → DEL,23:55,02:45,2:50,0,No Info,3383,27,04,2019,23,55,02,45,2,50
Air India,6/06/2019,Kolkata,Banglore,CCU → GAU → DEL → BLR,16:45,08:55,16:10,2,No Info,14960,6,06,2019,16,45,08,55,16,10
Jet Airways,1/05/2019,Kolkata,Banglore,CCU → DEL → BLR,20:25,09:45,13:20,1,No Info,11467,1,05,2019,20,25,09,45,13,20
Multiple carriers,27/03/2019,Delhi,Cochin,DEL → BOM → COK,09:00,15:30,6:30,1,No Info,6673,27,03,2019,09,00,15,30,6,30
Air India,27/06/2019,Mumbai,Hyderabad,BOM → HYD,13:55,15:25,1:30,0,No Info,3100,27,06,2019,13,55,15,25,1,30
Jet Airways,06/03/2019,Banglore,New Delhi,BLR → BOM → DEL,05:45,16:10,10:25,1,No Info,16736,06,03,2019,05,45,16,10,10,25
Air India,1/04/2019,Delhi,Cochin,DEL → MAA → COK,20:40,09:25,12:45,1,No Info,5117,1,04,2019,20,40,09,25,12,45
Jet Airways,21/03/2019,Delhi,Cochin,DEL → BDQ → BOM → COK,10:45,18:50,32:5,2,No Info,11093,21,03,2019,10,45,18,50,32,5
GoAir,9/06/2019,Kolkata,Banglore,CCU → BOM → BLR,23:30,07:45,8:15,1,No Info,6354,9,06,2019,23,30,07,45,8,15
Air India,18/03/2019,Delhi,Cochin,DEL → COK,14:10,17:10,3h,0,No Info,5674,18,03,2019,14,10,17,10,3h,
Jet Airways,27/05/2019,Delhi,Cochin,DEL → JAI → BOM → COK,09:40,04:25,18:45,2,In-flight meal not included,13029,27,05,2019,09,40,04,25,18,45
Jet Airways,24/06/2019,Delhi,Cochin,DEL → AMD → BOM → COK,23:05,04:25,29:20,2,No Info,12819,24,06,2019,23,05,04,25,29,20
Air India,06/03/2019,Banglore,New Delhi,BLR → BOM → UDR → DEL,08:50,16:30,31:40,2,No Info,14143,06,03,2019,08,50,16,30,31,40
IndiGo,18/04/2019,Banglore,Delhi,BLR → DEL,08:30,11:20,2:50,0,No Info,5740,18,04,2019,08,30,11,20,2,50
GoAir,03/03/2019,Banglore,New Delhi,BLR → DEL,11:40,14:35,2:55,0,No Info,7646,03,03,2019,11,40,14,35,2,55
Air India,9/05/2019,Delhi,Cochin,DEL → CCU → BOM → COK,14:25,19:15,28:50,2,No Info,13591,9,05,2019,14,25,19,15,28,50
Air India,1/06/2019,Mumbai,Hyderabad,BOM → HYD,19:30,20:45,1:15,0,No Info,3100,1,06,2019,19,30,20,45,1,15
Jet Airways,1/04/2019,Delhi,Cochin,DEL → BOM → COK,18:15,12:35,18:20,1,In-flight meal not included,5406,1,04,2019,18,15,12,35,18,20
Jet Airways,6/05/2019,Kolkata,Banglore,CCU → BOM → BLR,20:00,08:15,12:15,1,No Info,14388,6,05,2019,20,00,08,15,12,15
IndiGo,9/03/2019,Chennai,Kolkata,MAA → CCU,11:35,14:00,2:25,0,No Info,6297,9,03,2019,11,35,14,00,2,25
Jet Airways,12/05/2019,Banglore,Delhi,BLR → DEL,19:50,22:50,3h,0,No Info,7229,12,05,2019,19,50,22,50,3h,
Jet Airways,6/03/2019,Delhi,Cochin,DEL → AMD → BOM → COK,19:10,04:25,33:15,2,No Info,20694,6,03,2019,19,10,04,25,33,15
Air Asia,21/06/2019,Banglore,Delhi,BLR → DEL,04:55,07:45,2:50,0,No Info,4282,21,06,2019,04,55,07,45,2,50
Multiple carriers,18/05/2019,Delhi,Cochin,DEL → BOM → COK,11:30,01:30,14h,1,No Info,13727,18,05,2019,11,30,01,30,14h,
Multiple carriers,15/06/2019,Delhi,Cochin,DEL → BOM → COK,11:25,19:15,7:50,1,No Info,8614,15,06,2019,11,25,19,15,7,50
Multiple carriers,21/03/2019,Delhi,Cochin,DEL → BOM → COK,18:00,01:35,7:35,1,No Info,7363,21,03,2019,18,00,01,35,7,35
Air India,15/05/2019,Delhi,Cochin,DEL → GOI → BOM → COK,22:00,19:15,21:15,2,No Info,11281,15,05,2019,22,00,19,15,21,15
GoAir,18/05/2019,Banglore,Delhi,BLR → DEL,11:40,14:30,2:50,0,No Info,4340,18,05,2019,11,40,14,30,2,50
IndiGo,9/03/2019,Kolkata,Banglore,CCU → BLR,17:15,19:55,2:40,0,No Info,4778,9,03,2019,17,15,19,55,2,40
Jet Airways,27/05/2019,Delhi,Cochin,DEL → BOM → COK,11:30,12:35,25:5,1,In-flight meal not included,12898,27,05,2019,11,30,12,35,25,5
IndiGo,15/04/2019,Delhi,Cochin,DEL → HYD → COK,08:35,16:10,7:35,1,No Info,6442,15,04,2019,08,35,16,10,7,35
Jet Airways,24/06/2019,Delhi,Cochin,DEL → BOM → COK,11:30,19:00,7:30,1,No Info,14714,24,06,2019,11,30,19,00,7,30
Multiple carriers,27/06/2019,Delhi,Cochin,DEL → HYD → COK,13:15,22:30,9:15,1,No Info,8018,27,06,2019,13,15,22,30,9,15
Air India,6/05/2019,Kolkata,Banglore,CCU → BLR,20:45,23:20,2:35,0,No Info,4145,6,05,2019,20,45,23,20,2,35
IndiGo,9/05/2019,Mumbai,Hyderabad,BOM → HYD,16:55,18:25,1:30,0,No Info,4784,9,05,2019,16,55,18,25,1,30
Air India,12/03/2019,Banglore,New Delhi,BLR → MAA → DEL,11:50,19:50,8h,1,No Info,11707,12,03,2019,11,50,19,50,8h,
SpiceJet,21/03/2019,Kolkata,Banglore,CCU → BLR,17:15,19:45,2:30,0,No check-in baggage included,3815,21,03,2019,17,15,19,45,2,30
Air India,01/03/2019,Banglore,New Delhi,BLR → COK → DEL,22:00,13:20,15:20,1,No Info,21130,01,03,2019,22,00,13,20,15,20
Jet Airways,6/03/2019,Delhi,Cochin,DEL → BOM → COK,13:00,18:50,5:50,1,No Info,17024,6,03,2019,13,00,18,50,5,50
SpiceJet,21/06/2019,Kolkata,Banglore,CCU → BLR,09:00,11:25,2:25,0,No Info,3873,21,06,2019,09,00,11,25,2,25
Jet Airways,6/06/2019,Kolkata,Banglore,CCU → DEL → BLR,17:00,19:10,26:10,1,No Info,14151,6,06,2019,17,00,19,10,26,10
IndiGo,18/06/2019,Kolkata,Banglore,CCU → BLR,21:25,00:05,2:40,0,No Info,4804,18,06,2019,21,25,00,05,2,40
Jet Airways,27/05/2019,Delhi,Cochin,DEL → BOM → COK,07:05,04:25,21:20,1,In-flight meal not included,12898,27,05,2019,07,05,04,25,21,20
IndiGo,3/05/2019,Banglore,Delhi,BLR → DEL,22:10,01:00,2:50,0,No Info,4284,3,05,2019,22,10,01,00,2,50
Jet Airways,21/04/2019,Banglore,Delhi,BLR → DEL,08:20,11:20,3h,0,No Info,7229,21,04,2019,08,20,11,20,3h,
IndiGo,15/03/2019,Banglore,New Delhi,BLR → HYD → DEL,07:30,12:20,4:50,1,No Info,6114,15,03,2019,07,30,12,20,4,50
Multiple carriers,27/06/2019,Delhi,Cochin,DEL → BOM → COK,11:30,19:15,7:45,1,No Info,14848,27,06,2019,11,30,19,15,7,45
IndiGo,6/03/2019,Delhi,Cochin,DEL → BOM → COK,04:45,15:30,10:45,1,No Info,13611,6,03,2019,04,45,15,30,10,45
Jet Airways,12/06/2019,Banglore,Delhi,BLR → DEL,07:10,10:10,3h,0,No Info,8016,12,06,2019,07,10,10,10,3h,
Jet Airways,9/06/2019,Kolkata,Banglore,CCU → BOM → BLR,08:25,18:15,9:50,1,No Info,14571,9,06,2019,08,25,18,15,9,50
Jet Airways,27/05/2019,Delhi,Cochin,DEL → BOM → COK,09:00,19:00,10h,1,In-flight meal not included,10675,27,05,2019,09,00,19,00,10h,
IndiGo,21/05/2019,Delhi,Cochin,DEL → BOM → COK,04:55,11:50,6:55,1,No Info,6794,21,05,2019,04,55,11,50,6,55
Jet Airways,27/03/2019,Delhi,Cochin,DEL → BOM → COK,09:55,04:25,18:30,1,In-flight meal not included,6540,27,03,2019,09,55,04,25,18,30
Vistara,09/03/2019,Banglore,New Delhi,BLR → DEL,11:30,14:10,2:40,0,No Info,7240,09,03,2019,11,30,14,10,2,40
Air India,15/06/2019,Delhi,Cochin,DEL → HYD → MAA → COK,13:15,09:25,20:10,2,No Info,8839,15,06,2019,13,15,09,25,20,10
SpiceJet,6/06/2019,Kolkata,Banglore,CCU → BLR,09:00,11:25,2:25,0,No Info,3873,6,06,2019,09,00,11,25,2,25
Air India,6/06/2019,Delhi,Cochin,DEL → BHO → BOM → COK,20:00,19:15,23:15,2,No Info,11596,6,06,2019,20,00,19,15,23,15
Air India,21/03/2019,Delhi,Cochin,DEL → BOM → COK,08:00,19:15,11:15,1,No Info,7199,21,03,2019,08,00,19,15,11,15
Jet Airways,1/06/2019,Delhi,Cochin,DEL → BOM → COK,07:05,12:35,5:30,1,In-flight meal not included,12898,1,06,2019,07,05,12,35,5,30
Multiple carriers,1/06/2019,Delhi,Cochin,DEL → BOM → COK,08:45,19:00,10:15,1,No Info,12524,1,06,2019,08,45,19,00,10,15
Jet Airways,24/06/2019,Delhi,Cochin,DEL → JAI → BOM → COK,05:30,04:25,22:55,2,In-flight meal not included,10368,24,06,2019,05,30,04,25,22,55
Jet Airways,15/03/2019,Mumbai,Hyderabad,BOM → HYD,10:20,11:50,1:30,0,No Info,8040,15,03,2019,10,20,11,50,1,30
GoAir,3/04/2019,Delhi,Cochin,DEL → BOM → COK,10:35,19:35,9h,1,No Info,5135,3,04,2019,10,35,19,35,9h,
Air India,09/03/2019,Banglore,New Delhi,BLR → HYD → DEL,06:50,23:10,16:20,1,No Info,5626,09,03,2019,06,50,23,10,16,20
Air India,6/03/2019,Delhi,Cochin,DEL → BOM → COK,07:00,19:15,12:15,1,No Info,15809,6,03,2019,07,00,19,15,12,15
IndiGo,27/06/2019,Delhi,Cochin,DEL → HYD → COK,16:10,22:30,6:20,1,No Info,6412,27,06,2019,16,10,22,30,6,20
Jet Airways,1/06/2019,Delhi,Cochin,DEL → JDH → BOM → COK,11:40,19:00,7:20,2,No Info,18804,1,06,2019,11,40,19,00,7,20
IndiGo,1/04/2019,Mumbai,Hyderabad,BOM → HYD,21:20,22:50,1:30,0,No Info,2227,1,04,2019,21,20,22,50,1,30
Multiple carriers,6/03/2019,Delhi,Cochin,DEL → HYD → COK,07:05,22:20,15:15,1,No Info,6916,6,03,2019,07,05,22,20,15,15
Air India,27/06/2019,Mumbai,Hyderabad,BOM → HYD,21:05,22:25,1:20,0,No Info,3100,27,06,2019,21,05,22,25,1,20
Jet Airways,6/05/2019,Kolkata,Banglore,CCU → BOM → BLR,06:30,12:00,5:30,1,No Info,14388,6,05,2019,06,30,12,00,5,30
Multiple carriers,27/03/2019,Delhi,Cochin,DEL → BOM → COK,16:00,01:35,9:35,1,No Info,12327,27,03,2019,16,00,01,35,9,35
Jet Airways,3/06/2019,Delhi,Cochin,DEL → JAI → BOM → COK,19:30,04:25,8:55,2,No Info,13014,3,06,2019,19,30,04,25,8,55
Vistara,15/04/2019,Banglore,Delhi,BLR → DEL,09:45,12:35,2:50,0,No Info,5403,15,04,2019,09,45,12,35,2,50
Multiple carriers,9/03/2019,Delhi,Cochin,DEL → BOM → COK,08:40,21:00,12:20,1,No Info,18228,9,03,2019,08,40,21,00,12,20
Jet Airways,6/06/2019,Kolkata,Banglore,CCU → BOM → BLR,20:00,19:50,23:50,1,In-flight meal not included,10844,6,06,2019,20,00,19,50,23,50
Jet Airways,6/03/2019,Delhi,Cochin,DEL → BOM → COK,11:30,04:25,16:55,1,In-flight meal not included,13843,6,03,2019,11,30,04,25,16,55
SpiceJet,01/03/2019,Banglore,New Delhi,BLR → DEL,09:35,12:30,2:55,0,No Info,11690,01,03,2019,09,35,12,30,2,55
Vistara,1/05/2019,Kolkata,Banglore,CCU → DEL → BLR,17:00,09:05,16:5,1,No Info,8452,1,05,2019,17,00,09,05,16,5
Air India,27/05/2019,Delhi,Cochin,DEL → BOM → COK,20:00,19:15,23:15,1,No Info,8372,27,05,2019,20,00,19,15,23,15
Jet Airways,6/06/2019,Delhi,Cochin,DEL → BOM → COK,14:00,04:25,14:25,1,In-flight meal not included,10262,6,06,2019,14,00,04,25,14,25
Jet Airways,15/06/2019,Mumbai,Hyderabad,BOM → HYD,10:20,11:50,1:30,0,No Info,5678,15,06,2019,10,20,11,50,1,30
Jet Airways,12/05/2019,Kolkata,Banglore,CCU → DEL → BLR,20:25,09:45,13:20,1,No Info,14151,12,05,2019,20,25,09,45,13,20
Jet Airways,21/04/2019,Banglore,Delhi,BLR → DEL,18:55,22:00,3:5,0,In-flight meal not included,4544,21,04,2019,18,55,22,00,3,5
Jet Airways,12/06/2019,Kolkata,Banglore,CCU → DEL → BLR,09:35,14:25,28:50,1,No Info,12692,12,06,2019,09,35,14,25,28,50
Jet Airways,9/03/2019,Delhi,Cochin,DEL → IXC → BOM → COK,13:45,04:25,14:40,2,No Info,17019,9,03,2019,13,45,04,25,14,40
IndiGo,3/03/2019,Kolkata,Banglore,CCU → BLR,09:35,12:20,2:45,0,No Info,6565,3,03,2019,09,35,12,20,2,45
GoAir,27/03/2019,Delhi,Cochin,DEL → BOM → COK,07:00,12:50,5:50,1,No Info,5281,27,03,2019,07,00,12,50,5,50
Multiple carriers,9/06/2019,Delhi,Cochin,DEL → HYD → COK,07:05,16:10,9:5,1,No Info,9646,9,06,2019,07,05,16,10,9,5
IndiGo,6/03/2019,Mumbai,Hyderabad,BOM → HYD,02:30,04:00,1:30,0,No Info,3175,6,03,2019,02,30,04,00,1,30
Air India,27/06/2019,Delhi,Cochin,DEL → AMD → BOM → COK,19:45,19:15,23:30,2,No Info,9653,27,06,2019,19,45,19,15,23,30
Air India,6/03/2019,Delhi,Cochin,DEL → BOM → COK,23:00,07:40,8:40,1,No Info,14777,6,03,2019,23,00,07,40,8,40
Multiple carriers,12/06/2019,Delhi,Cochin,DEL → BOM → COK,04:55,19:15,14:20,1,No Info,7155,12,06,2019,04,55,19,15,14,20
SpiceJet,6/06/2019,Chennai,Kolkata,MAA → CCU,08:20,10:35,2:15,0,No check-in baggage included,3543,6,06,2019,08,20,10,35,2,15
IndiGo,9/05/2019,Kolkata,Banglore,CCU → BLR,09:35,12:20,2:45,0,No Info,4804,9,05,2019,09,35,12,20,2,45
IndiGo,3/03/2019,Delhi,Cochin,DEL → HYD → COK,06:40,12:00,5:20,1,No Info,9304,3,03,2019,06,40,12,00,5,20
IndiGo,15/04/2019,Banglore,Delhi,BLR → DEL,21:15,00:15,3h,0,No Info,3943,15,04,2019,21,15,00,15,3h,
IndiGo,1/06/2019,Delhi,Cochin,DEL → BLR → COK,17:05,22:25,5:20,1,No Info,7060,1,06,2019,17,05,22,25,5,20
Air India,15/06/2019,Banglore,Delhi,BLR → DEL,21:05,23:55,2:50,0,No Info,5228,15,06,2019,21,05,23,55,2,50
SpiceJet,24/06/2019,Chennai,Kolkata,MAA → CCU,08:20,10:35,2:15,0,No Info,3597,24,06,2019,08,20,10,35,2,15
SpiceJet,3/04/2019,Banglore,Delhi,BLR → DEL,21:10,00:05,2:55,0,No Info,3971,3,04,2019,21,10,00,05,2,55
Multiple carriers,6/05/2019,Delhi,Cochin,DEL → BOM → COK,13:00,21:00,8h,1,No Info,13727,6,05,2019,13,00,21,00,8h,
Jet Airways,1/04/2019,Kolkata,Banglore,CCU → DEL → BLR,20:25,22:05,25:40,1,No Info,12121,1,04,2019,20,25,22,05,25,40
Jet Airways,3/06/2019,Delhi,Cochin,DEL → BOM → COK,19:15,19:00,23:45,1,In-flight meal not included,10262,3,06,2019,19,15,19,00,23,45
Jet Airways,1/06/2019,Delhi,Cochin,DEL → BOM → COK,14:00,12:35,22:35,1,In-flight meal not included,10262,1,06,2019,14,00,12,35,22,35
Jet Airways,1/06/2019,Delhi,Cochin,DEL → BOM → COK,19:45,04:25,8:40,1,No Info,14714,1,06,2019,19,45,04,25,8,40
Jet Airways,21/03/2019,Delhi,Cochin,DEL → AMD → BOM → COK,19:10,18:50,23:40,2,In-flight meal not included,8834,21,03,2019,19,10,18,50,23,40
Multiple carriers,21/03/2019,Delhi,Cochin,DEL → BOM → COK,04:45,12:35,7:50,1,No Info,9838,21,03,2019,04,45,12,35,7,50
IndiGo,18/05/2019,Kolkata,Banglore,CCU → HYD → BLR,15:15,20:05,4:50,1,No Info,4775,18,05,2019,15,15,20,05,4,50
IndiGo,3/05/2019,Banglore,Delhi,BLR → DEL,18:55,21:50,2:55,0,No Info,4823,3,05,2019,18,55,21,50,2,55
Air India,15/05/2019,Kolkata,Banglore,CCU → IXR → DEL → BLR,05:50,12:30,30:40,2,No Info,12723,15,05,2019,05,50,12,30,30,40
IndiGo,15/06/2019,Delhi,Cochin,DEL → BOM → COK,10:35,01:30,14:55,1,No Info,5883,15,06,2019,10,35,01,30,14,55
Vistara,24/05/2019,Kolkata,Banglore,CCU → DEL → BLR,17:00,20:20,27:20,1,No Info,9870,24,05,2019,17,00,20,20,27,20
Jet Airways,3/06/2019,Delhi,Cochin,DEL → BOM → COK,13:00,12:35,23:35,1,In-flight meal not included,10262,3,06,2019,13,00,12,35,23,35
Multiple carriers,9/06/2019,Delhi,Cochin,DEL → HYD → COK,07:10,16:10,9h,1,No Info,6513,9,06,2019,07,10,16,10,9h,
Air India,15/05/2019,Kolkata,Banglore,CCU → BOM → COK → BLR,16:50,13:45,20:55,2,No Info,15532,15,05,2019,16,50,13,45,20,55
Jet Airways,6/06/2019,Delhi,Cochin,DEL → BOM → COK,22:50,19:00,20:10,1,No Info,14714,6,06,2019,22,50,19,00,20,10
Vistara,18/05/2019,Kolkata,Banglore,CCU → DEL → BLR,20:20,10:45,14:25,1,No Info,9187,18,05,2019,20,20,10,45,14,25
Multiple carriers,6/06/2019,Delhi,Cochin,DEL → HYD → COK,14:55,22:30,7:35,1,No Info,7038,6,06,2019,14,55,22,30,7,35
Multiple carriers,6/06/2019,Delhi,Cochin,DEL → BOM → COK,14:00,21:00,7h,1,No Info,13587,6,06,2019,14,00,21,00,7h,
Jet Airways,3/06/2019,Banglore,Delhi,BLR → DEL,11:10,14:05,2:55,0,No Info,8016,3,06,2019,11,10,14,05,2,55
IndiGo,6/06/2019,Mumbai,Hyderabad,BOM → HYD,09:15,10:45,1:30,0,No Info,4049,6,06,2019,09,15,10,45,1,30
Jet Airways,6/03/2019,Mumbai,Hyderabad,BOM → HYD,07:10,08:35,1:25,0,No Info,9536,6,03,2019,07,10,08,35,1,25
Jet Airways,24/05/2019,Kolkata,Banglore,CCU → BOM → BLR,08:25,18:15,9:50,1,No Info,14571,24,05,2019,08,25,18,15,9,50
Jet Airways,6/06/2019,Delhi,Cochin,DEL → JDH → BOM → COK,11:40,19:00,7:20,2,In-flight meal not included,15812,6,06,2019,11,40,19,00,7,20
Air Asia,6/06/2019,Delhi,Cochin,DEL → BLR → COK,07:55,22:25,14:30,1,No Info,8759,6,06,2019,07,55,22,25,14,30
Air India,21/05/2019,Kolkata,Banglore,CCU → BBI → BOM → BLR,12:00,21:50,9:50,2,No Info,10151,21,05,2019,12,00,21,50,9,50
IndiGo,15/05/2019,Kolkata,Banglore,CCU → BLR,15:30,18:05,2:35,0,No Info,4804,15,05,2019,15,30,18,05,2,35
IndiGo,24/06/2019,Delhi,Cochin,DEL → BOM → COK,17:30,01:30,8h,1,No Info,6104,24,06,2019,17,30,01,30,8h,
Air India,6/05/2019,Kolkata,Banglore,CCU → BLR,14:15,16:45,2:30,0,No Info,5510,6,05,2019,14,15,16,45,2,30
IndiGo,9/05/2019,Delhi,Cochin,DEL → BLR → COK,17:05,22:25,5:20,1,No Info,6027,9,05,2019,17,05,22,25,5,20
SpiceJet,21/05/2019,Kolkata,Banglore,CCU → BLR,09:00,11:25,2:25,0,No Info,4174,21,05,2019,09,00,11,25,2,25
IndiGo,21/05/2019,Delhi,Cochin,DEL → BOM → COK,10:35,01:30,14:55,1,No Info,6794,21,05,2019,10,35,01,30,14,55
Air India,6/03/2019,Delhi,Cochin,DEL → BHO → BOM → COK,05:55,07:40,25:45,2,No Info,15428,6,03,2019,05,55,07,40,25,45
Jet Airways,6/05/2019,Kolkata,Banglore,CCU → BOM → BLR,20:00,19:50,23:50,1,No Info,14388,6,05,2019,20,00,19,50,23,50
IndiGo,21/05/2019,Delhi,Cochin,DEL → BOM → COK,15:00,01:30,10:30,1,No Info,6896,21,05,2019,15,00,01,30,10,30
IndiGo,21/03/2019,Banglore,New Delhi,BLR → DEL,18:25,21:20,2:55,0,No Info,6144,21,03,2019,18,25,21,20,2,55
Jet Airways,06/03/2019,Banglore,New Delhi,BLR → BOM → DEL,22:50,05:05,6:15,1,No Info,19225,06,03,2019,22,50,05,05,6,15
Air India,9/05/2019,Kolkata,Banglore,CCU → GAU → DEL → BLR,16:45,08:55,16:10,2,No Info,13227,9,05,2019,16,45,08,55,16,10
Jet Airways,27/03/2019,Delhi,Cochin,DEL → IDR → BOM → COK,05:25,04:25,23h,2,No Info,11664,27,03,2019,05,25,04,25,23h,
Jet Airways,12/05/2019,Kolkata,Banglore,CCU → BOM → BLR,18:55,18:15,23:20,1,In-flight meal not included,10844,12,05,2019,18,55,18,15,23,20
Jet Airways,6/06/2019,Kolkata,Banglore,CCU → BOM → BLR,21:10,04:40,7:30,1,In-flight meal not included,7757,6,06,2019,21,10,04,40,7,30
IndiGo,12/05/2019,Mumbai,Hyderabad,BOM → HYD,19:05,20:35,1:30,0,No Info,2754,12,05,2019,19,05,20,35,1,30
Multiple carriers,27/05/2019,Delhi,Cochin,DEL → BOM → COK,07:00,21:00,14h,1,No Info,7618,27,05,2019,07,00,21,00,14h,
Jet Airways,12/05/2019,Kolkata,Banglore,CCU → BOM → BLR,16:30,23:35,7:5,1,No Info,14781,12,05,2019,16,30,23,35,7,5
IndiGo,15/04/2019,Banglore,Delhi,BLR → DEL,00:30,03:25,2:55,0,No Info,4284,15,04,2019,00,30,03,25,2,55
Multiple carriers,6/06/2019,Delhi,Cochin,DEL → BOM → COK,08:45,21:00,12:15,1,No Info,7740,6,06,2019,08,45,21,00,12,15
IndiGo,15/06/2019,Banglore,Delhi,BLR → DEL,01:30,04:15,2:45,0,No Info,3419,15,06,2019,01,30,04,15,2,45
Jet Airways,12/05/2019,Kolkata,Banglore,CCU → BOM → BLR,08:25,04:40,20:15,1,No Info,13941,12,05,2019,08,25,04,40,20,15
Air India,9/06/2019,Kolkata,Banglore,CCU → IXR → DEL → BLR,05:50,08:55,27:5,2,No Info,12723,9,06,2019,05,50,08,55,27,5
Jet Airways,12/06/2019,Delhi,Cochin,DEL → ATQ → BOM → COK,08:10,04:25,20:15,2,No Info,14300,12,06,2019,08,10,04,25,20,15
Air India,3/05/2019,Banglore,Delhi,BLR → DEL,10:00,12:45,2:45,0,No Info,6121,3,05,2019,10,00,12,45,2,45
Jet Airways,9/03/2019,Delhi,Cochin,DEL → BOM → COK,08:00,19:45,11:45,1,No Info,17549,9,03,2019,08,00,19,45,11,45
SpiceJet,27/03/2019,Mumbai,Hyderabad,BOM → HYD,22:45,00:10,1:25,0,No Info,1759,27,03,2019,22,45,00,10,1,25
IndiGo,12/05/2019,Banglore,Delhi,BLR → DEL,06:05,08:50,2:45,0,No Info,4423,12,05,2019,06,05,08,50,2,45
Jet Airways,9/04/2019,Banglore,Delhi,BLR → DEL,07:10,10:10,3h,0,In-flight meal not included,4544,9,04,2019,07,10,10,10,3h,
Multiple carriers,3/06/2019,Delhi,Cochin,DEL → BOM → COK,08:00,19:00,11h,1,No Info,12402,3,06,2019,08,00,19,00,11h,
Jet Airways,1/05/2019,Kolkata,Banglore,CCU → BOM → BLR,08:25,09:20,24:55,1,In-flight meal not included,9663,1,05,2019,08,25,09,20,24,55
Jet Airways,1/04/2019,Kolkata,Banglore,CCU → BOM → BLR,20:00,22:35,26:35,1,No Info,12681,1,04,2019,20,00,22,35,26,35
Air India,1/04/2019,Delhi,Cochin,DEL → MAA → COK,09:45,09:25,23:40,1,No Info,5117,1,04,2019,09,45,09,25,23,40
Jet Airways,21/05/2019,Delhi,Cochin,DEL → BOM → COK,13:00,12:35,23:35,1,In-flight meal not included,12898,21,05,2019,13,00,12,35,23,35
Jet Airways,6/05/2019,Kolkata,Banglore,CCU → BOM → BLR,06:30,08:15,25:45,1,No Info,13941,6,05,2019,06,30,08,15,25,45
Jet Airways,21/05/2019,Banglore,Delhi,BLR → DEL,06:00,08:45,2:45,0,In-flight meal not included,4030,21,05,2019,06,00,08,45,2,45
IndiGo,1/03/2019,Mumbai,Hyderabad,BOM → HYD,06:20,07:45,1:25,0,No Info,17501,1,03,2019,06,20,07,45,1,25
Jet Airways,12/06/2019,Kolkata,Banglore,CCU → BOM → BLR,14:05,09:20,19:15,1,In-flight meal not included,8529,12,06,2019,14,05,09,20,19,15
Multiple carriers,15/05/2019,Delhi,Cochin,DEL → BOM → COK,10:00,01:30,15:30,1,No Info,8073,15,05,2019,10,00,01,30,15,30
Air India,9/05/2019,Delhi,Cochin,DEL → JAI → BOM → COK,18:45,19:15,24:30,2,No Info,11942,9,05,2019,18,45,19,15,24,30
Jet Airways,21/03/2019,Delhi,Cochin,DEL → JAI → BOM → COK,05:30,18:50,13:20,2,No Info,11702,21,03,2019,05,30,18,50,13,20
IndiGo,3/06/2019,Delhi,Cochin,DEL → HYD → COK,08:35,16:10,7:35,1,No Info,6442,3,06,2019,08,35,16,10,7,35
IndiGo,24/06/2019,Kolkata,Banglore,CCU → BLR,09:35,12:20,2:45,0,No Info,4804,24,06,2019,09,35,12,20,2,45
IndiGo,1/04/2019,Banglore,Delhi,BLR → DEL,08:30,11:20,2:50,0,No Info,4823,1,04,2019,08,30,11,20,2,50
Multiple carriers,12/06/2019,Delhi,Cochin,DEL → BOM → COK,08:50,19:00,10:10,1,No Info,10877,12,06,2019,08,50,19,00,10,10
Air India,9/06/2019,Kolkata,Banglore,CCU → BBI → BOM → BLR,12:00,18:30,30:30,2,No Info,10151,9,06,2019,12,00,18,30,30,30
Air India,21/06/2019,Delhi,Cochin,DEL → COK,05:10,08:00,2:50,0,No Info,5201,21,06,2019,05,10,08,00,2,50
Jet Airways,15/05/2019,Kolkata,Banglore,CCU → DEL → BLR,09:35,18:00,8:25,1,No Info,13067,15,05,2019,09,35,18,00,8,25
IndiGo,24/03/2019,Mumbai,Hyderabad,BOM → HYD,02:30,04:00,1:30,0,No Info,2754,24,03,2019,02,30,04,00,1,30
Air India,15/05/2019,Kolkata,Banglore,CCU → BOM → BLR,09:25,21:50,12:25,1,No Info,8366,15,05,2019,09,25,21,50,12,25
Jet Airways,21/05/2019,Kolkata,Banglore,CCU → BOM → BLR,18:55,19:50,24:55,1,In-flight meal not included,10844,21,05,2019,18,55,19,50,24,55
Vistara,18/06/2019,Banglore,Delhi,BLR → DEL,17:00,19:35,2:35,0,No Info,4878,18,06,2019,17,00,19,35,2,35
Air India,21/05/2019,Delhi,Cochin,DEL → GOI → BOM → COK,22:00,19:15,21:15,2,No Info,10231,21,05,2019,22,00,19,15,21,15
Jet Airways,15/06/2019,Delhi,Cochin,DEL → IDR → BOM → COK,05:30,04:25,22:55,2,No Info,13292,15,06,2019,05,30,04,25,22,55
IndiGo,12/06/2019,Kolkata,Banglore,CCU → BLR,11:30,14:05,2:35,0,No Info,4804,12,06,2019,11,30,14,05,2,35
Air India,12/06/2019,Delhi,Cochin,DEL → COK,14:10,17:10,3h,0,No Info,5201,12,06,2019,14,10,17,10,3h,
Jet Airways,1/06/2019,Delhi,Cochin,DEL → JAI → BOM → COK,19:30,04:25,8:55,2,In-flight meal not included,10368,1,06,2019,19,30,04,25,8,55
Vistara,6/06/2019,Kolkata,Banglore,CCU → DEL → BLR,20:20,18:50,22:30,1,No Info,8820,6,06,2019,20,20,18,50,22,30
Jet Airways,18/03/2019,Mumbai,Hyderabad,BOM → HYD,10:20,11:50,1:30,0,In-flight meal not included,4160,18,03,2019,10,20,11,50,1,30
Air India,15/05/2019,Kolkata,Banglore,CCU → BOM → BLR,09:25,18:30,9:5,1,No Info,8891,15,05,2019,09,25,18,30,9,5
Jet Airways,6/06/2019,Kolkata,Banglore,CCU → DEL → BLR,17:00,14:25,21:25,1,In-flight meal not included,10539,6,06,2019,17,00,14,25,21,25
SpiceJet,1/04/2019,Banglore,Delhi,BLR → DEL,05:55,08:35,2:40,0,No Info,3971,1,04,2019,05,55,08,35,2,40
IndiGo,27/06/2019,Delhi,Cochin,DEL → BOM → COK,07:30,21:00,13:30,1,No Info,6093,27,06,2019,07,30,21,00,13,30
Multiple carriers,15/05/2019,Delhi,Cochin,DEL → BOM → COK,12:50,19:15,6:25,1,No Info,8266,15,05,2019,12,50,19,15,6,25
Air India,18/05/2019,Delhi,Cochin,DEL → MAA → COK,12:30,09:25,20:55,1,No Info,7480,18,05,2019,12,30,09,25,20,55
Jet Airways,1/06/2019,Delhi,Cochin,DEL → BOM → COK,18:15,04:25,10:10,1,In-flight meal not included,10262,1,06,2019,18,15,04,25,10,10
Air India,12/06/2019,Delhi,Cochin,DEL → BLR → COK,20:30,23:00,26:30,1,No Info,8907,12,06,2019,20,30,23,00,26,30
Multiple carriers,27/06/2019,Delhi,Cochin,DEL → BOM → COK,08:45,19:00,10:15,1,No Info,11789,27,06,2019,08,45,19,00,10,15
Multiple carriers,3/03/2019,Delhi,Cochin,DEL → BOM → COK,11:30,18:50,7:20,1,No Info,15135,3,03,2019,11,30,18,50,7,20
Multiple carriers,18/05/2019,Delhi,Cochin,DEL → BOM → COK,08:30,19:15,10:45,1,No Info,7887,18,05,2019,08,30,19,15,10,45
IndiGo,15/05/2019,Delhi,Cochin,DEL → HYD → COK,05:05,12:10,7:5,1,No Info,6818,15,05,2019,05,05,12,10,7,5
IndiGo,9/03/2019,Chennai,Kolkata,MAA → CCU,05:15,07:35,2:20,0,No Info,6482,9,03,2019,05,15,07,35,2,20
Multiple carriers,21/05/2019,Delhi,Cochin,DEL → BOM → COK,09:00,21:00,12h,1,No Info,7888,21,05,2019,09,00,21,00,12h,
Jet Airways,24/03/2019,Kolkata,Banglore,CCU → BOM → BLR,08:25,04:45,20:20,1,No Info,13759,24,03,2019,08,25,04,45,20,20
Jet Airways,27/06/2019,Delhi,Cochin,DEL → BOM → COK,08:00,19:00,11h,1,In-flight meal not included,10262,27,06,2019,08,00,19,00,11h,
Jet Airways,9/06/2019,Delhi,Cochin,DEL → NAG → BOM → COK,14:35,04:25,13:50,2,No Info,13376,9,06,2019,14,35,04,25,13,50
Multiple carriers,15/05/2019,Delhi,Cochin,DEL → BOM → COK,10:00,19:00,9h,1,No Info,10197,15,05,2019,10,00,19,00,9h,
Multiple carriers,18/05/2019,Delhi,Cochin,DEL → BOM → COK,11:25,19:15,7:50,1,No Info,7997,18,05,2019,11,25,19,15,7,50
Air India,3/04/2019,Delhi,Cochin,DEL → MAA → COK,17:20,09:25,16:5,1,No Info,5117,3,04,2019,17,20,09,25,16,5
Jet Airways,9/05/2019,Delhi,Cochin,DEL → BOM → COK,10:00,19:00,9h,1,In-flight meal not included,12373,9,05,2019,10,00,19,00,9h,
Multiple carriers,9/06/2019,Delhi,Cochin,DEL → BOM → COK,12:50,01:30,12:40,1,No Info,6795,9,06,2019,12,50,01,30,12,40
Jet Airways,27/06/2019,Banglore,Delhi,BLR → DEL,18:55,22:00,3:5,0,In-flight meal not included,7229,27,06,2019,18,55,22,00,3,5
Air India,24/03/2019,Mumbai,Hyderabad,BOM → HYD,13:55,15:25,1:30,0,No Info,2575,24,03,2019,13,55,15,25,1,30
Air India,24/05/2019,Kolkata,Banglore,CCU → GAU → BLR,09:50,21:05,11:15,1,No Info,7662,24,05,2019,09,50,21,05,11,15
Air India,18/05/2019,Kolkata,Banglore,CCU → BOM → BLR,09:25,21:50,12:25,1,No Info,8366,18,05,2019,09,25,21,50,12,25
Jet Airways,18/05/2019,Kolkata,Banglore,CCU → BOM → BLR,08:25,20:45,12:20,1,In-flight meal not included,10844,18,05,2019,08,25,20,45,12,20
IndiGo,6/06/2019,Chennai,Kolkata,MAA → CCU,05:15,07:40,2:25,0,No Info,3540,6,06,2019,05,15,07,40,2,25
Multiple carriers,3/03/2019,Delhi,Cochin,DEL → BOM → COK,10:00,01:35,15:35,1,No Info,16863,3,03,2019,10,00,01,35,15,35
Air India,3/05/2019,Banglore,Delhi,BLR → DEL,21:05,23:55,2:50,0,No Info,6121,3,05,2019,21,05,23,55,2,50
IndiGo,09/03/2019,Banglore,New Delhi,BLR → MAA → DEL,06:25,11:30,5:5,1,No Info,8434,09,03,2019,06,25,11,30,5,5
Jet Airways,21/05/2019,Kolkata,Banglore,CCU → DEL → BLR,17:00,23:35,6:35,1,No Info,14151,21,05,2019,17,00,23,35,6,35
Jet Airways,6/06/2019,Delhi,Cochin,DEL → BHO → BOM → COK,05:30,12:35,7:5,2,No Info,14441,6,06,2019,05,30,12,35,7,5
GoAir,1/06/2019,Banglore,Delhi,BLR → DEL,11:40,14:30,2:50,0,No Info,3898,1,06,2019,11,40,14,30,2,50
Jet Airways,9/04/2019,Delhi,Cochin,DEL → AMD → BOM → COK,23:05,12:35,13:30,2,No Info,9483,9,04,2019,23,05,12,35,13,30
Air Asia,12/04/2019,Banglore,Delhi,BLR → DEL,04:55,07:45,2:50,0,No Info,4282,12,04,2019,04,55,07,45,2,50
Jet Airways,3/06/2019,Banglore,Delhi,BLR → DEL,17:45,20:45,3h,0,In-flight meal not included,6478,3,06,2019,17,45,20,45,3h,
Jet Airways,6/03/2019,Delhi,Cochin,DEL → AMD → BOM → COK,19:10,04:25,33:15,2,No Info,16809,6,03,2019,19,10,04,25,33,15
Jet Airways,9/05/2019,Delhi,Cochin,DEL → AMD → BOM → COK,13:25,12:35,23:10,2,No Info,16704,9,05,2019,13,25,12,35,23,10
GoAir,24/06/2019,Banglore,Delhi,BLR → DEL,07:45,10:40,2:55,0,No Info,3898,24,06,2019,07,45,10,40,2,55
Jet Airways,12/03/2019,Banglore,New Delhi,BLR → BDQ → DEL,05:50,12:20,6:30,1,No Info,11297,12,03,2019,05,50,12,20,6,30
IndiGo,27/05/2019,Kolkata,Banglore,CCU → BLR,14:25,16:55,2:30,0,No Info,5224,27,05,2019,14,25,16,55,2,30
IndiGo,6/04/2019,Banglore,Delhi,BLR → DEL,18:55,21:50,2:55,0,No Info,4823,6,04,2019,18,55,21,50,2,55
IndiGo,3/03/2019,Delhi,Cochin,DEL → BOM → COK,04:45,15:30,10:45,1,No Info,14871,3,03,2019,04,45,15,30,10,45
Air India,27/06/2019,Delhi,Cochin,DEL → MAA → COK,09:45,09:25,23:40,1,No Info,7480,27,06,2019,09,45,09,25,23,40
IndiGo,3/05/2019,Kolkata,Banglore,CCU → BLR,11:30,14:05,2:35,0,No Info,5224,3,05,2019,11,30,14,05,2,35
Multiple carriers,24/04/2019,Delhi,Cochin,DEL → HYD → COK,07:10,16:10,9h,1,In-flight meal not included,6093,24,04,2019,07,10,16,10,9h,
IndiGo,27/06/2019,Mumbai,Hyderabad,BOM → HYD,19:05,20:35,1:30,0,No Info,2754,27,06,2019,19,05,20,35,1,30
IndiGo,1/06/2019,Mumbai,Hyderabad,BOM → HYD,20:05,21:40,1:35,0,No Info,2227,1,06,2019,20,05,21,40,1,35
Jet Airways,6/05/2019,Kolkata,Banglore,CCU → BOM → BLR,06:30,18:15,11:45,1,No Info,14781,6,05,2019,06,30,18,15,11,45
GoAir,1/05/2019,Banglore,Delhi,BLR → DEL,07:45,10:40,2:55,0,No Info,3898,1,05,2019,07,45,10,40,2,55
Vistara,24/05/2019,Kolkata,Banglore,CCU → DEL → BLR,07:10,22:40,15:30,1,No Info,9397,24,05,2019,07,10,22,40,15,30
Vistara,12/06/2019,Kolkata,Banglore,CCU → DEL → BLR,07:10,10:45,27:35,1,No Info,8452,12,06,2019,07,10,10,45,27,35
IndiGo,3/04/2019,Banglore,Delhi,BLR → DEL,23:30,02:20,2:50,0,No Info,4591,3,04,2019,23,30,02,20,2,50
IndiGo,1/04/2019,Kolkata,Banglore,CCU → PNQ → BLR,21:00,02:15,5:15,1,No Info,5930,1,04,2019,21,00,02,15,5,15
Air India,6/05/2019,Kolkata,Banglore,CCU → IXR → DEL → BLR,05:50,20:25,14:35,2,No Info,10991,6,05,2019,05,50,20,25,14,35
SpiceJet,3/03/2019,Kolkata,Banglore,CCU → BLR,06:55,09:35,2:40,0,No Info,4622,3,03,2019,06,55,09,35,2,40
Jet Airways,6/06/2019,Delhi,Cochin,DEL → BOM → COK,11:30,19:00,7:30,1,No Info,14714,6,06,2019,11,30,19,00,7,30
IndiGo,18/06/2019,Banglore,Delhi,BLR → DEL,08:30,11:20,2:50,0,No Info,4823,18,06,2019,08,30,11,20,2,50
Jet Airways,18/03/2019,Mumbai,Hyderabad,BOM → HYD,02:55,04:25,1:30,0,In-flight meal not included,2228,18,03,2019,02,55,04,25,1,30
Jet Airways,6/05/2019,Kolkata,Banglore,CCU → DEL → BLR,17:00,23:35,6:35,1,In-flight meal not included,10703,6,05,2019,17,00,23,35,6,35
Vistara,3/05/2019,Banglore,Delhi,BLR → DEL,17:00,19:35,2:35,0,No Info,5613,3,05,2019,17,00,19,35,2,35
Jet Airways,24/03/2019,Kolkata,Banglore,CCU → BOM → BLR,06:30,18:10,11:40,1,No Info,13759,24,03,2019,06,30,18,10,11,40
IndiGo,12/06/2019,Banglore,Delhi,BLR → DEL,13:00,15:50,2:50,0,No Info,3943,12,06,2019,13,00,15,50,2,50
IndiGo,21/03/2019,Banglore,New Delhi,BLR → DEL,00:40,03:25,2:45,0,No Info,4944,21,03,2019,00,40,03,25,2,45
Jet Airways,24/06/2019,Delhi,Cochin,DEL → BOM → COK,14:00,19:00,5h,1,In-flight meal not included,10262,24,06,2019,14,00,19,00,5h,
SpiceJet,6/06/2019,Kolkata,Banglore,CCU → KNU → BLR,11:35,18:50,7:15,1,No Info,8479,6,06,2019,11,35,18,50,7,15
IndiGo,3/06/2019,Delhi,Cochin,DEL → HYD → COK,07:35,16:10,8:35,1,No Info,7514,3,06,2019,07,35,16,10,8,35
Air India,6/05/2019,Delhi,Cochin,DEL → COK,14:10,17:10,3h,0,No Info,6934,6,05,2019,14,10,17,10,3h,
Jet Airways,12/05/2019,Kolkata,Banglore,CCU → BOM → BLR,18:55,12:00,17:5,1,In-flight meal not included,9663,12,05,2019,18,55,12,00,17,5
Multiple carriers,21/03/2019,Delhi,Cochin,DEL → BOM → COK,10:00,21:00,11h,1,In-flight meal not included,8085,21,03,2019,10,00,21,00,11h,
Vistara,9/03/2019,Delhi,Cochin,DEL → COK,06:00,09:10,3:10,0,No Info,7266,9,03,2019,06,00,09,10,3,10
IndiGo,3/06/2019,Delhi,Cochin,DEL → BLR → COK,17:05,22:25,5:20,1,No Info,6493,3,06,2019,17,05,22,25,5,20
Jet Airways,27/06/2019,Delhi,Cochin,DEL → BOM → COK,10:00,19:00,9h,1,No Info,14714,27,06,2019,10,00,19,00,9h,
Multiple carriers,21/05/2019,Delhi,Cochin,DEL → BOM → COK,19:00,01:30,6:30,1,No Info,7485,21,05,2019,19,00,01,30,6,30
Jet Airways,6/06/2019,Delhi,Cochin,DEL → BOM → COK,13:00,04:25,15:25,1,In-flight meal not included,10262,6,06,2019,13,00,04,25,15,25
Vistara,21/03/2019,Banglore,New Delhi,BLR → DEL,09:50,12:35,2:45,0,No Info,4878,21,03,2019,09,50,12,35,2,45
Multiple carriers,12/06/2019,Delhi,Cochin,DEL → BOM → COK,19:00,01:30,6:30,1,No Info,7198,12,06,2019,19,00,01,30,6,30
Jet Airways,06/03/2019,Banglore,New Delhi,BLR → BOM → DEL,16:55,09:00,16:5,1,No Info,17261,06,03,2019,16,55,09,00,16,5
Jet Airways,12/06/2019,Kolkata,Banglore,CCU → BOM → BLR,20:00,08:15,12:15,1,No Info,13044,12,06,2019,20,00,08,15,12,15
Jet Airways,27/06/2019,Delhi,Cochin,DEL → BOM → COK,17:30,19:00,25:30,1,In-flight meal not included,10262,27,06,2019,17,30,19,00,25,30
Multiple carriers,15/06/2019,Delhi,Cochin,DEL → BOM → COK,06:40,19:15,12:35,1,No Info,8614,15,06,2019,06,40,19,15,12,35
Jet Airways,27/03/2019,Delhi,Cochin,DEL → BOM → COK,16:00,19:45,27:45,1,No Info,12032,27,03,2019,16,00,19,45,27,45
Jet Airways,18/03/2019,Banglore,New Delhi,BLR → BOM → DEL,07:00,13:15,6:15,1,No Info,12284,18,03,2019,07,00,13,15,6,15
GoAir,27/05/2019,Banglore,Delhi,BLR → DEL,07:45,10:40,2:55,0,No Info,3419,27,05,2019,07,45,10,40,2,55
IndiGo,21/03/2019,Delhi,Cochin,DEL → HYD → COK,16:10,22:20,6:10,1,No Info,6528,21,03,2019,16,10,22,20,6,10
Vistara,24/03/2019,Banglore,New Delhi,BLR → DEL,07:00,09:40,2:40,0,No Info,5403,24,03,2019,07,00,09,40,2,40
Jet Airways,27/05/2019,Delhi,Cochin,DEL → BOM → COK,11:30,19:00,7:30,1,In-flight meal not included,9732,27,05,2019,11,30,19,00,7,30
IndiGo,15/04/2019,Delhi,Cochin,DEL → HYD → COK,06:50,12:10,5:20,1,No Info,5761,15,04,2019,06,50,12,10,5,20
Air India,6/06/2019,Kolkata,Banglore,CCU → DEL → AMD → BLR,07:00,05:25,22:25,2,No Info,12009,6,06,2019,07,00,05,25,22,25
Jet Airways,18/05/2019,Kolkata,Banglore,CCU → BOM → BLR,05:45,08:15,26:30,1,In-flight meal not included,8586,18,05,2019,05,45,08,15,26,30
Jet Airways,24/05/2019,Banglore,Delhi,BLR → DEL,17:45,20:45,3h,0,In-flight meal not included,6144,24,05,2019,17,45,20,45,3h,
SpiceJet,24/05/2019,Banglore,Delhi,BLR → DEL,05:55,08:35,2:40,0,No check-in baggage included,3257,24,05,2019,05,55,08,35,2,40
Multiple carriers,9/05/2019,Delhi,Cochin,DEL → BOM → COK,17:45,01:30,7:45,1,No Info,9021,9,05,2019,17,45,01,30,7,45
Jet Airways,3/06/2019,Delhi,Cochin,DEL → BOM → COK,11:30,12:35,25:5,1,In-flight meal not included,10262,3,06,2019,11,30,12,35,25,5
Air India,6/03/2019,Mumbai,Hyderabad,BOM → AMD → ISK → HYD,05:30,14:50,9:20,2,No Info,13757,6,03,2019,05,30,14,50,9,20
IndiGo,15/03/2019,Delhi,Cochin,DEL → COK,14:30,17:35,3:5,0,No Info,5895,15,03,2019,14,30,17,35,3,5
Jet Airways,21/05/2019,Kolkata,Banglore,CCU → BOM → BLR,18:55,04:40,9:45,1,In-flight meal not included,9663,21,05,2019,18,55,04,40,9,45
Air India,9/05/2019,Delhi,Cochin,DEL → TRV → COK,05:15,06:50,25:35,1,No Info,6587,9,05,2019,05,15,06,50,25,35
SpiceJet,6/05/2019,Banglore,Delhi,BLR → DEL,05:55,08:35,2:40,0,No Info,3311,6,05,2019,05,55,08,35,2,40
SpiceJet,18/05/2019,Delhi,Cochin,DEL → MAA → COK,06:05,11:20,5:15,1,No Info,6297,18,05,2019,06,05,11,20,5,15
Jet Airways,12/05/2019,Kolkata,Banglore,CCU → BOM → BLR,18:55,19:50,24:55,1,In-flight meal not included,10844,12,05,2019,18,55,19,50,24,55
IndiGo,27/05/2019,Mumbai,Hyderabad,BOM → HYD,09:10,10:40,1:30,0,No Info,4049,27,05,2019,09,10,10,40,1,30
Air India,3/06/2019,Banglore,Delhi,BLR → DEL,13:20,16:10,2:50,0,No Info,6961,3,06,2019,13,20,16,10,2,50
SpiceJet,27/03/2019,Chennai,Kolkata,MAA → CCU,08:20,10:35,2:15,0,No Info,3384,27,03,2019,08,20,10,35,2,15
Jet Airways,9/05/2019,Delhi,Cochin,DEL → JAI → BOM → COK,09:40,12:35,26:55,2,In-flight meal not included,13029,9,05,2019,09,40,12,35,26,55
SpiceJet,6/05/2019,Chennai,Kolkata,MAA → CCU,08:20,10:35,2:15,0,No check-in baggage included,3859,6,05,2019,08,20,10,35,2,15
Air India,12/06/2019,Delhi,Cochin,DEL → JAI → BOM → COK,18:45,19:15,24:30,2,No Info,11732,12,06,2019,18,45,19,15,24,30
Multiple carriers,6/06/2019,Delhi,Cochin,DEL → BOM → COK,08:45,19:00,10:15,1,No Info,12524,6,06,2019,08,45,19,00,10,15
Jet Airways,18/03/2019,Banglore,New Delhi,BLR → BOM → DEL,07:00,12:25,5:25,1,No Info,12284,18,03,2019,07,00,12,25,5,25
Jet Airways,15/06/2019,Delhi,Cochin,DEL → BOM → COK,02:15,12:35,10:20,1,In-flight meal not included,10262,15,06,2019,02,15,12,35,10,20
Jet Airways,24/06/2019,Delhi,Cochin,DEL → BHO → BOM → COK,05:30,12:35,7:5,2,In-flight meal not included,13344,24,06,2019,05,30,12,35,7,5
Jet Airways,18/04/2019,Banglore,Delhi,BLR → DEL,17:45,20:45,3h,0,No Info,7229,18,04,2019,17,45,20,45,3h,
Air India,12/06/2019,Kolkata,Banglore,CCU → GAU → DEL → BLR,09:50,08:55,23:5,2,No Info,14960,12,06,2019,09,50,08,55,23,5
Air India,12/06/2019,Delhi,Cochin,DEL → CCU → BOM → COK,06:50,07:40,24:50,2,No Info,13381,12,06,2019,06,50,07,40,24,50
Multiple carriers,6/03/2019,Delhi,Cochin,DEL → BOM → COK,12:50,01:35,12:45,1,No Info,15147,6,03,2019,12,50,01,35,12,45
Jet Airways,6/05/2019,Kolkata,Banglore,CCU → BOM → BLR,06:30,04:40,22:10,1,In-flight meal not included,8586,6,05,2019,06,30,04,40,22,10
IndiGo,6/05/2019,Delhi,Cochin,DEL → HYD → COK,14:20,22:30,8:10,1,No Info,7054,6,05,2019,14,20,22,30,8,10
Air Asia,18/03/2019,Kolkata,Banglore,CCU → BLR,22:50,01:20,2:30,0,No Info,4082,18,03,2019,22,50,01,20,2,30
Jet Airways,21/05/2019,Delhi,Cochin,DEL → JAI → BOM → COK,09:40,19:00,9:20,2,In-flight meal not included,13029,21,05,2019,09,40,19,00,9,20
Jet Airways,1/04/2019,Kolkata,Banglore,CCU → BOM → BLR,16:30,22:35,6:5,1,In-flight meal not included,7064,1,04,2019,16,30,22,35,6,5
Air India,21/03/2019,Banglore,New Delhi,BLR → HYD → DEL,08:15,08:50,24:35,1,No Info,4943,21,03,2019,08,15,08,50,24,35
Jet Airways,3/05/2019,Banglore,Delhi,BLR → DEL,07:10,10:10,3h,0,No Info,7229,3,05,2019,07,10,10,10,3h,
Air India,12/05/2019,Kolkata,Banglore,CCU → GAU → BLR,09:50,21:05,11:15,1,No Info,8450,12,05,2019,09,50,21,05,11,15
Jet Airways,9/05/2019,Delhi,Cochin,DEL → ATQ → BOM → COK,20:00,04:25,8:25,2,In-flight meal not included,15318,9,05,2019,20,00,04,25,8,25
IndiGo,3/05/2019,Kolkata,Banglore,CCU → BLR,21:25,00:05,2:40,0,No Info,4804,3,05,2019,21,25,00,05,2,40
Jet Airways,6/06/2019,Kolkata,Banglore,CCU → BOM → BLR,20:00,16:20,20:20,1,In-flight meal not included,10844,6,06,2019,20,00,16,20,20,20
IndiGo,1/04/2019,Mumbai,Hyderabad,BOM → HYD,16:55,18:25,1:30,0,No Info,3175,1,04,2019,16,55,18,25,1,30
Air India,27/06/2019,Delhi,Cochin,DEL → JDH → BOM → COK,12:55,19:15,30:20,2,No Info,12646,27,06,2019,12,55,19,15,30,20
Air India,1/04/2019,Kolkata,Banglore,CCU → DEL → BLR,20:30,12:00,15:30,1,No Info,7893,1,04,2019,20,30,12,00,15,30
Air India,24/05/2019,Banglore,Delhi,BLR → DEL,17:00,19:45,2:45,0,No Info,7171,24,05,2019,17,00,19,45,2,45
Multiple carriers,15/05/2019,Delhi,Cochin,DEL → BOM → COK,14:00,21:00,7h,1,No Info,13727,15,05,2019,14,00,21,00,7h,
Air India,27/06/2019,Delhi,Cochin,DEL → COK,18:05,21:10,3:5,0,No Info,5201,27,06,2019,18,05,21,10,3,5
Multiple carriers,15/05/2019,Delhi,Cochin,DEL → BOM → COK,11:40,19:15,7:35,1,No Info,9001,15,05,2019,11,40,19,15,7,35
IndiGo,15/05/2019,Banglore,Delhi,BLR → DEL,13:00,15:50,2:50,0,No Info,3943,15,05,2019,13,00,15,50,2,50
Multiple carriers,9/05/2019,Delhi,Cochin,DEL → BOM → COK,07:05,21:00,13:55,1,In-flight meal not included,10546,9,05,2019,07,05,21,00,13,55
Jet Airways,18/05/2019,Delhi,Cochin,DEL → BOM → COK,19:15,19:00,23:45,1,No Info,15554,18,05,2019,19,15,19,00,23,45
Air India,15/04/2019,Banglore,Delhi,BLR → DEL,06:10,08:55,2:45,0,No Info,5228,15,04,2019,06,10,08,55,2,45
Air India,24/06/2019,Delhi,Cochin,DEL → BOM → COK,09:00,19:15,10:15,1,No Info,9404,24,06,2019,09,00,19,15,10,15
Multiple carriers,21/03/2019,Delhi,Cochin,DEL → BOM → COK,09:10,19:15,10:5,1,No Info,8601,21,03,2019,09,10,19,15,10,5
Multiple carriers,9/05/2019,Delhi,Cochin,DEL → HYD → COK,09:45,22:30,12:45,1,No Info,8888,9,05,2019,09,45,22,30,12,45
Vistara,24/03/2019,Banglore,New Delhi,BLR → DEL,16:00,18:35,2:35,0,No Info,5088,24,03,2019,16,00,18,35,2,35
IndiGo,9/05/2019,Banglore,Delhi,BLR → DEL,10:10,13:00,2:50,0,No Info,3943,9,05,2019,10,10,13,00,2,50
Jet Airways,9/05/2019,Delhi,Cochin,DEL → BOM → COK,21:50,12:35,14:45,1,In-flight meal not included,12373,9,05,2019,21,50,12,35,14,45
Multiple carriers,9/04/2019,Delhi,Cochin,DEL → BOM → COK,06:00,13:20,7:20,1,No Info,8323,9,04,2019,06,00,13,20,7,20
Jet Airways,27/06/2019,Delhi,Cochin,DEL → AMD → BOM → COK,13:25,12:35,23:10,2,No Info,15339,27,06,2019,13,25,12,35,23,10
Vistara,6/05/2019,Chennai,Kolkata,MAA → CCU,17:45,20:05,2:20,0,No Info,11982,6,05,2019,17,45,20,05,2,20
SpiceJet,12/05/2019,Kolkata,Banglore,CCU → IXB → BLR,15:55,21:25,5:30,1,No Info,8844,12,05,2019,15,55,21,25,5,30
Jet Airways,1/06/2019,Delhi,Cochin,DEL → BOM → COK,22:50,12:35,13:45,1,In-flight meal not included,10262,1,06,2019,22,50,12,35,13,45
IndiGo,6/06/2019,Chennai,Kolkata,MAA → CCU,13:15,15:35,2:20,0,No Info,3597,6,06,2019,13,15,15,35,2,20
Jet Airways,24/03/2019,Mumbai,Hyderabad,BOM → HYD,10:20,11:50,1:30,0,No Info,5678,24,03,2019,10,20,11,50,1,30
IndiGo,21/05/2019,Chennai,Kolkata,MAA → CCU,22:05,00:25,2:20,0,No Info,5277,21,05,2019,22,05,00,25,2,20
IndiGo,27/06/2019,Banglore,Delhi,BLR → DEL,07:10,10:05,2:55,0,No Info,4823,27,06,2019,07,10,10,05,2,55
IndiGo,3/03/2019,Delhi,Cochin,DEL → HYD → MAA → COK,08:35,21:20,12:45,2,No Info,8049,3,03,2019,08,35,21,20,12,45
SpiceJet,15/05/2019,Chennai,Kolkata,MAA → CCU,17:45,20:05,2:20,0,No check-in baggage included,3543,15,05,2019,17,45,20,05,2,20
Jet Airways,6/06/2019,Delhi,Cochin,DEL → BOM → COK,18:15,19:00,24:45,1,In-flight meal not included,10262,6,06,2019,18,15,19,00,24,45
Air India,1/06/2019,Delhi,Cochin,DEL → RPR → NAG → BOM → COK,05:15,19:15,38h,3,No Info,10703,1,06,2019,05,15,19,15,38h,
IndiGo,12/06/2019,Delhi,Cochin,DEL → BLR → COK,05:10,10:05,4:55,1,No Info,6496,12,06,2019,05,10,10,05,4,55
Jet Airways,21/05/2019,Kolkata,Banglore,CCU → BOM → BLR,06:30,18:15,11:45,1,In-flight meal not included,10844,21,05,2019,06,30,18,15,11,45
Jet Airways,27/03/2019,Delhi,Cochin,DEL → BOM → COK,07:05,18:50,11:45,1,No Info,12032,27,03,2019,07,05,18,50,11,45
Vistara,18/04/2019,Delhi,Cochin,DEL → COK,06:00,09:10,3:10,0,No Info,6741,18,04,2019,06,00,09,10,3,10
IndiGo,9/05/2019,Banglore,Delhi,BLR → DEL,04:00,06:50,2:50,0,No Info,3943,9,05,2019,04,00,06,50,2,50
SpiceJet,24/05/2019,Kolkata,Banglore,CCU → BLR,06:55,09:30,2:35,0,No check-in baggage included,3841,24,05,2019,06,55,09,30,2,35
Multiple carriers,3/03/2019,Delhi,Cochin,DEL → BOM → COK,19:00,01:35,6:35,1,No Info,15288,3,03,2019,19,00,01,35,6,35
Air India,18/03/2019,Mumbai,Hyderabad,BOM → HYD,21:05,22:25,1:20,0,No Info,2050,18,03,2019,21,05,22,25,1,20
Vistara,24/03/2019,Chennai,Kolkata,MAA → CCU,07:05,09:20,2:15,0,No Info,4842,24,03,2019,07,05,09,20,2,15
Jet Airways,21/03/2019,Delhi,Cochin,DEL → AMD → BOM → COK,19:10,18:50,23:40,2,In-flight meal not included,6643,21,03,2019,19,10,18,50,23,40
IndiGo,3/03/2019,Delhi,Cochin,DEL → BLR → COK,05:05,10:05,5h,1,No Info,9581,3,03,2019,05,05,10,05,5h,
IndiGo,15/05/2019,Kolkata,Banglore,CCU → BLR,21:25,00:05,2:40,0,No Info,4804,15,05,2019,21,25,00,05,2,40
Jet Airways,21/03/2019,Banglore,New Delhi,BLR → BOM → DEL,08:00,07:40,23:40,1,In-flight meal not included,7832,21,03,2019,08,00,07,40,23,40
Multiple carriers,12/06/2019,Delhi,Cochin,DEL → BOM → COK,07:05,19:15,12:10,1,In-flight meal not included,11667,12,06,2019,07,05,19,15,12,10
IndiGo,27/06/2019,Delhi,Cochin,DEL → HYD → COK,08:35,16:10,7:35,1,No Info,6442,27,06,2019,08,35,16,10,7,35
Jet Airways,24/05/2019,Delhi,Cochin,DEL → AMD → BOM → COK,23:05,04:25,29:20,2,No Info,15129,24,05,2019,23,05,04,25,29,20
Jet Airways,3/04/2019,Banglore,Delhi,BLR → DEL,11:10,14:05,2:55,0,In-flight meal not included,4544,3,04,2019,11,10,14,05,2,55
Jet Airways,15/05/2019,Kolkata,Banglore,CCU → BOM → BLR,20:00,09:20,13:20,1,In-flight meal not included,9663,15,05,2019,20,00,09,20,13,20
Jet Airways,3/06/2019,Delhi,Cochin,DEL → BOM → COK,16:00,04:25,12:25,1,No Info,14714,3,06,2019,16,00,04,25,12,25
Air India,27/05/2019,Mumbai,Hyderabad,BOM → HYD,06:20,07:40,1:20,0,No Info,3100,27,05,2019,06,20,07,40,1,20
Jet Airways,6/05/2019,Kolkata,Banglore,CCU → BOM → BLR,16:30,20:45,28:15,1,In-flight meal not included,9663,6,05,2019,16,30,20,45,28,15
IndiGo,21/03/2019,Delhi,Cochin,DEL → HYD → COK,06:40,12:00,5:20,1,No Info,5761,21,03,2019,06,40,12,00,5,20
Air India,9/05/2019,Mumbai,Hyderabad,BOM → HYD,21:05,22:25,1:20,0,No Info,3100,9,05,2019,21,05,22,25,1,20
Jet Airways,12/06/2019,Kolkata,Banglore,CCU → BOM → BLR,16:30,23:35,7:5,1,No Info,13626,12,06,2019,16,30,23,35,7,5
Jet Airways,24/03/2019,Mumbai,Hyderabad,BOM → HYD,19:35,21:05,1:30,0,No Info,5678,24,03,2019,19,35,21,05,1,30
Jet Airways,12/06/2019,Kolkata,Banglore,CCU → BOM → BLR,18:55,18:15,23:20,1,In-flight meal not included,8529,12,06,2019,18,55,18,15,23,20
Air India,9/05/2019,Delhi,Cochin,DEL → COK,05:10,08:00,2:50,0,No Info,5201,9,05,2019,05,10,08,00,2,50
Jet Airways,21/05/2019,Kolkata,Banglore,CCU → DEL → BLR,09:35,21:05,11:30,1,No Info,14151,21,05,2019,09,35,21,05,11,30
Air Asia,3/05/2019,Banglore,Delhi,BLR → DEL,11:10,13:55,2:45,0,No Info,4483,3,05,2019,11,10,13,55,2,45
IndiGo,6/04/2019,Kolkata,Banglore,CCU → BLR,22:15,00:50,2:35,0,No Info,4174,6,04,2019,22,15,00,50,2,35
Jet Airways,18/05/2019,Delhi,Cochin,DEL → BHO → BOM → COK,05:30,12:35,7:5,2,In-flight meal not included,15544,18,05,2019,05,30,12,35,7,5
IndiGo,27/05/2019,Delhi,Cochin,DEL → COK,21:05,00:20,3:15,0,No Info,5601,27,05,2019,21,05,00,20,3,15
IndiGo,3/04/2019,Banglore,Delhi,BLR → DEL,01:30,04:15,2:45,0,No Info,3419,3,04,2019,01,30,04,15,2,45
Air Asia,27/04/2019,Delhi,Cochin,DEL → BLR → COK,07:55,22:25,14:30,1,No Info,6451,27,04,2019,07,55,22,25,14,30
Air India,12/05/2019,Kolkata,Banglore,CCU → BOM → COK → BLR,09:25,13:45,28:20,2,No Info,12592,12,05,2019,09,25,13,45,28,20
Air India,24/06/2019,Banglore,Delhi,BLR → DEL,21:05,23:55,2:50,0,No Info,6961,24,06,2019,21,05,23,55,2,50
SpiceJet,12/06/2019,Kolkata,Banglore,CCU → BLR,17:10,19:40,2:30,0,No Info,4174,12,06,2019,17,10,19,40,2,30
Jet Airways,24/03/2019,Kolkata,Banglore,CCU → BOM → BLR,06:30,16:20,9:50,1,In-flight meal not included,8824,24,03,2019,06,30,16,20,9,50
SpiceJet,15/05/2019,Delhi,Cochin,DEL → MAA → COK,15:45,22:05,6:20,1,No Info,7947,15,05,2019,15,45,22,05,6,20
Multiple carriers,27/06/2019,Delhi,Cochin,DEL → BOM → COK,14:00,21:00,7h,1,No Info,13587,27,06,2019,14,00,21,00,7h,
SpiceJet,15/06/2019,Kolkata,Banglore,CCU → BLR,06:55,09:30,2:35,0,No check-in baggage included,3841,15,06,2019,06,55,09,30,2,35
IndiGo,21/06/2019,Kolkata,Banglore,CCU → BLR,21:25,00:05,2:40,0,No Info,4804,21,06,2019,21,25,00,05,2,40
Jet Airways,9/05/2019,Kolkata,Banglore,CCU → BOM → BLR,20:00,04:40,8:40,1,In-flight meal not included,8586,9,05,2019,20,00,04,40,8,40
IndiGo,1/03/2019,Kolkata,Banglore,CCU → BLR,20:25,23:05,2:40,0,No Info,4778,1,03,2019,20,25,23,05,2,40
Multiple carriers,1/06/2019,Delhi,Cochin,DEL → IDR → BOM → COK,15:05,01:30,10:25,2,No Info,18275,1,06,2019,15,05,01,30,10,25
IndiGo,1/06/2019,Chennai,Kolkata,MAA → CCU,05:15,07:40,2:25,0,No Info,3540,1,06,2019,05,15,07,40,2,25
IndiGo,27/06/2019,Delhi,Cochin,DEL → HYD → COK,08:35,22:30,13:55,1,No Info,6442,27,06,2019,08,35,22,30,13,55
Air India,27/06/2019,Kolkata,Banglore,CCU → BLR,20:45,23:20,2:35,0,No Info,4145,27,06,2019,20,45,23,20,2,35
IndiGo,9/06/2019,Kolkata,Banglore,CCU → BLR,14:25,16:55,2:30,0,No Info,5644,9,06,2019,14,25,16,55,2,30
IndiGo,3/05/2019,Kolkata,Banglore,CCU → BLR,14:25,16:55,2:30,0,No Info,5224,3,05,2019,14,25,16,55,2,30
Jet Airways,21/03/2019,Delhi,Cochin,DEL → BOM → COK,17:30,18:50,25:20,1,In-flight meal not included,5963,21,03,2019,17,30,18,50,25,20
Multiple carriers,27/05/2019,Delhi,Cochin,DEL → BOM → COK,06:00,19:00,13h,1,No Info,11264,27,05,2019,06,00,19,00,13h,
GoAir,27/03/2019,Delhi,Cochin,DEL → BOM → COK,14:10,19:20,5:10,1,No Info,10188,27,03,2019,14,10,19,20,5,10
Jet Airways,18/05/2019,Kolkata,Banglore,CCU → BOM → BLR,20:00,09:20,13:20,1,In-flight meal not included,10844,18,05,2019,20,00,09,20,13,20
IndiGo,15/03/2019,Banglore,New Delhi,BLR → IDR → DEL,13:40,18:35,4:55,1,No Info,7166,15,03,2019,13,40,18,35,4,55
Jet Airways,12/03/2019,Banglore,New Delhi,BLR → BOM → DEL,22:55,09:30,10:35,1,No Info,13817,12,03,2019,22,55,09,30,10,35
Jet Airways,9/05/2019,Delhi,Cochin,DEL → BOM → COK,18:15,12:35,18:20,1,In-flight meal not included,12373,9,05,2019,18,15,12,35,18,20
Jet Airways,01/03/2019,Banglore,New Delhi,BLR → BOM → DEL,16:55,09:00,16:5,1,1 Long layover,25735,01,03,2019,16,55,09,00,16,5
Jet Airways,18/03/2019,Banglore,New Delhi,BLR → BOM → DEL,11:40,19:10,7:30,1,No Info,14815,18,03,2019,11,40,19,10,7,30
Jet Airways,12/06/2019,Delhi,Cochin,DEL → BOM → COK,11:30,12:35,25:5,1,In-flight meal not included,10262,12,06,2019,11,30,12,35,25,5
Jet Airways,15/06/2019,Delhi,Cochin,DEL → BOM → COK,08:00,19:00,11h,1,In-flight meal not included,10262,15,06,2019,08,00,19,00,11h,
Air India,9/06/2019,Delhi,Cochin,DEL → BLR → COK,17:40,08:15,14:35,1,No Info,7468,9,06,2019,17,40,08,15,14,35
Jet Airways,9/05/2019,Mumbai,Hyderabad,BOM → HYD,07:05,08:30,1:25,0,No Info,8040,9,05,2019,07,05,08,30,1,25
Jet Airways,24/06/2019,Delhi,Cochin,DEL → AMD → BOM → COK,23:05,19:00,19:55,2,No Info,12819,24,06,2019,23,05,19,00,19,55
IndiGo,6/03/2019,Chennai,Kolkata,MAA → CCU,14:40,17:05,2:25,0,No Info,7295,6,03,2019,14,40,17,05,2,25
Jet Airways,27/05/2019,Banglore,Delhi,BLR → DEL,15:15,18:10,2:55,0,No Info,7229,27,05,2019,15,15,18,10,2,55
Air Asia,15/06/2019,Delhi,Cochin,DEL → BLR → COK,16:45,22:25,5:40,1,No Info,6853,15,06,2019,16,45,22,25,5,40
Jet Airways,24/05/2019,Kolkata,Banglore,CCU → BOM → BLR,21:10,09:20,12:10,1,In-flight meal not included,9663,24,05,2019,21,10,09,20,12,10
Jet Airways,1/04/2019,Kolkata,Banglore,CCU → BOM → BLR,06:30,18:15,11:45,1,In-flight meal not included,7064,1,04,2019,06,30,18,15,11,45
Air India,6/06/2019,Delhi,Cochin,DEL → BOM → COK,09:00,19:15,10:15,1,No Info,8372,6,06,2019,09,00,19,15,10,15
SpiceJet,3/06/2019,Mumbai,Hyderabad,BOM → HYD,13:15,14:45,1:30,0,No check-in baggage included,1965,3,06,2019,13,15,14,45,1,30
Vistara,24/03/2019,Kolkata,Banglore,CCU → DEL → BLR,07:10,18:45,11:35,1,No Info,16932,24,03,2019,07,10,18,45,11,35
SpiceJet,18/06/2019,Kolkata,Banglore,CCU → BLR,22:20,00:40,2:20,0,No check-in baggage included,3841,18,06,2019,22,20,00,40,2,20
Jet Airways,12/06/2019,Delhi,Cochin,DEL → JDH → BOM → COK,11:40,19:00,7:20,2,In-flight meal not included,15812,12,06,2019,11,40,19,00,7,20
Air India,03/03/2019,Banglore,New Delhi,BLR → COK → DEL,06:55,13:20,6:25,1,No Info,10924,03,03,2019,06,55,13,20,6,25
Air India,27/05/2019,Delhi,Cochin,DEL → COK,14:10,17:10,3h,0,No Info,6934,27,05,2019,14,10,17,10,3h,
Jet Airways,1/06/2019,Delhi,Cochin,DEL → BOM → COK,08:00,19:00,11h,1,In-flight meal not included,10262,1,06,2019,08,00,19,00,11h,
Jet Airways,6/03/2019,Delhi,Cochin,DEL → BOM → COK,13:55,04:25,14:30,1,In-flight meal not included,13843,6,03,2019,13,55,04,25,14,30
Multiple carriers,15/05/2019,Delhi,Cochin,DEL → BOM → COK,06:40,19:00,12:20,1,No Info,9315,15,05,2019,06,40,19,00,12,20
Multiple carriers,21/05/2019,Delhi,Cochin,DEL → BOM → COK,06:00,19:15,13:15,1,No Info,8266,21,05,2019,06,00,19,15,13,15
Jet Airways,24/03/2019,Kolkata,Banglore,CCU → BOM → BLR,21:10,08:10,11h,1,No Info,14231,24,03,2019,21,10,08,10,11h,
GoAir,18/04/2019,Banglore,Delhi,BLR → DEL,20:55,23:40,2:45,0,No Info,5048,18,04,2019,20,55,23,40,2,45
Jet Airways,6/06/2019,Delhi,Cochin,DEL → BOM → COK,17:30,19:00,25:30,1,In-flight meal not included,10262,6,06,2019,17,30,19,00,25,30
Multiple carriers,27/03/2019,Delhi,Cochin,DEL → BOM → COK,09:00,21:00,12h,1,No Info,12537,27,03,2019,09,00,21,00,12h,
Jet Airways,15/06/2019,Delhi,Cochin,DEL → BOM → COK,13:00,04:25,15:25,1,In-flight meal not included,10262,15,06,2019,13,00,04,25,15,25
Jet Airways,3/04/2019,Mumbai,Hyderabad,BOM → HYD,07:05,08:30,1:25,0,No Info,8040,3,04,2019,07,05,08,30,1,25
SpiceJet,6/05/2019,Kolkata,Banglore,CCU → IXB → BLR,11:15,18:30,7:15,1,No Info,9736,6,05,2019,11,15,18,30,7,15
IndiGo,6/05/2019,Kolkata,Banglore,CCU → BLR,04:40,07:15,2:35,0,No Info,4804,6,05,2019,04,40,07,15,2,35
Jet Airways,12/03/2019,Banglore,New Delhi,BLR → BOM → DEL,16:55,09:30,16:35,1,No Info,13817,12,03,2019,16,55,09,30,16,35
GoAir,21/05/2019,Banglore,Delhi,BLR → DEL,07:45,10:40,2:55,0,No Info,5048,21,05,2019,07,45,10,40,2,55
Jet Airways,1/04/2019,Mumbai,Hyderabad,BOM → HYD,10:20,11:50,1:30,0,No Info,8040,1,04,2019,10,20,11,50,1,30
Multiple carriers,12/06/2019,Delhi,Cochin,DEL → BOM → COK,08:30,19:15,10:45,1,No Info,7354,12,06,2019,08,30,19,15,10,45
Multiple carriers,6/03/2019,Delhi,Cochin,DEL → HYD → COK,14:35,22:20,7:45,1,In-flight meal not included,7563,6,03,2019,14,35,22,20,7,45
IndiGo,3/03/2019,Delhi,Cochin,DEL → BOM → COK,10:45,15:30,4:45,1,No Info,7725,3,03,2019,10,45,15,30,4,45
Multiple carriers,1/06/2019,Delhi,Cochin,DEL → BOM → COK,08:45,21:00,12:15,1,No Info,7740,1,06,2019,08,45,21,00,12,15
Air India,12/06/2019,Kolkata,Banglore,CCU → DEL → AMD → BLR,10:00,05:25,19:25,2,No Info,13532,12,06,2019,10,00,05,25,19,25
IndiGo,1/03/2019,Kolkata,Banglore,CCU → BLR,14:20,16:55,2:35,0,No Info,6565,1,03,2019,14,20,16,55,2,35
Jet Airways,12/05/2019,Kolkata,Banglore,CCU → BOM → BLR,16:30,19:50,27:20,1,In-flight meal not included,10844,12,05,2019,16,30,19,50,27,20
SpiceJet,18/04/2019,Kolkata,Banglore,CCU → BLR,22:20,00:40,2:20,0,No check-in baggage included,3841,18,04,2019,22,20,00,40,2,20
Multiple carriers,3/06/2019,Delhi,Cochin,DEL → BOM → COK,08:30,19:00,10:30,1,No Info,11200,3,06,2019,08,30,19,00,10,30
Air India,1/04/2019,Kolkata,Banglore,CCU → BOM → TRV → BLR,09:25,10:30,25:5,2,No Info,12009,1,04,2019,09,25,10,30,25,5
Air India,15/05/2019,Delhi,Cochin,DEL → BOM → COK,08:00,19:15,11:15,1,No Info,8372,15,05,2019,08,00,19,15,11,15
Air India,15/06/2019,Delhi,Cochin,DEL → CCU → BOM → COK,06:50,07:40,24:50,2,No Info,13591,15,06,2019,06,50,07,40,24,50
Vistara,6/03/2019,Mumbai,Hyderabad,BOM → DEL → HYD,20:55,16:45,19:50,1,No Info,12395,6,03,2019,20,55,16,45,19,50
SpiceJet,1/03/2019,Chennai,Kolkata,MAA → CCU,08:20,10:35,2:15,0,No Info,7298,1,03,2019,08,20,10,35,2,15
IndiGo,3/03/2019,Delhi,Cochin,DEL → MAA → COK,07:20,12:30,5:10,1,No Info,12214,3,03,2019,07,20,12,30,5,10
Jet Airways,15/05/2019,Kolkata,Banglore,CCU → DEL → BLR,17:00,22:05,29:5,1,No Info,14151,15,05,2019,17,00,22,05,29,5
Air India,1/06/2019,Delhi,Cochin,DEL → HYD → BOM → COK,17:15,19:15,26h,2,No Info,12970,1,06,2019,17,15,19,15,26h,
Jet Airways,1/05/2019,Kolkata,Banglore,CCU → BOM → BLR,14:05,23:35,9:30,1,No Info,14781,1,05,2019,14,05,23,35,9,30
Vistara,6/06/2019,Banglore,Delhi,BLR → DEL,17:00,19:35,2:35,0,No Info,4878,6,06,2019,17,00,19,35,2,35
SpiceJet,3/05/2019,Chennai,Kolkata,MAA → CCU,08:20,10:35,2:15,0,No Info,3597,3,05,2019,08,20,10,35,2,15
Air Asia,6/06/2019,Kolkata,Banglore,CCU → DEL → BLR,07:35,23:30,15:55,1,No Info,6810,6,06,2019,07,35,23,30,15,55
Vistara,1/05/2019,Chennai,Kolkata,MAA → CCU,07:05,09:20,2:15,0,No Info,3687,1,05,2019,07,05,09,20,2,15
Air India,21/03/2019,Delhi,Cochin,DEL → MAA → COK,17:20,09:25,16:5,1,No Info,6482,21,03,2019,17,20,09,25,16,5
Jet Airways,6/03/2019,Mumbai,Hyderabad,BOM → DEL → HYD,17:00,16:50,23:50,1,No Info,19595,6,03,2019,17,00,16,50,23,50
IndiGo,15/06/2019,Delhi,Cochin,DEL → BLR → COK,15:10,20:00,4:50,1,No Info,6147,15,06,2019,15,10,20,00,4,50
Jet Airways,6/05/2019,Kolkata,Banglore,CCU → DEL → BLR,17:00,09:45,16:45,1,No Info,10953,6,05,2019,17,00,09,45,16,45
SpiceJet,24/04/2019,Kolkata,Banglore,CCU → BLR,22:20,00:40,2:20,0,No Info,3873,24,04,2019,22,20,00,40,2,20
Jet Airways,06/03/2019,Banglore,New Delhi,BLR → BOM → DEL,14:05,05:05,15h,1,No Info,14815,06,03,2019,14,05,05,05,15h,
Multiple carriers,6/06/2019,Delhi,Cochin,DEL → BOM → COK,04:55,19:00,14:5,1,No Info,10678,6,06,2019,04,55,19,00,14,5
Jet Airways,9/03/2019,Delhi,Cochin,DEL → BOM → COK,15:05,04:25,13:20,1,In-flight meal not included,14053,9,03,2019,15,05,04,25,13,20
Jet Airways,12/06/2019,Kolkata,Banglore,CCU → DEL → BLR,09:35,22:05,12:30,1,In-flight meal not included,10539,12,06,2019,09,35,22,05,12,30
Jet Airways,18/03/2019,Banglore,New Delhi,BLR → BOM → DEL,14:05,21:20,7:15,1,No Info,16946,18,03,2019,14,05,21,20,7,15
IndiGo,3/03/2019,Delhi,Cochin,DEL → COK,14:30,17:35,3:5,0,No Info,7673,3,03,2019,14,30,17,35,3,5
Air India,24/03/2019,Banglore,New Delhi,BLR → DEL,13:20,16:10,2:50,0,No Info,4441,24,03,2019,13,20,16,10,2,50
Jet Airways,15/04/2019,Banglore,Delhi,BLR → DEL,11:10,14:05,2:55,0,In-flight meal not included,4544,15,04,2019,11,10,14,05,2,55
IndiGo,24/04/2019,Kolkata,Banglore,CCU → BLR,15:30,18:05,2:35,0,No Info,4804,24,04,2019,15,30,18,05,2,35
Jet Airways,1/04/2019,Delhi,Cochin,DEL → BOM → COK,09:00,12:35,27:35,1,In-flight meal not included,5406,1,04,2019,09,00,12,35,27,35
Air India,3/04/2019,Mumbai,Hyderabad,BOM → HYD,06:20,07:40,1:20,0,No Info,3100,3,04,2019,06,20,07,40,1,20
Jet Airways,27/06/2019,Delhi,Cochin,DEL → AMD → BOM → COK,23:05,19:00,19:55,2,In-flight meal not included,11150,27,06,2019,23,05,19,00,19,55
IndiGo,6/04/2019,Banglore,Delhi,BLR → DEL,16:55,19:55,3h,0,No Info,4823,6,04,2019,16,55,19,55,3h,
SpiceJet,3/05/2019,Mumbai,Hyderabad,BOM → HYD,05:45,07:15,1:30,0,No check-in baggage included,1965,3,05,2019,05,45,07,15,1,30
Jet Airways,24/06/2019,Delhi,Cochin,DEL → BOM → COK,21:50,12:35,14:45,1,In-flight meal not included,10262,24,06,2019,21,50,12,35,14,45
IndiGo,6/06/2019,Delhi,Cochin,DEL → HYD → COK,07:35,16:10,8:35,1,No Info,6674,6,06,2019,07,35,16,10,8,35
Jet Airways,6/03/2019,Delhi,Cochin,DEL → BOM → COK,09:00,04:25,19:25,1,No Info,15764,6,03,2019,09,00,04,25,19,25
Jet Airways,1/04/2019,Kolkata,Banglore,CCU → BOM → BLR,20:00,22:35,26:35,1,In-flight meal not included,7064,1,04,2019,20,00,22,35,26,35
Jet Airways,6/06/2019,Delhi,Cochin,DEL → BOM → COK,14:00,19:00,5h,1,In-flight meal not included,10262,6,06,2019,14,00,19,00,5h,
IndiGo,1/05/2019,Kolkata,Banglore,CCU → MAA → BLR,08:10,13:00,4:50,1,No Info,5069,1,05,2019,08,10,13,00,4,50
Multiple carriers,6/06/2019,Delhi,Cochin,DEL → BOM → COK,11:40,19:00,7:20,1,No Info,11789,6,06,2019,11,40,19,00,7,20
Air India,1/05/2019,Kolkata,Banglore,CCU → DEL → COK → BLR,10:00,13:45,27:45,2,No Info,15164,1,05,2019,10,00,13,45,27,45
Air India,6/06/2019,Delhi,Cochin,DEL → COK,14:10,17:10,3h,0,No Info,6094,6,06,2019,14,10,17,10,3h,
SpiceJet,21/04/2019,Banglore,Delhi,BLR → DEL,09:30,12:20,2:50,0,No check-in baggage included,4885,21,04,2019,09,30,12,20,2,50
Air Asia,21/06/2019,Banglore,Delhi,BLR → DEL,11:10,13:55,2:45,0,No Info,3383,21,06,2019,11,10,13,55,2,45
Multiple carriers,27/03/2019,Delhi,Cochin,DEL → BOM → COK,17:00,01:35,8:35,1,No Info,6673,27,03,2019,17,00,01,35,8,35
Jet Airways,27/04/2019,Banglore,Delhi,BLR → DEL,07:10,10:10,3h,0,In-flight meal not included,4544,27,04,2019,07,10,10,10,3h,
Jet Airways,21/03/2019,Delhi,Cochin,DEL → BDQ → BOM → COK,10:45,18:50,8:5,2,In-flight meal not included,8367,21,03,2019,10,45,18,50,8,5
GoAir,3/06/2019,Banglore,Delhi,BLR → DEL,11:40,14:30,2:50,0,No Info,3898,3,06,2019,11,40,14,30,2,50
Jet Airways,9/06/2019,Kolkata,Banglore,CCU → BOM → BLR,14:05,22:35,8:30,1,In-flight meal not included,10844,9,06,2019,14,05,22,35,8,30
Multiple carriers,27/03/2019,Delhi,Cochin,DEL → BOM → COK,02:15,13:20,11:5,1,No Info,12327,27,03,2019,02,15,13,20,11,5
SpiceJet,21/03/2019,Delhi,Cochin,DEL → PNQ → COK,08:45,13:15,4:30,1,No check-in baggage included,6356,21,03,2019,08,45,13,15,4,30
Air India,15/05/2019,Banglore,Delhi,BLR → DEL,21:05,23:55,2:50,0,No Info,5228,15,05,2019,21,05,23,55,2,50
Air India,18/03/2019,Banglore,New Delhi,BLR → BOM → UDR → DEL,06:45,16:30,33:45,2,No Info,10835,18,03,2019,06,45,16,30,33,45
IndiGo,21/06/2019,Banglore,Delhi,BLR → DEL,04:00,06:50,2:50,0,No Info,3943,21,06,2019,04,00,06,50,2,50
Jet Airways,1/06/2019,Delhi,Cochin,DEL → BOM → COK,18:15,19:00,24:45,1,No Info,14714,1,06,2019,18,15,19,00,24,45
Air India,6/05/2019,Kolkata,Banglore,CCU → IXR → DEL → BLR,05:50,12:00,30:10,2,No Info,11883,6,05,2019,05,50,12,00,30,10
Vistara,12/06/2019,Kolkata,Banglore,CCU → DEL → BLR,20:20,23:25,27:5,1,No Info,8610,12,06,2019,20,20,23,25,27,5
Multiple carriers,15/05/2019,Delhi,Cochin,DEL → HYD → COK,07:10,22:30,15:20,1,No Info,6513,15,05,2019,07,10,22,30,15,20
Jet Airways,21/05/2019,Delhi,Cochin,DEL → BOM → COK,02:15,04:25,26:10,1,In-flight meal not included,12898,21,05,2019,02,15,04,25,26,10
Air India,1/06/2019,Delhi,Cochin,DEL → GOI → BOM → COK,22:00,19:15,21:15,2,No Info,10861,1,06,2019,22,00,19,15,21,15
IndiGo,21/06/2019,Mumbai,Hyderabad,BOM → HYD,19:05,20:35,1:30,0,No Info,4049,21,06,2019,19,05,20,35,1,30
Jet Airways,18/03/2019,Banglore,New Delhi,BLR → BOM → DEL,11:40,05:05,17:25,1,No Info,13555,18,03,2019,11,40,05,05,17,25
Jet Airways,27/05/2019,Delhi,Cochin,DEL → BOM → COK,02:15,19:00,16:45,1,No Info,16079,27,05,2019,02,15,19,00,16,45
IndiGo,6/03/2019,Delhi,Cochin,DEL → COK,05:35,08:50,3:15,0,No Info,7673,6,03,2019,05,35,08,50,3,15
Multiple carriers Premium economy,21/03/2019,Delhi,Cochin,DEL → BOM → COK,08:55,19:15,10:20,1,No Info,10161,21,03,2019,08,55,19,15,10,20
Jet Airways,12/06/2019,Delhi,Cochin,DEL → BOM → COK,02:15,12:35,10:20,1,In-flight meal not included,10262,12,06,2019,02,15,12,35,10,20
SpiceJet,3/05/2019,Kolkata,Banglore,CCU → BLR,06:55,09:30,2:35,0,No Info,3873,3,05,2019,06,55,09,30,2,35
SpiceJet,3/06/2019,Banglore,Delhi,BLR → DEL,21:10,00:05,2:55,0,No Info,3311,3,06,2019,21,10,00,05,2,55
IndiGo,9/03/2019,Delhi,Cochin,DEL → BOM → COK,16:00,01:35,9:35,1,No Info,13611,9,03,2019,16,00,01,35,9,35
Air India,6/03/2019,Delhi,Cochin,DEL → JAI → BOM → COK,12:00,19:15,7:15,2,No Info,11858,6,03,2019,12,00,19,15,7,15
Multiple carriers,27/05/2019,Delhi,Cochin,DEL → BOM → COK,10:20,19:15,8:55,1,No Info,9316,27,05,2019,10,20,19,15,8,55
IndiGo,1/04/2019,Banglore,Delhi,BLR → DEL,07:10,10:05,2:55,0,No Info,4823,1,04,2019,07,10,10,05,2,55
Jet Airways,12/05/2019,Kolkata,Banglore,CCU → BOM → BLR,20:00,10:05,14:5,1,No Info,13941,12,05,2019,20,00,10,05,14,5
Jet Airways,27/05/2019,Delhi,Cochin,DEL → JAI → BOM → COK,09:40,04:25,18:45,2,In-flight meal not included,13029,27,05,2019,09,40,04,25,18,45
SpiceJet,12/04/2019,Kolkata,Banglore,CCU → BLR,06:55,09:30,2:35,0,No Info,3873,12,04,2019,06,55,09,30,2,35
IndiGo,12/04/2019,Banglore,Delhi,BLR → DEL,01:30,04:15,2:45,0,No Info,4591,12,04,2019,01,30,04,15,2,45
Vistara,6/03/2019,Mumbai,Hyderabad,BOM → DEL → HYD,08:45,22:55,14:10,1,No Info,12395,6,03,2019,08,45,22,55,14,10
IndiGo,21/03/2019,Mumbai,Hyderabad,BOM → HYD,02:30,04:00,1:30,0,No Info,3603,21,03,2019,02,30,04,00,1,30
IndiGo,1/05/2019,Kolkata,Banglore,CCU → BLR,15:30,18:05,2:35,0,No Info,4804,1,05,2019,15,30,18,05,2,35
IndiGo,21/05/2019,Banglore,Delhi,BLR → DEL,18:25,21:20,2:55,0,No Info,4823,21,05,2019,18,25,21,20,2,55
Jet Airways,21/03/2019,Delhi,Cochin,DEL → BOM → COK,11:30,18:50,7:20,1,No Info,13244,21,03,2019,11,30,18,50,7,20
Air Asia,24/03/2019,Kolkata,Banglore,CCU → DEL → BLR,07:35,19:25,11:50,1,No Info,6785,24,03,2019,07,35,19,25,11,50
Air India,24/06/2019,Mumbai,Hyderabad,BOM → HYD,06:20,07:40,1:20,0,No Info,3100,24,06,2019,06,20,07,40,1,20
Multiple carriers,12/06/2019,Delhi,Cochin,DEL → BOM → COK,18:00,01:30,7:30,1,No Info,7198,12,06,2019,18,00,01,30,7,30
Jet Airways,27/06/2019,Delhi,Cochin,DEL → JAI → BOM → COK,09:40,19:00,9:20,2,No Info,13014,27,06,2019,09,40,19,00,9,20
Air India,6/03/2019,Delhi,Cochin,DEL → CCU → BOM → COK,06:50,07:40,24:50,2,No Info,20416,6,03,2019,06,50,07,40,24,50
Air India,6/06/2019,Delhi,Cochin,DEL → GOI → BOM → COK,22:00,19:15,21:15,2,No Info,10441,6,06,2019,22,00,19,15,21,15
Air India,01/03/2019,Banglore,New Delhi,BLR → VGA → DEL,10:30,11:20,24:50,1,No Info,11528,01,03,2019,10,30,11,20,24,50
Air India,6/05/2019,Kolkata,Banglore,CCU → DEL → COK → BLR,07:00,01:20,18:20,2,No Info,14083,6,05,2019,07,00,01,20,18,20
IndiGo,15/05/2019,Chennai,Kolkata,MAA → CCU,19:35,21:55,2:20,0,No Info,3597,15,05,2019,19,35,21,55,2,20
Air India,12/06/2019,Kolkata,Banglore,CCU → IXR → BBI → BLR,05:50,13:15,7:25,2,No Info,7662,12,06,2019,05,50,13,15,7,25
IndiGo,6/06/2019,Banglore,Delhi,BLR → DEL,08:30,11:20,2:50,0,No Info,4823,6,06,2019,08,30,11,20,2,50
Air India,27/06/2019,Delhi,Cochin,DEL → RPR → NAG → BOM → COK,05:15,19:15,38h,3,No Info,10703,27,06,2019,05,15,19,15,38h,
Jet Airways,12/06/2019,Mumbai,Hyderabad,BOM → HYD,07:05,08:30,1:25,0,No Info,8040,12,06,2019,07,05,08,30,1,25
Vistara,24/06/2019,Banglore,Delhi,BLR → DEL,07:00,09:40,2:40,0,No Info,4668,24,06,2019,07,00,09,40,2,40
Air India,12/05/2019,Delhi,Cochin,DEL → COK,18:05,21:10,3:5,0,No Info,6304,12,05,2019,18,05,21,10,3,5
Air India,6/03/2019,Mumbai,Hyderabad,BOM → BHO → DEL → HYD,06:00,11:55,29:55,2,No Info,14219,6,03,2019,06,00,11,55,29,55
SpiceJet,1/05/2019,Kolkata,Banglore,CCU → BLR,17:10,19:40,2:30,0,No check-in baggage included,3841,1,05,2019,17,10,19,40,2,30
Multiple carriers,27/05/2019,Delhi,Cochin,DEL → BOM → COK,13:00,21:00,8h,1,No Info,13587,27,05,2019,13,00,21,00,8h,
Air India,18/05/2019,Kolkata,Banglore,CCU → IXR → DEL → BLR,05:50,20:25,14:35,2,No Info,12093,18,05,2019,05,50,20,25,14,35
SpiceJet,27/04/2019,Delhi,Cochin,DEL → MAA → COK,06:05,11:20,5:15,1,No Info,5899,27,04,2019,06,05,11,20,5,15
Air India,12/05/2019,Mumbai,Hyderabad,BOM → HYD,13:55,15:25,1:30,0,No Info,3100,12,05,2019,13,55,15,25,1,30
Air India,12/05/2019,Banglore,Delhi,BLR → DEL,17:00,19:45,2:45,0,No Info,5438,12,05,2019,17,00,19,45,2,45
IndiGo,18/04/2019,Banglore,Delhi,BLR → DEL,18:55,21:50,2:55,0,No Info,5780,18,04,2019,18,55,21,50,2,55
Air India,9/06/2019,Kolkata,Banglore,CCU → BOM → COK → BLR,09:25,01:20,15:55,2,No Info,11668,9,06,2019,09,25,01,20,15,55
IndiGo,01/03/2019,Banglore,New Delhi,BLR → DEL,07:10,10:05,2:55,0,No Info,11934,01,03,2019,07,10,10,05,2,55
Jet Airways,27/06/2019,Delhi,Cochin,DEL → ATQ → BOM → COK,20:00,04:25,8:25,2,No Info,16263,27,06,2019,20,00,04,25,8,25
IndiGo,6/03/2019,Delhi,Cochin,DEL → BOM → COK,18:35,01:35,7h,1,No Info,14871,6,03,2019,18,35,01,35,7h,
SpiceJet,24/05/2019,Banglore,Delhi,BLR → DEL,09:30,12:20,2:50,0,No check-in baggage included,3573,24,05,2019,09,30,12,20,2,50
Air India,3/03/2019,Delhi,Cochin,DEL → HYD → BOM → COK,21:30,19:15,21:45,2,No Info,12497,3,03,2019,21,30,19,15,21,45
Air India,21/06/2019,Delhi,Cochin,DEL → COK,18:05,21:10,3:5,0,No Info,5411,21,06,2019,18,05,21,10,3,5
IndiGo,9/06/2019,Delhi,Cochin,DEL → HYD → COK,05:05,16:10,11:5,1,No Info,6600,9,06,2019,05,05,16,10,11,5
IndiGo,6/06/2019,Kolkata,Banglore,CCU → PAT → BLR,09:20,14:15,4:55,1,No Info,11160,6,06,2019,09,20,14,15,4,55
Jet Airways,6/03/2019,Mumbai,Hyderabad,BOM → UDR → DEL → HYD,17:15,16:50,23:35,2,No Info,22950,6,03,2019,17,15,16,50,23,35
SpiceJet,24/05/2019,Kolkata,Banglore,CCU → MAA → BLR,15:05,20:20,5:15,1,No Info,4649,24,05,2019,15,05,20,20,5,15
Jet Airways,21/05/2019,Delhi,Cochin,DEL → JAI → BOM → COK,05:30,04:25,22:55,2,No Info,15129,21,05,2019,05,30,04,25,22,55
IndiGo,12/05/2019,Delhi,Cochin,DEL → COK,21:05,00:20,3:15,0,No Info,8626,12,05,2019,21,05,00,20,3,15
Jet Airways,6/03/2019,Delhi,Cochin,DEL → BOM → COK,07:05,04:25,21:20,1,No Info,17234,6,03,2019,07,05,04,25,21,20
Jet Airways,21/03/2019,Banglore,New Delhi,BLR → BOM → DEL,05:45,13:15,7:30,1,In-flight meal not included,7832,21,03,2019,05,45,13,15,7,30
Air India,18/06/2019,Mumbai,Hyderabad,BOM → HYD,15:00,16:25,1:25,0,No Info,3100,18,06,2019,15,00,16,25,1,25
Jet Airways,9/05/2019,Kolkata,Banglore,CCU → DEL → BLR,09:35,14:25,28:50,1,In-flight meal not included,9314,9,05,2019,09,35,14,25,28,50
Jet Airways,1/06/2019,Delhi,Cochin,DEL → BOM → COK,02:15,12:35,10:20,1,No Info,14714,1,06,2019,02,15,12,35,10,20
Jet Airways,15/06/2019,Delhi,Cochin,DEL → LKO → BOM → COK,11:45,04:25,16:40,2,No Info,13882,15,06,2019,11,45,04,25,16,40
Jet Airways,9/05/2019,Delhi,Cochin,DEL → BHO → BOM → COK,05:30,12:35,7:5,2,No Info,16274,9,05,2019,05,30,12,35,7,5
Multiple carriers,6/03/2019,Delhi,Cochin,DEL → BOM → COK,11:30,18:50,7:20,1,No Info,15135,6,03,2019,11,30,18,50,7,20
IndiGo,24/03/2019,Banglore,New Delhi,BLR → DEL,21:20,00:15,2:55,0,No Info,6144,24,03,2019,21,20,00,15,2,55
Jet Airways,27/03/2019,Delhi,Cochin,DEL → AMD → BOM → COK,19:10,19:45,24:35,2,No Info,9483,27,03,2019,19,10,19,45,24,35
Air India,15/05/2019,Delhi,Cochin,DEL → CCU → BOM → COK,06:50,07:40,24:50,2,No Info,14431,15,05,2019,06,50,07,40,24,50
Multiple carriers,24/06/2019,Delhi,Cochin,DEL → HYD → COK,14:55,22:30,7:35,1,In-flight meal not included,6093,24,06,2019,14,55,22,30,7,35
Multiple carriers,21/05/2019,Delhi,Cochin,DEL → BOM → COK,10:00,21:00,11h,1,No Info,7888,21,05,2019,10,00,21,00,11h,
IndiGo,15/05/2019,Delhi,Cochin,DEL → BOM → COK,09:15,01:30,16:15,1,No Info,7503,15,05,2019,09,15,01,30,16,15
Air India,6/05/2019,Kolkata,Banglore,CCU → HYD → BLR,19:00,09:50,14:50,1,No Info,6117,6,05,2019,19,00,09,50,14,50
Jet Airways,3/03/2019,Delhi,Cochin,DEL → BOM → COK,09:00,18:50,9:50,1,No Info,17024,3,03,2019,09,00,18,50,9,50
Jet Airways,1/04/2019,Kolkata,Banglore,CCU → BOM → BLR,18:55,08:15,13:20,1,No Info,12681,1,04,2019,18,55,08,15,13,20
Multiple carriers,24/06/2019,Delhi,Cochin,DEL → BOM → COK,10:35,19:00,8:25,1,No Info,10678,24,06,2019,10,35,19,00,8,25
Jet Airways,24/03/2019,Kolkata,Banglore,CCU → BOM → BLR,08:25,12:00,27:35,1,No Info,13759,24,03,2019,08,25,12,00,27,35
SpiceJet,3/06/2019,Mumbai,Hyderabad,BOM → HYD,22:45,00:15,1:30,0,No Info,2017,3,06,2019,22,45,00,15,1,30
SpiceJet,15/06/2019,Banglore,Delhi,BLR → DEL,09:30,12:20,2:50,0,No check-in baggage included,4885,15,06,2019,09,30,12,20,2,50
Multiple carriers,27/05/2019,Delhi,Cochin,DEL → BOM → COK,06:00,19:15,13:15,1,No Info,10786,27,05,2019,06,00,19,15,13,15
Vistara,12/03/2019,Mumbai,Hyderabad,BOM → DEL → HYD,07:30,09:25,25:55,1,No Info,12080,12,03,2019,07,30,09,25,25,55
IndiGo,9/06/2019,Kolkata,Banglore,CCU → BLR,20:20,22:55,2:35,0,No Info,4804,9,06,2019,20,20,22,55,2,35
Air India,21/03/2019,Delhi,Cochin,DEL → BOM → COK,21:00,19:15,22:15,1,No Info,6587,21,03,2019,21,00,19,15,22,15
Jet Airways,27/03/2019,Delhi,Cochin,DEL → MAA → BOM → COK,05:10,18:50,13:40,2,In-flight meal not included,8728,27,03,2019,05,10,18,50,13,40
Air Asia,18/05/2019,Delhi,Cochin,DEL → BLR → COK,20:45,07:10,10:25,1,No Info,7452,18,05,2019,20,45,07,10,10,25
IndiGo,6/06/2019,Banglore,Delhi,BLR → DEL,20:00,22:50,2:50,0,No Info,4823,6,06,2019,20,00,22,50,2,50
Multiple carriers,9/05/2019,Delhi,Cochin,DEL → HYD → COK,07:05,22:30,15:25,1,No Info,8310,9,05,2019,07,05,22,30,15,25
Vistara,1/04/2019,Banglore,Delhi,BLR → DEL,11:30,14:20,2:50,0,No Info,5403,1,04,2019,11,30,14,20,2,50
Jet Airways,9/06/2019,Delhi,Cochin,DEL → NAG → BOM → COK,14:35,12:35,22h,2,No Info,13376,9,06,2019,14,35,12,35,22h,
Multiple carriers,3/06/2019,Delhi,Cochin,DEL → BOM → COK,10:35,19:00,8:25,1,No Info,10877,3,06,2019,10,35,19,00,8,25
Jet Airways,06/03/2019,Banglore,New Delhi,BLR → BOM → DEL,22:50,00:45,25:55,1,No Info,14815,06,03,2019,22,50,00,45,25,55
IndiGo,21/03/2019,Delhi,Cochin,DEL → HYD → COK,06:40,16:10,9:30,1,No Info,6558,21,03,2019,06,40,16,10,9,30
Multiple carriers,21/05/2019,Delhi,Cochin,DEL → BOM → COK,09:00,21:00,12h,1,No Info,14067,21,05,2019,09,00,21,00,12h,
Multiple carriers,21/05/2019,Delhi,Cochin,DEL → BOM → COK,09:15,19:00,9:45,1,No Info,9627,21,05,2019,09,15,19,00,9,45
Jet Airways,3/06/2019,Delhi,Cochin,DEL → BOM → COK,19:15,19:00,23:45,1,No Info,14714,3,06,2019,19,15,19,00,23,45
IndiGo,9/05/2019,Delhi,Cochin,DEL → COK,05:35,08:50,3:15,0,No Info,5000,9,05,2019,05,35,08,50,3,15
Multiple carriers Premium economy,21/03/2019,Delhi,Cochin,DEL → BOM → COK,06:00,21:00,15h,1,No Info,9845,21,03,2019,06,00,21,00,15h,
Jet Airways,18/05/2019,Kolkata,Banglore,CCU → BOM → BLR,18:55,16:20,21:25,1,In-flight meal not included,10844,18,05,2019,18,55,16,20,21,25
IndiGo,27/03/2019,Delhi,Cochin,DEL → BOM → COK,04:45,13:20,8:35,1,No Info,7048,27,03,2019,04,45,13,20,8,35
Jet Airways,12/06/2019,Kolkata,Banglore,CCU → DEL → BLR,09:35,10:55,25:20,1,No Info,12692,12,06,2019,09,35,10,55,25,20
Jet Airways,9/03/2019,Delhi,Cochin,DEL → BOM → COK,21:50,18:50,21h,1,In-flight meal not included,13843,9,03,2019,21,50,18,50,21h,
Jet Airways,21/03/2019,Banglore,New Delhi,BLR → BOM → DEL,14:05,07:40,17:35,1,In-flight meal not included,7832,21,03,2019,14,05,07,40,17,35
IndiGo,1/06/2019,Mumbai,Hyderabad,BOM → HYD,09:15,10:45,1:30,0,No Info,4049,1,06,2019,09,15,10,45,1,30
Jet Airways,27/03/2019,Delhi,Cochin,DEL → BOM → COK,08:00,18:50,10:50,1,No Info,12242,27,03,2019,08,00,18,50,10,50
Jet Airways,24/06/2019,Delhi,Cochin,DEL → BOM → COK,19:15,19:00,23:45,1,In-flight meal not included,10262,24,06,2019,19,15,19,00,23,45
Jet Airways,9/06/2019,Kolkata,Banglore,CCU → BOM → BLR,08:25,19:50,11:25,1,No Info,14571,9,06,2019,08,25,19,50,11,25
SpiceJet,24/05/2019,Kolkata,Banglore,CCU → BLR,17:10,19:40,2:30,0,No Info,4174,24,05,2019,17,10,19,40,2,30
Multiple carriers,27/05/2019,Delhi,Cochin,DEL → BOM → COK,06:00,12:35,6:35,1,No Info,11264,27,05,2019,06,00,12,35,6,35
IndiGo,18/04/2019,Kolkata,Banglore,CCU → BLR,21:25,00:05,2:40,0,No Info,4174,18,04,2019,21,25,00,05,2,40
IndiGo,12/06/2019,Chennai,Kolkata,MAA → CCU,05:15,07:40,2:25,0,No Info,3540,12,06,2019,05,15,07,40,2,25
Vistara,18/05/2019,Kolkata,Banglore,CCU → DEL → BLR,07:10,20:20,13:10,1,No Info,9345,18,05,2019,07,10,20,20,13,10
Air India,6/06/2019,Delhi,Cochin,DEL → AMD → BOM → COK,16:40,19:15,26:35,2,No Info,9653,6,06,2019,16,40,19,15,26,35
IndiGo,18/03/2019,Mumbai,Hyderabad,BOM → HYD,06:20,07:45,1:25,0,No Info,3342,18,03,2019,06,20,07,45,1,25
Multiple carriers,18/05/2019,Delhi,Cochin,DEL → BOM → COK,10:00,01:30,15:30,1,No Info,8073,18,05,2019,10,00,01,30,15,30
Jet Airways,1/04/2019,Kolkata,Banglore,CCU → BOM → BLR,06:30,20:45,14:15,1,In-flight meal not included,7064,1,04,2019,06,30,20,45,14,15
Jet Airways,27/06/2019,Delhi,Cochin,DEL → NAG → BOM → COK,14:35,12:35,22h,2,No Info,13376,27,06,2019,14,35,12,35,22h,
Multiple carriers,6/03/2019,Delhi,Cochin,DEL → BOM → COK,08:25,18:50,10:25,1,No Info,15135,6,03,2019,08,25,18,50,10,25
Air India,24/05/2019,Kolkata,Banglore,CCU → DEL → BLR,10:00,20:25,10:25,1,No Info,10413,24,05,2019,10,00,20,25,10,25
Vistara,1/05/2019,Kolkata,Banglore,CCU → DEL → BLR,20:20,10:45,14:25,1,No Info,9187,1,05,2019,20,20,10,45,14,25
Jet Airways,1/06/2019,Delhi,Cochin,DEL → IDR → BOM → COK,09:35,12:35,27h,2,No Info,13292,1,06,2019,09,35,12,35,27h,
IndiGo,9/03/2019,Delhi,Cochin,DEL → HYD → COK,07:35,16:10,8:35,1,No Info,6674,9,03,2019,07,35,16,10,8,35
IndiGo,9/05/2019,Delhi,Cochin,DEL → BOM → COK,17:30,01:30,8h,1,No Info,8330,9,05,2019,17,30,01,30,8h,
Multiple carriers,1/06/2019,Delhi,Cochin,DEL → BOM → COK,06:40,19:00,12:20,1,No Info,11200,1,06,2019,06,40,19,00,12,20
Jet Airways,3/06/2019,Delhi,Cochin,DEL → BOM → COK,10:00,12:35,26:35,1,In-flight meal not included,10262,3,06,2019,10,00,12,35,26,35
Vistara,15/04/2019,Delhi,Cochin,DEL → COK,14:40,17:50,3:10,0,No Info,6216,15,04,2019,14,40,17,50,3,10
Jet Airways,18/05/2019,Kolkata,Banglore,CCU → BOM → BLR,20:00,19:50,23:50,1,In-flight meal not included,10844,18,05,2019,20,00,19,50,23,50
Jet Airways,24/03/2019,Kolkata,Banglore,CCU → BOM → BLR,16:55,18:10,25:15,1,In-flight meal not included,11134,24,03,2019,16,55,18,10,25,15
IndiGo,18/06/2019,Chennai,Kolkata,MAA → CCU,22:05,00:25,2:20,0,No Info,5277,18,06,2019,22,05,00,25,2,20
Jet Airways,27/06/2019,Delhi,Cochin,DEL → ATQ → BOM → COK,08:10,12:35,28:25,2,No Info,14300,27,06,2019,08,10,12,35,28,25
Jet Airways,06/03/2019,Banglore,New Delhi,BLR → BOM → DEL,22:50,20:20,21:30,1,No Info,17471,06,03,2019,22,50,20,20,21,30
Jet Airways,21/05/2019,Kolkata,Banglore,CCU → BOM → BLR,21:10,09:20,12:10,1,In-flight meal not included,10844,21,05,2019,21,10,09,20,12,10
SpiceJet,15/03/2019,Banglore,New Delhi,BLR → DEL,05:45,08:35,2:50,0,No check-in baggage included,5469,15,03,2019,05,45,08,35,2,50
Jet Airways,9/06/2019,Delhi,Cochin,DEL → BOM → COK,14:00,12:35,22:35,1,In-flight meal not included,10262,9,06,2019,14,00,12,35,22,35
SpiceJet,6/03/2019,Delhi,Cochin,DEL → BLR → COK,16:35,22:50,6:15,1,No Info,7185,6,03,2019,16,35,22,50,6,15
Air Asia,18/06/2019,Kolkata,Banglore,CCU → BLR,19:55,22:25,2:30,0,No Info,3807,18,06,2019,19,55,22,25,2,30
Jet Airways,1/06/2019,Delhi,Cochin,DEL → BOM → COK,17:30,04:25,10:55,1,No Info,14714,1,06,2019,17,30,04,25,10,55
Vistara,6/05/2019,Kolkata,Banglore,CCU → DEL → BLR,07:10,20:20,13:10,1,No Info,8610,6,05,2019,07,10,20,20,13,10
Jet Airways,6/03/2019,Delhi,Cochin,DEL → BOM → COK,07:05,18:50,11:45,1,No Info,17234,6,03,2019,07,05,18,50,11,45
Multiple carriers,12/06/2019,Delhi,Cochin,DEL → GWL → IDR → BOM → COK,11:35,21:00,9:25,3,No Info,15629,12,06,2019,11,35,21,00,9,25
Multiple carriers,27/03/2019,Delhi,Cochin,DEL → HYD → MAA → COK,07:05,21:20,14:15,2,No Info,6128,27,03,2019,07,05,21,20,14,15
Jet Airways,9/03/2019,Delhi,Cochin,DEL → BOM → COK,16:00,04:25,12:25,1,No Info,16289,9,03,2019,16,00,04,25,12,25
Jet Airways,9/05/2019,Delhi,Cochin,DEL → JAI → BOM → COK,05:30,19:00,13:30,2,No Info,15129,9,05,2019,05,30,19,00,13,30
Jet Airways,21/03/2019,Banglore,New Delhi,BLR → BOM → DEL,14:05,10:25,20:20,1,In-flight meal not included,7832,21,03,2019,14,05,10,25,20,20
Jet Airways,01/03/2019,Banglore,New Delhi,BLR → BOM → DEL,08:00,16:10,8:10,1,No Info,22270,01,03,2019,08,00,16,10,8,10
Jet Airways,1/05/2019,Kolkata,Banglore,CCU → DEL → BLR,17:00,09:45,16:45,1,No Info,11467,1,05,2019,17,00,09,45,16,45
IndiGo,9/05/2019,Mumbai,Hyderabad,BOM → HYD,19:05,20:35,1:30,0,No Info,4392,9,05,2019,19,05,20,35,1,30
SpiceJet,6/05/2019,Kolkata,Banglore,CCU → BLR,17:10,19:40,2:30,0,No Info,4491,6,05,2019,17,10,19,40,2,30
Jet Airways,18/05/2019,Kolkata,Banglore,CCU → BOM → BLR,21:10,09:20,12:10,1,In-flight meal not included,9663,18,05,2019,21,10,09,20,12,10
IndiGo,27/06/2019,Delhi,Cochin,DEL → BOM → COK,18:35,01:30,6:55,1,No Info,5883,27,06,2019,18,35,01,30,6,55
Air India,3/03/2019,Delhi,Cochin,DEL → BOM → COK,19:00,07:40,12:40,1,No Info,14777,3,03,2019,19,00,07,40,12,40
Air Asia,21/05/2019,Kolkata,Banglore,CCU → BBI → BLR,06:50,10:30,3:40,1,No Info,5162,21,05,2019,06,50,10,30,3,40
IndiGo,1/06/2019,Kolkata,Banglore,CCU → BLR,21:25,00:05,2:40,0,No Info,4804,1,06,2019,21,25,00,05,2,40
Jet Airways,12/06/2019,Kolkata,Banglore,CCU → BOM → BLR,14:05,12:00,21:55,1,In-flight meal not included,8529,12,06,2019,14,05,12,00,21,55
Jet Airways,9/06/2019,Kolkata,Banglore,CCU → BOM → BLR,06:30,16:20,9:50,1,In-flight meal not included,10844,9,06,2019,06,30,16,20,9,50
SpiceJet,9/04/2019,Kolkata,Banglore,CCU → BLR,06:55,09:30,2:35,0,No Info,3873,9,04,2019,06,55,09,30,2,35
IndiGo,12/06/2019,Kolkata,Banglore,CCU → BLR,09:35,12:20,2:45,0,No Info,4804,12,06,2019,09,35,12,20,2,45
Jet Airways,12/05/2019,Mumbai,Hyderabad,BOM → HYD,02:55,04:20,1:25,0,No Info,5678,12,05,2019,02,55,04,20,1,25
Jet Airways,1/04/2019,Kolkata,Banglore,CCU → BOM → BLR,06:30,18:15,11:45,1,No Info,12681,1,04,2019,06,30,18,15,11,45
Jet Airways,15/03/2019,Banglore,New Delhi,BLR → BDQ → DEL,05:50,12:20,6:30,1,No Info,9623,15,03,2019,05,50,12,20,6,30
Multiple carriers,3/03/2019,Delhi,Cochin,DEL → BOM → COK,08:55,21:00,12:5,1,No Info,15147,3,03,2019,08,55,21,00,12,5
Vistara,24/05/2019,Kolkata,Banglore,CCU → DEL → BLR,07:10,23:25,16:15,1,No Info,9345,24,05,2019,07,10,23,25,16,15
Jet Airways,6/05/2019,Kolkata,Banglore,CCU → BOM → BLR,18:55,10:05,15:10,1,In-flight meal not included,7757,6,05,2019,18,55,10,05,15,10
Jet Airways,12/05/2019,Kolkata,Banglore,CCU → BOM → BLR,16:30,12:00,19:30,1,In-flight meal not included,10844,12,05,2019,16,30,12,00,19,30
Air India,03/03/2019,Banglore,New Delhi,BLR → CCU → GAU → DEL,11:05,22:10,35:5,2,No Info,11948,03,03,2019,11,05,22,10,35,5
Jet Airways,27/06/2019,Delhi,Cochin,DEL → NAG → BOM → COK,06:45,12:35,29:50,2,No Info,13376,27,06,2019,06,45,12,35,29,50
Air India,15/05/2019,Kolkata,Banglore,CCU → HYD → BLR,19:00,04:40,9:40,1,No Info,6117,15,05,2019,19,00,04,40,9,40
IndiGo,6/03/2019,Delhi,Cochin,DEL → HYD → COK,04:55,16:10,11:15,1,No Info,6171,6,03,2019,04,55,16,10,11,15
Jet Airways,12/06/2019,Kolkata,Banglore,CCU → BOM → BLR,14:05,19:50,5:45,1,No Info,13626,12,06,2019,14,05,19,50,5,45
Jet Airways,06/03/2019,Banglore,New Delhi,BLR → BOM → DEL,21:25,19:10,21:45,1,No Info,17471,06,03,2019,21,25,19,10,21,45
Multiple carriers,21/03/2019,Delhi,Cochin,DEL → BOM → COK,10:20,19:15,8:55,1,No Info,7531,21,03,2019,10,20,19,15,8,55
Jet Airways,9/05/2019,Delhi,Cochin,DEL → BOM → COK,15:00,04:25,13:25,1,In-flight meal not included,12373,9,05,2019,15,00,04,25,13,25
Jet Airways,27/05/2019,Delhi,Cochin,DEL → BOM → COK,07:05,12:35,5:30,1,No Info,16289,27,05,2019,07,05,12,35,5,30
IndiGo,24/03/2019,Banglore,New Delhi,BLR → DEL,10:10,13:00,2:50,0,No Info,4777,24,03,2019,10,10,13,00,2,50
Jet Airways,21/04/2019,Banglore,Delhi,BLR → DEL,08:20,11:20,3h,0,In-flight meal not included,5198,21,04,2019,08,20,11,20,3h,
Jet Airways,6/06/2019,Kolkata,Banglore,CCU → BOM → BLR,14:05,23:35,9:30,1,In-flight meal not included,10844,6,06,2019,14,05,23,35,9,30
Air India,18/05/2019,Banglore,Delhi,BLR → DEL,17:00,19:45,2:45,0,No Info,7171,18,05,2019,17,00,19,45,2,45
Air India,27/06/2019,Delhi,Cochin,DEL → JAI → BOM → COK,18:45,19:15,24:30,2,No Info,11942,27,06,2019,18,45,19,15,24,30
IndiGo,27/04/2019,Banglore,Delhi,BLR → DEL,10:30,13:20,2:50,0,No Info,4423,27,04,2019,10,30,13,20,2,50
Vistara,18/03/2019,Delhi,Cochin,DEL → COK,14:55,17:50,2:55,0,No Info,5586,18,03,2019,14,55,17,50,2,55
Jet Airways,24/03/2019,Kolkata,Banglore,CCU → BOM → BLR,16:55,12:00,19:5,1,In-flight meal not included,11134,24,03,2019,16,55,12,00,19,5
Air Asia,24/03/2019,Banglore,New Delhi,BLR → DEL,05:50,08:40,2:50,0,No Info,4284,24,03,2019,05,50,08,40,2,50
Air India,1/05/2019,Kolkata,Banglore,CCU → BLR,14:15,16:45,2:30,0,No Info,6245,1,05,2019,14,15,16,45,2,30
SpiceJet,15/03/2019,Banglore,New Delhi,BLR → PNQ → DEL,10:20,18:15,7:55,1,No Info,10341,15,03,2019,10,20,18,15,7,55
SpiceJet,03/03/2019,Banglore,New Delhi,BLR → DEL,05:45,08:35,2:50,0,No Info,6860,03,03,2019,05,45,08,35,2,50
Air India,3/04/2019,Mumbai,Hyderabad,BOM → HYD,19:30,20:45,1:15,0,No Info,2050,3,04,2019,19,30,20,45,1,15
Multiple carriers,24/06/2019,Delhi,Cochin,DEL → BOM → COK,17:45,01:30,7:45,1,In-flight meal not included,5797,24,06,2019,17,45,01,30,7,45
IndiGo,09/03/2019,Banglore,New Delhi,BLR → DEL,08:30,11:30,3h,0,No Info,7648,09,03,2019,08,30,11,30,3h,
Air India,15/03/2019,Banglore,New Delhi,BLR → DEL,21:10,23:55,2:45,0,No Info,8851,15,03,2019,21,10,23,55,2,45
Air India,6/06/2019,Kolkata,Banglore,CCU → DEL → AMD → BLR,10:00,05:25,19:25,2,No Info,13007,6,06,2019,10,00,05,25,19,25
Jet Airways,24/05/2019,Kolkata,Banglore,CCU → DEL → BLR,09:35,09:45,24:10,1,No Info,13067,24,05,2019,09,35,09,45,24,10
IndiGo,18/03/2019,Banglore,New Delhi,BLR → HYD → DEL,16:55,21:50,4:55,1,No Info,4049,18,03,2019,16,55,21,50,4,55
Jet Airways,12/06/2019,Kolkata,Banglore,CCU → DEL → BLR,17:00,18:00,25h,1,No Info,12692,12,06,2019,17,00,18,00,25h,
Air India,9/05/2019,Chennai,Kolkata,MAA → CCU,11:40,13:55,2:15,0,No Info,4667,9,05,2019,11,40,13,55,2,15
Multiple carriers,3/03/2019,Delhi,Cochin,DEL → HYD → MAA → COK,07:10,21:20,14:10,2,In-flight meal not included,8938,3,03,2019,07,10,21,20,14,10
IndiGo,21/03/2019,Delhi,Cochin,DEL → BOM → COK,07:30,15:30,8h,1,No Info,10208,21,03,2019,07,30,15,30,8h,
Multiple carriers,3/06/2019,Delhi,Cochin,DEL → BOM → COK,11:25,19:15,7:50,1,No Info,7354,3,06,2019,11,25,19,15,7,50
Air India,21/04/2019,Banglore,Delhi,BLR → DEL,17:00,19:45,2:45,0,No Info,5438,21,04,2019,17,00,19,45,2,45
Air Asia,24/05/2019,Kolkata,Banglore,CCU → BLR,22:50,01:20,2:30,0,No Info,4107,24,05,2019,22,50,01,20,2,30
Jet Airways,24/03/2019,Kolkata,Banglore,CCU → BOM → BLR,19:45,12:00,16:15,1,In-flight meal not included,11134,24,03,2019,19,45,12,00,16,15
Jet Airways,15/06/2019,Delhi,Cochin,DEL → BOM → COK,20:55,12:35,15:40,1,In-flight meal not included,10262,15,06,2019,20,55,12,35,15,40
Air India,24/05/2019,Kolkata,Banglore,CCU → DEL → COK → BLR,07:00,01:20,18:20,2,No Info,14083,24,05,2019,07,00,01,20,18,20
Vistara,9/06/2019,Kolkata,Banglore,CCU → DEL → BLR,07:10,23:25,16:15,1,No Info,9345,9,06,2019,07,10,23,25,16,15
Jet Airways,9/05/2019,Delhi,Cochin,DEL → BOM → COK,17:30,12:35,19:5,1,In-flight meal not included,12373,9,05,2019,17,30,12,35,19,5
Multiple carriers,15/06/2019,Delhi,Cochin,DEL → BOM → COK,16:00,01:30,9:30,1,In-flight meal not included,10196,15,06,2019,16,00,01,30,9,30
IndiGo,15/04/2019,Delhi,Cochin,DEL → BOM → COK,16:00,21:00,5h,1,No Info,5947,15,04,2019,16,00,21,00,5h,
Jet Airways,12/06/2019,Kolkata,Banglore,CCU → BOM → BLR,14:05,09:20,19:15,1,No Info,13044,12,06,2019,14,05,09,20,19,15
Jet Airways,18/05/2019,Kolkata,Banglore,CCU → BOM → BLR,05:45,09:20,27:35,1,In-flight meal not included,9663,18,05,2019,05,45,09,20,27,35
Jet Airways,01/03/2019,Banglore,New Delhi,BLR → BOM → DEL,05:45,20:20,14:35,1,No Info,27992,01,03,2019,05,45,20,20,14,35
IndiGo,24/03/2019,Kolkata,Banglore,CCU → HYD → BLR,15:10,19:50,4:40,1,No Info,7476,24,03,2019,15,10,19,50,4,40
Air India,9/06/2019,Kolkata,Banglore,CCU → DEL → BLR,07:00,20:25,13:25,1,No Info,10413,9,06,2019,07,00,20,25,13,25
Multiple carriers,1/06/2019,Delhi,Cochin,DEL → BOM → COK,11:40,19:15,7:35,1,No Info,10261,1,06,2019,11,40,19,15,7,35
Jet Airways,6/06/2019,Kolkata,Banglore,CCU → DEL → BLR,09:35,23:35,14h,1,No Info,14151,6,06,2019,09,35,23,35,14h,
Air India,6/04/2019,Banglore,Delhi,BLR → DEL,06:10,08:55,2:45,0,No Info,5176,6,04,2019,06,10,08,55,2,45
Jet Airways,6/06/2019,Delhi,Cochin,DEL → BOM → COK,10:00,04:25,18:25,1,No Info,14714,6,06,2019,10,00,04,25,18,25
Jet Airways,15/05/2019,Kolkata,Banglore,CCU → DEL → BLR,17:00,14:25,21:25,1,In-flight meal not included,9314,15,05,2019,17,00,14,25,21,25
Jet Airways,24/06/2019,Delhi,Cochin,DEL → BOM → COK,21:50,04:25,6:35,1,No Info,14714,24,06,2019,21,50,04,25,6,35
Multiple carriers,6/06/2019,Delhi,Cochin,DEL → BOM → COK,08:00,19:00,11h,1,No Info,12192,6,06,2019,08,00,19,00,11h,
SpiceJet,3/04/2019,Mumbai,Hyderabad,BOM → HYD,22:45,00:15,1:30,0,No Info,1759,3,04,2019,22,45,00,15,1,30
IndiGo,27/03/2019,Delhi,Cochin,DEL → MAA → COK,02:05,07:25,5:20,1,No Info,4744,27,03,2019,02,05,07,25,5,20
Jet Airways,21/05/2019,Banglore,Delhi,BLR → DEL,19:50,22:50,3h,0,No Info,7229,21,05,2019,19,50,22,50,3h,
Jet Airways,9/03/2019,Delhi,Cochin,DEL → BOM → COK,00:20,04:25,28:5,1,No Info,15029,9,03,2019,00,20,04,25,28,5
IndiGo,15/03/2019,Kolkata,Banglore,CCU → BLR,20:25,23:05,2:40,0,No Info,4462,15,03,2019,20,25,23,05,2,40
SpiceJet,12/03/2019,Chennai,Kolkata,MAA → CCU,08:20,10:35,2:15,0,No Info,6300,12,03,2019,08,20,10,35,2,15
Air India,21/03/2019,Mumbai,Hyderabad,BOM → HYD,19:30,20:45,1:15,0,No Info,2575,21,03,2019,19,30,20,45,1,15
Jet Airways,12/03/2019,Banglore,New Delhi,BLR → BOM → DEL,18:55,19:10,24:15,1,In-flight meal not included,11087,12,03,2019,18,55,19,10,24,15
Multiple carriers,27/03/2019,Delhi,Cochin,DEL → BOM → COK,04:00,13:20,9:20,1,No Info,6305,27,03,2019,04,00,13,20,9,20
Vistara,09/03/2019,Banglore,New Delhi,BLR → DEL,19:40,22:20,2:40,0,No Info,8290,09,03,2019,19,40,22,20,2,40
Jet Airways,18/06/2019,Banglore,Delhi,BLR → DEL,07:10,10:10,3h,0,In-flight meal not included,5769,18,06,2019,07,10,10,10,3h,
IndiGo,12/04/2019,Banglore,Delhi,BLR → DEL,21:15,00:15,3h,0,No Info,4990,12,04,2019,21,15,00,15,3h,
Air Asia,03/03/2019,Banglore,New Delhi,BLR → DEL,23:25,02:10,2:45,0,No Info,6135,03,03,2019,23,25,02,10,2,45
IndiGo,27/03/2019,Delhi,Cochin,DEL → BLR → COK,02:00,07:45,5:45,1,No Info,5733,27,03,2019,02,00,07,45,5,45
Multiple carriers,15/05/2019,Delhi,Cochin,DEL → BOM → COK,06:00,21:00,15h,1,No Info,7670,15,05,2019,06,00,21,00,15h,
Jet Airways,27/06/2019,Delhi,Cochin,DEL → AMD → BOM → COK,19:10,19:00,23:50,2,No Info,12819,27,06,2019,19,10,19,00,23,50
IndiGo,3/05/2019,Banglore,Delhi,BLR → DEL,20:00,22:50,2:50,0,No Info,4823,3,05,2019,20,00,22,50,2,50
IndiGo,9/05/2019,Delhi,Cochin,DEL → BOM → COK,04:55,21:00,16:5,1,No Info,6979,9,05,2019,04,55,21,00,16,5
Air India,24/03/2019,Kolkata,Banglore,CCU → BOM → BLR,09:25,18:30,9:5,1,No Info,10493,24,03,2019,09,25,18,30,9,5
Air India,9/03/2019,Delhi,Cochin,DEL → BHO → BOM → COK,20:00,19:15,23:15,2,No Info,16111,9,03,2019,20,00,19,15,23,15
Air India,9/06/2019,Delhi,Cochin,DEL → GOI → BOM → COK,22:00,19:15,21:15,2,No Info,10651,9,06,2019,22,00,19,15,21,15
IndiGo,27/05/2019,Delhi,Cochin,DEL → HYD → COK,05:05,16:10,11:5,1,No Info,6600,27,05,2019,05,05,16,10,11,5
Jet Airways,12/06/2019,Delhi,Cochin,DEL → NAG → BOM → COK,14:35,12:35,22h,2,In-flight meal not included,10919,12,06,2019,14,35,12,35,22h,
IndiGo,21/03/2019,Kolkata,Banglore,CCU → BLR,10:10,12:55,2:45,0,No Info,5198,21,03,2019,10,10,12,55,2,45
Air India,12/03/2019,Banglore,New Delhi,BLR → BOM → JDH → DEL,08:50,16:20,31:30,2,No Info,12778,12,03,2019,08,50,16,20,31,30
IndiGo,27/03/2019,Mumbai,Hyderabad,BOM → HYD,19:05,20:30,1:25,0,No Info,2754,27,03,2019,19,05,20,30,1,25
Jet Airways,9/05/2019,Delhi,Cochin,DEL → AMD → BOM → COK,23:05,19:00,19:55,2,No Info,15129,9,05,2019,23,05,19,00,19,55
IndiGo,9/05/2019,Delhi,Cochin,DEL → BOM → COK,20:25,01:30,5:5,1,No Info,7255,9,05,2019,20,25,01,30,5,5
Multiple carriers,21/03/2019,Delhi,Cochin,DEL → BOM → COK,07:05,13:20,6:15,1,No Info,14486,21,03,2019,07,05,13,20,6,15
GoAir,21/04/2019,Delhi,Cochin,DEL → BOM → COK,07:00,12:55,5:55,1,No Info,6591,21,04,2019,07,00,12,55,5,55
SpiceJet,21/05/2019,Banglore,Delhi,BLR → DEL,21:10,00:05,2:55,0,No check-in baggage included,3573,21,05,2019,21,10,00,05,2,55
Jet Airways,1/06/2019,Delhi,Cochin,DEL → BOM → COK,15:00,12:35,21:35,1,In-flight meal not included,10262,1,06,2019,15,00,12,35,21,35
Jet Airways,15/05/2019,Kolkata,Banglore,CCU → BOM → BLR,18:55,10:05,15:10,1,No Info,14388,15,05,2019,18,55,10,05,15,10
Jet Airways,3/06/2019,Delhi,Cochin,DEL → BOM → COK,17:30,19:00,25:30,1,No Info,14714,3,06,2019,17,30,19,00,25,30
Jet Airways,12/06/2019,Delhi,Cochin,DEL → JAI → BOM → COK,19:30,12:35,17:5,2,In-flight meal not included,10368,12,06,2019,19,30,12,35,17,5
SpiceJet,21/03/2019,Chennai,Kolkata,MAA → CCU,09:30,12:05,2:35,0,No Info,3384,21,03,2019,09,30,12,05,2,35
Air India,24/03/2019,Kolkata,Banglore,CCU → BBI → BLR,12:00,13:40,25:40,1,No Info,7742,24,03,2019,12,00,13,40,25,40
IndiGo,9/06/2019,Delhi,Cochin,DEL → BLR → COK,02:00,07:45,5:45,1,No Info,6386,9,06,2019,02,00,07,45,5,45
Jet Airways,6/06/2019,Banglore,Delhi,BLR → DEL,18:55,22:00,3:5,0,In-flight meal not included,7229,6,06,2019,18,55,22,00,3,5
Air India,6/05/2019,Kolkata,Banglore,CCU → BOM → BLR,09:25,18:30,9:5,1,No Info,8891,6,05,2019,09,25,18,30,9,5
Multiple carriers,1/06/2019,Delhi,Cochin,DEL → BOM → COK,13:00,21:00,8h,1,No Info,13587,1,06,2019,13,00,21,00,8h,
IndiGo,27/03/2019,Delhi,Cochin,DEL → BOM → COK,07:30,13:20,5:50,1,No Info,8227,27,03,2019,07,30,13,20,5,50
Air India,1/04/2019,Kolkata,Banglore,CCU → GAU → DEL → BLR,09:50,23:15,13:25,2,No Info,12125,1,04,2019,09,50,23,15,13,25
SpiceJet,15/06/2019,Kolkata,Banglore,CCU → BLR,22:20,00:40,2:20,0,No Info,3873,15,06,2019,22,20,00,40,2,20
Multiple carriers,12/06/2019,Delhi,Cochin,DEL → BOM → COK,16:00,01:30,9:30,1,No Info,13377,12,06,2019,16,00,01,30,9,30
Jet Airways,12/05/2019,Kolkata,Banglore,CCU → DEL → BLR,20:25,23:35,27:10,1,No Info,10953,12,05,2019,20,25,23,35,27,10
SpiceJet,9/03/2019,Kolkata,Banglore,CCU → BLR,06:55,09:35,2:40,0,No Info,4622,9,03,2019,06,55,09,35,2,40
Jet Airways,24/03/2019,Kolkata,Banglore,CCU → BOM → BLR,13:55,10:05,20:10,1,No Info,14231,24,03,2019,13,55,10,05,20,10
Jet Airways,24/06/2019,Delhi,Cochin,DEL → BOM → COK,21:50,19:00,21:10,1,In-flight meal not included,10262,24,06,2019,21,50,19,00,21,10
IndiGo,15/04/2019,Banglore,Delhi,BLR → DEL,22:10,01:00,2:50,0,No Info,3943,15,04,2019,22,10,01,00,2,50
Vistara,12/05/2019,Kolkata,Banglore,CCU → DEL → BLR,20:20,20:20,24h,1,No Info,8610,12,05,2019,20,20,20,20,24h,
Multiple carriers,21/03/2019,Delhi,Cochin,DEL → HYD → COK,07:05,22:20,15:15,1,No Info,6717,21,03,2019,07,05,22,20,15,15
Multiple carriers,24/06/2019,Delhi,Cochin,DEL → BOM → COK,08:30,19:00,10:30,1,No Info,10877,24,06,2019,08,30,19,00,10,30
IndiGo,1/05/2019,Kolkata,Banglore,CCU → HYD → BLR,15:15,20:05,4:50,1,No Info,4775,1,05,2019,15,15,20,05,4,50
Jet Airways,9/06/2019,Kolkata,Banglore,CCU → BOM → BLR,16:30,22:35,6:5,1,No Info,14571,9,06,2019,16,30,22,35,6,5
SpiceJet,24/03/2019,Banglore,New Delhi,BLR → DEL,09:35,12:30,2:55,0,No check-in baggage included,6205,24,03,2019,09,35,12,30,2,55
Jet Airways,18/05/2019,Kolkata,Banglore,CCU → DEL → BLR,20:25,18:00,21:35,1,No Info,14151,18,05,2019,20,25,18,00,21,35
Multiple carriers,27/03/2019,Delhi,Cochin,DEL → BOM → COK,11:40,21:00,9:20,1,No Info,6637,27,03,2019,11,40,21,00,9,20
Air India,03/03/2019,Banglore,New Delhi,BLR → TRV → COK → DEL,07:30,10:50,27:20,2,No Info,12074,03,03,2019,07,30,10,50,27,20
IndiGo,21/06/2019,Kolkata,Banglore,CCU → BLR,11:30,14:05,2:35,0,No Info,4804,21,06,2019,11,30,14,05,2,35
IndiGo,6/05/2019,Kolkata,Banglore,CCU → PNQ → BLR,21:00,02:15,5:15,1,No Info,7252,6,05,2019,21,00,02,15,5,15
IndiGo,3/06/2019,Delhi,Cochin,DEL → HYD → COK,07:35,12:10,4:35,1,No Info,6069,3,06,2019,07,35,12,10,4,35
Jet Airways,9/05/2019,Delhi,Cochin,DEL → BOM → COK,11:30,19:00,7:30,1,No Info,15554,9,05,2019,11,30,19,00,7,30
IndiGo,18/05/2019,Chennai,Kolkata,MAA → CCU,15:40,18:25,2:45,0,No Info,3850,18,05,2019,15,40,18,25,2,45
Air India,18/05/2019,Delhi,Cochin,DEL → JAI → BOM → COK,18:45,19:15,24:30,2,No Info,12940,18,05,2019,18,45,19,15,24,30
SpiceJet,1/05/2019,Kolkata,Banglore,CCU → IXB → BLR,11:15,18:30,7:15,1,No Info,8844,1,05,2019,11,15,18,30,7,15
Jet Airways,12/06/2019,Delhi,Cochin,DEL → BOM → COK,07:05,19:00,11:55,1,In-flight meal not included,15190,12,06,2019,07,05,19,00,11,55
Jet Airways,15/03/2019,Banglore,New Delhi,BLR → BOM → DEL,08:00,16:10,8:10,1,In-flight meal not included,9134,15,03,2019,08,00,16,10,8,10
Jet Airways,9/04/2019,Delhi,Cochin,DEL → BOM → COK,20:55,12:35,15:40,1,No Info,11822,9,04,2019,20,55,12,35,15,40
Multiple carriers,9/05/2019,Delhi,Cochin,DEL → BOM → COK,15:00,01:30,10:30,1,No Info,15078,9,05,2019,15,00,01,30,10,30
SpiceJet,1/03/2019,Mumbai,Hyderabad,BOM → HYD,22:45,00:10,1:25,0,No Info,11005,1,03,2019,22,45,00,10,1,25
IndiGo,21/03/2019,Delhi,Cochin,DEL → BOM → COK,15:00,01:35,10:35,1,No Info,7006,21,03,2019,15,00,01,35,10,35
IndiGo,09/03/2019,Banglore,New Delhi,BLR → HYD → DEL,16:55,21:50,4:55,1,No Info,4259,09,03,2019,16,55,21,50,4,55
Air India,9/03/2019,Delhi,Cochin,DEL → HYD → BOM → COK,21:30,19:15,21:45,2,No Info,11762,9,03,2019,21,30,19,15,21,45
Jet Airways,24/03/2019,Banglore,New Delhi,BLR → BOM → DEL,08:55,09:00,24:5,1,In-flight meal not included,8147,24,03,2019,08,55,09,00,24,5
SpiceJet,27/05/2019,Kolkata,Banglore,CCU → BLR,06:55,09:30,2:35,0,No check-in baggage included,3841,27,05,2019,06,55,09,30,2,35
IndiGo,3/04/2019,Kolkata,Banglore,CCU → BLR,17:15,19:50,2:35,0,No Info,4174,3,04,2019,17,15,19,50,2,35
Jet Airways,27/05/2019,Delhi,Cochin,DEL → BOM → COK,17:30,04:25,10:55,1,In-flight meal not included,12898,27,05,2019,17,30,04,25,10,55
SpiceJet,6/06/2019,Delhi,Cochin,DEL → MAA → COK,15:45,22:05,6:20,1,No Info,5583,6,06,2019,15,45,22,05,6,20
Jet Airways,6/06/2019,Delhi,Cochin,DEL → BOM → COK,11:30,19:00,7:30,1,In-flight meal not included,10262,6,06,2019,11,30,19,00,7,30
Jet Airways,6/05/2019,Banglore,Delhi,BLR → DEL,06:00,08:45,2:45,0,No Info,7229,6,05,2019,06,00,08,45,2,45
Jet Airways,21/05/2019,Delhi,Cochin,DEL → JAI → BOM → COK,05:30,04:25,22:55,2,No Info,15129,21,05,2019,05,30,04,25,22,55
Vistara,9/06/2019,Banglore,Delhi,BLR → DEL,21:00,23:50,2:50,0,No Info,4668,9,06,2019,21,00,23,50,2,50
IndiGo,18/04/2019,Banglore,Delhi,BLR → DEL,18:25,21:20,2:55,0,No Info,4990,18,04,2019,18,25,21,20,2,55
IndiGo,24/03/2019,Kolkata,Banglore,CCU → BLR,22:10,00:55,2:45,0,No Info,6985,24,03,2019,22,10,00,55,2,45
IndiGo,3/04/2019,Banglore,Delhi,BLR → DEL,16:55,19:55,3h,0,No Info,4823,3,04,2019,16,55,19,55,3h,
Vistara,18/05/2019,Kolkata,Banglore,CCU → DEL → BLR,07:10,18:50,11:40,1,No Info,9345,18,05,2019,07,10,18,50,11,40
Jet Airways,15/05/2019,Kolkata,Banglore,CCU → BOM → BLR,14:05,16:20,26:15,1,In-flight meal not included,10844,15,05,2019,14,05,16,20,26,15
Jet Airways,9/05/2019,Delhi,Cochin,DEL → IDR → BOM → COK,09:35,12:35,27h,2,No Info,14657,9,05,2019,09,35,12,35,27h,
IndiGo,3/06/2019,Delhi,Cochin,DEL → HYD → COK,05:05,16:10,11:5,1,No Info,6818,3,06,2019,05,05,16,10,11,5
Air India,15/05/2019,Delhi,Cochin,DEL → NAG → BOM → COK,05:55,07:40,25:45,2,No Info,11543,15,05,2019,05,55,07,40,25,45
SpiceJet,24/03/2019,Mumbai,Hyderabad,BOM → HYD,22:45,00:10,1:25,0,No check-in baggage included,2175,24,03,2019,22,45,00,10,1,25
Jet Airways,6/06/2019,Kolkata,Banglore,CCU → BOM → BLR,18:55,16:20,21:25,1,In-flight meal not included,10844,6,06,2019,18,55,16,20,21,25
Jet Airways,1/04/2019,Mumbai,Hyderabad,BOM → HYD,07:05,08:30,1:25,0,No Info,8040,1,04,2019,07,05,08,30,1,25
Jet Airways,6/06/2019,Kolkata,Banglore,CCU → BOM → BLR,08:25,20:45,12:20,1,No Info,14571,6,06,2019,08,25,20,45,12,20
Jet Airways,9/06/2019,Kolkata,Banglore,CCU → BOM → BLR,06:30,12:00,5:30,1,No Info,14571,9,06,2019,06,30,12,00,5,30
Jet Airways,21/05/2019,Delhi,Cochin,DEL → BOM → COK,16:00,12:35,20:35,1,In-flight meal not included,12898,21,05,2019,16,00,12,35,20,35
Multiple carriers,12/06/2019,Delhi,Cochin,DEL → BOM → COK,10:00,19:15,9:15,1,No Info,14848,12,06,2019,10,00,19,15,9,15
Multiple carriers,18/05/2019,Delhi,Cochin,DEL → BOM → COK,19:00,01:30,6:30,1,No Info,8283,18,05,2019,19,00,01,30,6,30
Jet Airways,21/04/2019,Banglore,Delhi,BLR → DEL,15:15,18:10,2:55,0,No Info,7229,21,04,2019,15,15,18,10,2,55
Multiple carriers,18/05/2019,Delhi,Cochin,DEL → BOM → COK,11:40,01:30,13:50,1,No Info,8405,18,05,2019,11,40,01,30,13,50
Jet Airways,3/03/2019,Delhi,Cochin,DEL → BHO → BOM → COK,05:40,04:25,22:45,2,No Info,19266,3,03,2019,05,40,04,25,22,45
Air India,6/03/2019,Delhi,Cochin,DEL → BLR → COK,17:40,08:15,14:35,1,No Info,11038,6,03,2019,17,40,08,15,14,35
Jet Airways,12/06/2019,Banglore,Delhi,BLR → DEL,18:55,22:00,3:5,0,No Info,8016,12,06,2019,18,55,22,00,3,5
SpiceJet,21/03/2019,Chennai,Kolkata,MAA → CCU,17:45,20:05,2:20,0,No Info,3384,21,03,2019,17,45,20,05,2,20
IndiGo,9/04/2019,Delhi,Cochin,DEL → BOM → COK,18:35,01:30,6:55,1,No Info,6573,9,04,2019,18,35,01,30,6,55
Jet Airways,24/06/2019,Delhi,Cochin,DEL → AMD → BOM → COK,23:05,19:00,19:55,2,No Info,12819,24,06,2019,23,05,19,00,19,55
Jet Airways,21/05/2019,Delhi,Cochin,DEL → JAI → BOM → COK,09:40,04:25,18:45,2,No Info,15129,21,05,2019,09,40,04,25,18,45
IndiGo,27/06/2019,Banglore,Delhi,BLR → DEL,23:30,02:20,2:50,0,No Info,3943,27,06,2019,23,30,02,20,2,50
Jet Airways,24/03/2019,Banglore,New Delhi,BLR → BOM → DEL,22:50,12:15,13:25,1,In-flight meal not included,7832,24,03,2019,22,50,12,15,13,25
IndiGo,24/03/2019,Banglore,New Delhi,BLR → DEL,07:10,10:05,2:55,0,No Info,6860,24,03,2019,07,10,10,05,2,55
IndiGo,12/05/2019,Banglore,Delhi,BLR → DEL,18:25,21:20,2:55,0,No Info,4823,12,05,2019,18,25,21,20,2,55
Air India,6/05/2019,Banglore,Delhi,BLR → DEL,17:00,19:45,2:45,0,No Info,5228,6,05,2019,17,00,19,45,2,45
Jet Airways,1/04/2019,Kolkata,Banglore,CCU → BOM → BLR,14:05,19:50,5:45,1,No Info,13364,1,04,2019,14,05,19,50,5,45
Jet Airways,18/03/2019,Banglore,New Delhi,BLR → BOM → DEL,16:55,07:40,14:45,1,No Info,13555,18,03,2019,16,55,07,40,14,45
IndiGo,6/03/2019,Chennai,Kolkata,MAA → CCU,22:05,00:25,2:20,0,No Info,5277,6,03,2019,22,05,00,25,2,20
Air India,12/05/2019,Kolkata,Banglore,CCU → DEL → COK → BLR,07:00,01:20,18:20,2,No Info,13243,12,05,2019,07,00,01,20,18,20
Multiple carriers,9/05/2019,Delhi,Cochin,DEL → BOM → COK,06:00,19:00,13h,1,No Info,9794,9,05,2019,06,00,19,00,13h,
Jet Airways,6/06/2019,Banglore,Delhi,BLR → DEL,06:00,08:45,2:45,0,No Info,8016,6,06,2019,06,00,08,45,2,45
Multiple carriers,1/06/2019,Delhi,Cochin,DEL → BOM → COK,17:30,01:30,8h,1,No Info,13377,1,06,2019,17,30,01,30,8h,
Jet Airways,9/06/2019,Kolkata,Banglore,CCU → DEL → BLR,17:00,22:05,29:5,1,No Info,12692,9,06,2019,17,00,22,05,29,5
Air India,6/06/2019,Kolkata,Banglore,CCU → JAI → BOM → BLR,08:20,18:30,10:10,2,No Info,10697,6,06,2019,08,20,18,30,10,10
SpiceJet,27/03/2019,Chennai,Kolkata,MAA → CCU,09:30,12:05,2:35,0,No Info,3384,27,03,2019,09,30,12,05,2,35
IndiGo,9/05/2019,Delhi,Cochin,DEL → HYD → COK,06:50,22:30,15:40,1,No Info,6734,9,05,2019,06,50,22,30,15,40
Jet Airways,6/06/2019,Kolkata,Banglore,CCU → BOM → BLR,20:00,09:20,13:20,1,In-flight meal not included,10844,6,06,2019,20,00,09,20,13,20
Air India,24/05/2019,Banglore,Delhi,BLR → DEL,21:05,23:55,2:50,0,No Info,5228,24,05,2019,21,05,23,55,2,50
Air India,24/05/2019,Kolkata,Banglore,CCU → BOM → BLR,09:25,11:10,25:45,1,No Info,8891,24,05,2019,09,25,11,10,25,45
IndiGo,27/03/2019,Chennai,Kolkata,MAA → CCU,07:55,10:15,2:20,0,No Info,3384,27,03,2019,07,55,10,15,2,20
Multiple carriers,3/03/2019,Delhi,Cochin,DEL → BOM → COK,08:00,21:00,13h,1,No Info,17057,3,03,2019,08,00,21,00,13h,
IndiGo,3/04/2019,Kolkata,Banglore,CCU → HYD → BLR,19:20,23:45,4:25,1,No Info,3480,3,04,2019,19,20,23,45,4,25
SpiceJet,3/05/2019,Banglore,Delhi,BLR → DEL,09:30,12:20,2:50,0,No Info,4423,3,05,2019,09,30,12,20,2,50
Jet Airways,9/06/2019,Kolkata,Banglore,CCU → BOM → BLR,06:30,04:40,22:10,1,No Info,14178,9,06,2019,06,30,04,40,22,10
SpiceJet,24/06/2019,Delhi,Cochin,DEL → PNQ → COK,08:45,13:15,4:30,1,No check-in baggage included,4760,24,06,2019,08,45,13,15,4,30
Jet Airways,1/04/2019,Kolkata,Banglore,CCU → DEL → BLR,20:25,09:45,13:20,1,No Info,14151,1,04,2019,20,25,09,45,13,20
Jet Airways,1/04/2019,Kolkata,Banglore,CCU → BOM → BLR,20:00,16:20,20:20,1,No Info,12681,1,04,2019,20,00,16,20,20,20
Jet Airways,3/04/2019,Delhi,Cochin,DEL → COK,11:00,14:15,3:15,0,In-flight meal not included,4886,3,04,2019,11,00,14,15,3,15
Air Asia,21/06/2019,Kolkata,Banglore,CCU → BLR,10:20,12:55,2:35,0,No Info,3807,21,06,2019,10,20,12,55,2,35
IndiGo,18/05/2019,Kolkata,Banglore,CCU → BLR,04:40,07:15,2:35,0,No Info,4804,18,05,2019,04,40,07,15,2,35
IndiGo,09/03/2019,Banglore,New Delhi,BLR → HYD → DEL,07:30,12:20,4:50,1,No Info,5694,09,03,2019,07,30,12,20,4,50
Multiple carriers,24/05/2019,Delhi,Cochin,DEL → BOM → COK,09:00,19:00,10h,1,No Info,10197,24,05,2019,09,00,19,00,10h,
IndiGo,15/06/2019,Banglore,Delhi,BLR → DEL,23:30,02:20,2:50,0,No Info,4077,15,06,2019,23,30,02,20,2,50
Jet Airways,1/05/2019,Kolkata,Banglore,CCU → BOM → BLR,06:30,18:15,11:45,1,No Info,14781,1,05,2019,06,30,18,15,11,45
IndiGo,9/05/2019,Kolkata,Banglore,CCU → BLR,11:30,14:05,2:35,0,No Info,5224,9,05,2019,11,30,14,05,2,35
IndiGo,24/04/2019,Kolkata,Banglore,CCU → BLR,21:25,00:05,2:40,0,No Info,4804,24,04,2019,21,25,00,05,2,40
Jet Airways,21/05/2019,Kolkata,Banglore,CCU → BOM → BLR,06:30,04:40,22:10,1,In-flight meal not included,8586,21,05,2019,06,30,04,40,22,10
Air India,21/05/2019,Kolkata,Banglore,CCU → BBI → BLR,12:00,13:15,25:15,1,No Info,7662,21,05,2019,12,00,13,15,25,15
Jet Airways,3/03/2019,Delhi,Cochin,DEL → BOM → COK,09:55,18:50,8:55,1,No Info,18550,3,03,2019,09,55,18,50,8,55
Vistara,12/06/2019,Kolkata,Banglore,CCU → DEL → BLR,17:00,23:25,6:25,1,No Info,8610,12,06,2019,17,00,23,25,6,25
Jet Airways,1/05/2019,Banglore,Delhi,BLR → DEL,07:10,10:10,3h,0,No Info,7229,1,05,2019,07,10,10,10,3h,
Air India,6/06/2019,Kolkata,Banglore,CCU → DEL → AMD → BLR,10:00,05:25,19:25,2,No Info,12009,6,06,2019,10,00,05,25,19,25
Jet Airways,18/05/2019,Kolkata,Banglore,CCU → DEL → BLR,17:00,21:05,28:5,1,No Info,14151,18,05,2019,17,00,21,05,28,5
Air India,9/04/2019,Delhi,Cochin,DEL → COK,05:10,08:00,2:50,0,No Info,4729,9,04,2019,05,10,08,00,2,50
Air India,3/03/2019,Delhi,Cochin,DEL → COK,05:10,08:00,2:50,0,No Info,7931,3,03,2019,05,10,08,00,2,50
Jet Airways,21/05/2019,Delhi,Cochin,DEL → BOM → COK,11:30,12:35,25:5,1,In-flight meal not included,12898,21,05,2019,11,30,12,35,25,5
Jet Airways,9/03/2019,Delhi,Cochin,DEL → BOM → COK,06:50,04:25,21:35,1,No Info,16289,9,03,2019,06,50,04,25,21,35
Jet Airways,3/06/2019,Delhi,Cochin,DEL → IDR → BOM → COK,21:25,19:00,21:35,2,No Info,13292,3,06,2019,21,25,19,00,21,35
Multiple carriers,27/05/2019,Delhi,Cochin,DEL → BOM → COK,08:00,21:00,13h,1,No Info,7618,27,05,2019,08,00,21,00,13h,
Multiple carriers,15/06/2019,Delhi,Cochin,DEL → BOM → COK,18:15,01:30,7:15,1,No Info,13377,15,06,2019,18,15,01,30,7,15
Air Asia,12/06/2019,Kolkata,Banglore,CCU → DEL → BLR,07:35,23:30,15:55,1,No Info,5192,12,06,2019,07,35,23,30,15,55
Multiple carriers,24/06/2019,Delhi,Cochin,DEL → BOM → COK,11:40,19:15,7:35,1,In-flight meal not included,7268,24,06,2019,11,40,19,15,7,35
Jet Airways,24/05/2019,Kolkata,Banglore,CCU → DEL → BLR,20:25,09:45,13:20,1,In-flight meal not included,12384,24,05,2019,20,25,09,45,13,20
IndiGo,15/03/2019,Banglore,New Delhi,BLR → DEL,04:00,06:50,2:50,0,No Info,5694,15,03,2019,04,00,06,50,2,50
Jet Airways,18/03/2019,Banglore,New Delhi,BLR → BOM → JDH → DEL,08:55,15:55,7h,2,No Info,16338,18,03,2019,08,55,15,55,7h,
Multiple carriers,6/06/2019,Delhi,Cochin,DEL → BOM → COK,13:00,01:30,12:30,1,No Info,7198,6,06,2019,13,00,01,30,12,30
Jet Airways,21/03/2019,Delhi,Cochin,DEL → BOM → COK,08:00,18:50,10:50,1,In-flight meal not included,6540,21,03,2019,08,00,18,50,10,50
Jet Airways,3/06/2019,Mumbai,Hyderabad,BOM → HYD,19:35,21:05,1:30,0,In-flight meal not included,3210,3,06,2019,19,35,21,05,1,30
SpiceJet,18/06/2019,Kolkata,Banglore,CCU → BLR,06:55,09:30,2:35,0,No Info,3873,18,06,2019,06,55,09,30,2,35
Air Asia,21/04/2019,Banglore,Delhi,BLR → DEL,11:10,13:55,2:45,0,No Info,4483,21,04,2019,11,10,13,55,2,45
Air Asia,15/05/2019,Delhi,Cochin,DEL → BLR → COK,16:45,22:25,5:40,1,No Info,6752,15,05,2019,16,45,22,25,5,40
IndiGo,12/04/2019,Banglore,Delhi,BLR → DEL,07:10,10:05,2:55,0,No Info,4823,12,04,2019,07,10,10,05,2,55
Air India,6/05/2019,Kolkata,Banglore,CCU → DEL → BLR,20:30,08:55,12:25,1,No Info,10203,6,05,2019,20,30,08,55,12,25
SpiceJet,18/05/2019,Kolkata,Banglore,CCU → BLR,22:20,00:40,2:20,0,No Info,3873,18,05,2019,22,20,00,40,2,20
SpiceJet,27/03/2019,Mumbai,Hyderabad,BOM → HYD,13:10,14:30,1:20,0,No Info,2017,27,03,2019,13,10,14,30,1,20
Jet Airways,6/06/2019,Kolkata,Banglore,CCU → BOM → BLR,08:25,04:40,20:15,1,In-flight meal not included,8586,6,06,2019,08,25,04,40,20,15
Jet Airways,01/03/2019,Banglore,New Delhi,BLR → BOM → DEL,22:50,10:25,11:35,1,1 Long layover,31825,01,03,2019,22,50,10,25,11,35
Air India,15/05/2019,Kolkata,Banglore,CCU → DEL → COK → BLR,10:00,13:45,27:45,2,No Info,16057,15,05,2019,10,00,13,45,27,45
Jet Airways,6/06/2019,Delhi,Cochin,DEL → BOM → COK,02:15,04:25,26:10,1,In-flight meal not included,10262,6,06,2019,02,15,04,25,26,10
IndiGo,1/06/2019,Delhi,Cochin,DEL → BOM → COK,20:25,01:30,5:5,1,No Info,6593,1,06,2019,20,25,01,30,5,5
SpiceJet,24/06/2019,Banglore,Delhi,BLR → DEL,21:10,00:05,2:55,0,No Info,3971,24,06,2019,21,10,00,05,2,55
Jet Airways,9/03/2019,Delhi,Cochin,DEL → BOM → COK,19:15,18:50,23:35,1,No Info,16289,9,03,2019,19,15,18,50,23,35
Jet Airways,1/05/2019,Kolkata,Banglore,CCU → DEL → BLR,09:35,09:45,24:10,1,In-flight meal not included,9314,1,05,2019,09,35,09,45,24,10
Jet Airways,21/05/2019,Banglore,Delhi,BLR → DEL,17:45,20:45,3h,0,In-flight meal not included,4030,21,05,2019,17,45,20,45,3h,
Multiple carriers,12/06/2019,Delhi,Cochin,DEL → BOM → COK,14:00,21:00,7h,1,No Info,13587,12,06,2019,14,00,21,00,7h,
Jet Airways,1/05/2019,Kolkata,Banglore,CCU → DEL → BLR,20:25,18:00,21:35,1,In-flight meal not included,9314,1,05,2019,20,25,18,00,21,35
Air Asia,15/06/2019,Delhi,Cochin,DEL → BLR → COK,20:45,07:10,10:25,1,No Info,6253,15,06,2019,20,45,07,10,10,25
Air Asia,15/04/2019,Kolkata,Banglore,CCU → DEL → BLR,07:35,23:30,15:55,1,No Info,5192,15,04,2019,07,35,23,30,15,55
Air India,1/05/2019,Kolkata,Banglore,CCU → BOM → COK → BLR,09:25,13:45,28:20,2,No Info,16372,1,05,2019,09,25,13,45,28,20
Vistara,24/04/2019,Banglore,Delhi,BLR → DEL,11:30,14:20,2:50,0,No Info,5403,24,04,2019,11,30,14,20,2,50
Multiple carriers,27/03/2019,Delhi,Cochin,DEL → BOM → COK,11:30,18:50,7:20,1,No Info,11200,27,03,2019,11,30,18,50,7,20
IndiGo,12/06/2019,Chennai,Kolkata,MAA → CCU,11:35,14:00,2:25,0,No Info,3858,12,06,2019,11,35,14,00,2,25
IndiGo,6/04/2019,Kolkata,Banglore,CCU → BLR,15:30,18:05,2:35,0,No Info,4174,6,04,2019,15,30,18,05,2,35
Air India,27/04/2019,Delhi,Cochin,DEL → COK,18:05,21:10,3:5,0,No Info,5411,27,04,2019,18,05,21,10,3,5
IndiGo,15/05/2019,Mumbai,Hyderabad,BOM → HYD,16:55,18:25,1:30,0,No Info,3175,15,05,2019,16,55,18,25,1,30
IndiGo,24/05/2019,Chennai,Kolkata,MAA → CCU,14:45,17:05,2:20,0,No Info,3858,24,05,2019,14,45,17,05,2,20
Jet Airways,1/05/2019,Kolkata,Banglore,CCU → BOM → BLR,20:00,04:40,8:40,1,No Info,13941,1,05,2019,20,00,04,40,8,40
Air India,15/06/2019,Delhi,Cochin,DEL → HYD → BOM → COK,13:15,19:15,30h,2,No Info,12182,15,06,2019,13,15,19,15,30h,
IndiGo,21/06/2019,Banglore,Delhi,BLR → DEL,16:55,19:55,3h,0,No Info,4990,21,06,2019,16,55,19,55,3h,
Jet Airways,9/06/2019,Kolkata,Banglore,CCU → DEL → BLR,20:25,22:05,25:40,1,In-flight meal not included,10539,9,06,2019,20,25,22,05,25,40
IndiGo,09/03/2019,Banglore,New Delhi,BLR → DEL,10:05,13:00,2:55,0,No Info,6860,09,03,2019,10,05,13,00,2,55
Vistara,6/03/2019,Delhi,Cochin,DEL → COK,14:55,17:50,2:55,0,No Info,8001,6,03,2019,14,55,17,50,2,55
Jet Airways,27/06/2019,Delhi,Cochin,DEL → BOM → COK,22:50,19:00,20:10,1,In-flight meal not included,10262,27,06,2019,22,50,19,00,20,10
Vistara,6/05/2019,Kolkata,Banglore,CCU → DEL → BLR,17:00,23:25,6:25,1,No Info,8085,6,05,2019,17,00,23,25,6,25
IndiGo,27/06/2019,Banglore,Delhi,BLR → DEL,00:25,03:15,2:50,0,No Info,3419,27,06,2019,00,25,03,15,2,50
Air India,1/05/2019,Kolkata,Banglore,CCU → DEL → COK → BLR,10:00,13:45,27:45,2,No Info,15164,1,05,2019,10,00,13,45,27,45
IndiGo,24/03/2019,Kolkata,Banglore,CCU → BLR,17:15,20:00,2:45,0,No Info,6565,24,03,2019,17,15,20,00,2,45
Jet Airways,27/03/2019,Delhi,Cochin,DEL → IDR → BOM → COK,05:25,18:50,13:25,2,In-flight meal not included,9254,27,03,2019,05,25,18,50,13,25
Air Asia,6/06/2019,Kolkata,Banglore,CCU → BBI → BLR,06:50,10:30,3:40,1,No Info,6857,6,06,2019,06,50,10,30,3,40
Air India,12/05/2019,Kolkata,Banglore,CCU → DEL → COK → BLR,07:00,01:20,18:20,2,No Info,12140,12,05,2019,07,00,01,20,18,20
SpiceJet,6/06/2019,Kolkata,Banglore,CCU → BLR,09:00,11:25,2:25,0,No check-in baggage included,3841,6,06,2019,09,00,11,25,2,25
Jet Airways,6/05/2019,Kolkata,Banglore,CCU → BOM → BLR,08:25,19:50,11:25,1,No Info,14781,6,05,2019,08,25,19,50,11,25
Air India,18/05/2019,Delhi,Cochin,DEL → BOM → COK,10:00,07:40,21:40,1,No Info,8372,18,05,2019,10,00,07,40,21,40
Air India,1/04/2019,Kolkata,Banglore,CCU → GAU → IMF → DEL → BLR,16:45,23:15,30:30,3,No Info,8607,1,04,2019,16,45,23,15,30,30
Multiple carriers,24/06/2019,Delhi,Cochin,DEL → BOM → COK,10:00,21:00,11h,1,No Info,13587,24,06,2019,10,00,21,00,11h,
Jet Airways,18/05/2019,Delhi,Cochin,DEL → BOM → COK,20:55,04:25,7:30,1,No Info,15554,18,05,2019,20,55,04,25,7,30
Jet Airways,21/05/2019,Kolkata,Banglore,CCU → BOM → BLR,21:10,19:50,22:40,1,In-flight meal not included,10844,21,05,2019,21,10,19,50,22,40
IndiGo,24/05/2019,Mumbai,Hyderabad,BOM → HYD,12:00,13:30,1:30,0,No Info,4392,24,05,2019,12,00,13,30,1,30
Air India,27/05/2019,Banglore,Delhi,BLR → DEL,17:00,19:45,2:45,0,No Info,6961,27,05,2019,17,00,19,45,2,45
Air India,18/05/2019,Delhi,Cochin,DEL → BLR → COK,09:45,23:00,13:15,1,No Info,8907,18,05,2019,09,45,23,00,13,15
IndiGo,15/06/2019,Delhi,Cochin,DEL → HYD → COK,08:35,22:30,13:55,1,No Info,6442,15,06,2019,08,35,22,30,13,55
Jet Airways,15/05/2019,Kolkata,Banglore,CCU → BOM → BLR,14:05,23:35,9:30,1,In-flight meal not included,8586,15,05,2019,14,05,23,35,9,30
Air India,15/05/2019,Delhi,Cochin,DEL → JDH → BOM → COK,12:55,19:15,30:20,2,No Info,13486,15,05,2019,12,55,19,15,30,20
Air India,6/06/2019,Mumbai,Hyderabad,BOM → HYD,19:30,20:45,1:15,0,No Info,3100,6,06,2019,19,30,20,45,1,15
Jet Airways,6/03/2019,Delhi,Cochin,DEL → UDR → BOM → COK,17:55,04:25,34:30,2,In-flight meal not included,15812,6,03,2019,17,55,04,25,34,30
Air India,24/04/2019,Delhi,Cochin,DEL → COK,18:05,21:10,3:5,0,No Info,5201,24,04,2019,18,05,21,10,3,5
IndiGo,3/03/2019,Delhi,Cochin,DEL → HYD → MAA → COK,07:35,21:20,13:45,2,No Info,9413,3,03,2019,07,35,21,20,13,45
Air India,6/06/2019,Delhi,Cochin,DEL → CCU → BOM → COK,20:15,19:15,23h,2,No Info,13591,6,06,2019,20,15,19,15,23h,
Jet Airways,1/06/2019,Mumbai,Hyderabad,BOM → HYD,02:55,04:20,1:25,0,No Info,5678,1,06,2019,02,55,04,20,1,25
Air India,03/03/2019,Banglore,New Delhi,BLR → HYD → DEL,08:15,23:10,14:55,1,No Info,6781,03,03,2019,08,15,23,10,14,55
Jet Airways,21/03/2019,Banglore,New Delhi,BLR → BOM → DEL,18:40,11:25,16:45,1,In-flight meal not included,7832,21,03,2019,18,40,11,25,16,45
Jet Airways,9/03/2019,Delhi,Cochin,DEL → BOM → COK,16:00,18:50,26:50,1,In-flight meal not included,14053,9,03,2019,16,00,18,50,26,50
Jet Airways,9/05/2019,Kolkata,Banglore,CCU → DEL → BLR,20:25,09:45,13:20,1,In-flight meal not included,10703,9,05,2019,20,25,09,45,13,20
Multiple carriers,15/05/2019,Delhi,Cochin,DEL → BOM → COK,17:30,01:30,8h,1,No Info,13727,15,05,2019,17,30,01,30,8h,
Multiple carriers,24/06/2019,Delhi,Cochin,DEL → BOM → COK,13:00,21:00,8h,1,No Info,7408,24,06,2019,13,00,21,00,8h,
Jet Airways,01/03/2019,Banglore,New Delhi,BLR → BOM → DEL,14:05,11:25,21:20,1,No Info,20800,01,03,2019,14,05,11,25,21,20
Air India,3/06/2019,Delhi,Cochin,DEL → UDR → BOM → COK,13:20,07:40,18:20,2,No Info,11911,3,06,2019,13,20,07,40,18,20
Vistara,3/04/2019,Banglore,Delhi,BLR → DEL,07:00,09:40,2:40,0,No Info,5403,3,04,2019,07,00,09,40,2,40
Jet Airways,6/06/2019,Kolkata,Banglore,CCU → DEL → BLR,09:35,19:10,9:35,1,In-flight meal not included,13469,6,06,2019,09,35,19,10,9,35
Jet Airways,6/06/2019,Delhi,Cochin,DEL → IDR → BOM → COK,21:25,12:35,15:10,2,In-flight meal not included,11270,6,06,2019,21,25,12,35,15,10
Air Asia,24/06/2019,Delhi,Cochin,DEL → BLR → COK,20:45,06:35,9:50,1,No Info,6152,24,06,2019,20,45,06,35,9,50
Jet Airways,27/03/2019,Delhi,Cochin,DEL → BOM → COK,08:00,04:25,20:25,1,No Info,12452,27,03,2019,08,00,04,25,20,25
Jet Airways,15/05/2019,Kolkata,Banglore,CCU → BOM → BLR,16:30,16:20,23:50,1,In-flight meal not included,10844,15,05,2019,16,30,16,20,23,50
IndiGo,18/05/2019,Delhi,Cochin,DEL → HYD → COK,11:55,22:30,10:35,1,No Info,8216,18,05,2019,11,55,22,30,10,35
Jet Airways,12/06/2019,Kolkata,Banglore,CCU → BOM → BLR,06:30,19:50,13:20,1,No Info,13626,12,06,2019,06,30,19,50,13,20
Multiple carriers,6/03/2019,Delhi,Cochin,DEL → HYD → MAA → COK,07:05,21:20,14:15,2,No Info,7084,6,03,2019,07,05,21,20,14,15
Multiple carriers,9/05/2019,Delhi,Cochin,DEL → BOM → COK,04:55,19:15,14:20,1,No Info,7575,9,05,2019,04,55,19,15,14,20
Air India,03/03/2019,Banglore,New Delhi,BLR → HYD → DEL,08:15,08:50,24:35,1,No Info,6781,03,03,2019,08,15,08,50,24,35
Jet Airways,6/06/2019,Banglore,Delhi,BLR → DEL,07:10,10:10,3h,0,In-flight meal not included,6478,6,06,2019,07,10,10,10,3h,
SpiceJet,15/03/2019,Mumbai,Hyderabad,BOM → HYD,05:45,07:05,1:20,0,No check-in baggage included,2385,15,03,2019,05,45,07,05,1,20
Multiple carriers,18/05/2019,Delhi,Cochin,DEL → BOM → COK,13:00,21:00,8h,1,No Info,9385,18,05,2019,13,00,21,00,8h,
GoAir,18/04/2019,Banglore,Delhi,BLR → DEL,07:45,10:40,2:55,0,No Info,5048,18,04,2019,07,45,10,40,2,55
IndiGo,12/06/2019,Delhi,Cochin,DEL → BOM → COK,20:25,01:30,5:5,1,No Info,5058,12,06,2019,20,25,01,30,5,5
Multiple carriers Premium economy,21/03/2019,Delhi,Cochin,DEL → BOM → COK,06:00,13:20,7:20,1,No Info,11269,21,03,2019,06,00,13,20,7,20
Multiple carriers,9/04/2019,Delhi,Cochin,DEL → BOM → COK,19:00,01:30,6:30,1,No Info,7363,9,04,2019,19,00,01,30,6,30
Air India,9/03/2019,Delhi,Cochin,DEL → HYD → BOM → COK,21:30,19:15,21:45,2,No Info,11762,9,03,2019,21,30,19,15,21,45
Jet Airways,6/03/2019,Delhi,Cochin,DEL → BOM → COK,15:05,04:25,13:20,1,No Info,15764,6,03,2019,15,05,04,25,13,20
Jet Airways,12/06/2019,Delhi,Cochin,DEL → BOM → COK,10:00,04:25,18:25,1,In-flight meal not included,10262,12,06,2019,10,00,04,25,18,25
Jet Airways,3/06/2019,Delhi,Cochin,DEL → NAG → BOM → COK,14:35,12:35,22h,2,In-flight meal not included,10919,3,06,2019,14,35,12,35,22h,
Jet Airways,15/06/2019,Delhi,Cochin,DEL → BOM → COK,17:30,19:00,25:30,1,In-flight meal not included,10262,15,06,2019,17,30,19,00,25,30
Air India,6/05/2019,Kolkata,Banglore,CCU → IXR → DEL → BLR,05:50,23:15,17:25,2,No Info,11883,6,05,2019,05,50,23,15,17,25
SpiceJet,21/03/2019,Kolkata,Banglore,CCU → BLR,22:20,00:40,2:20,0,No Info,3847,21,03,2019,22,20,00,40,2,20
Jet Airways,12/06/2019,Mumbai,Hyderabad,BOM → HYD,19:35,21:05,1:30,0,No Info,5678,12,06,2019,19,35,21,05,1,30
Vistara,12/05/2019,Kolkata,Banglore,CCU → DEL → BLR,07:10,22:40,15:30,1,No Info,8662,12,05,2019,07,10,22,40,15,30
Jet Airways,27/05/2019,Delhi,Cochin,DEL → BOM → COK,14:00,04:25,14:25,1,In-flight meal not included,12898,27,05,2019,14,00,04,25,14,25
SpiceJet,12/05/2019,Banglore,Delhi,BLR → DEL,21:10,00:05,2:55,0,No Info,4423,12,05,2019,21,10,00,05,2,55
Air India,12/06/2019,Delhi,Cochin,DEL → BLR → COK,17:40,08:15,14:35,1,No Info,8991,12,06,2019,17,40,08,15,14,35
SpiceJet,15/05/2019,Delhi,Cochin,DEL → BLR → COK,17:55,22:50,4:55,1,No Info,5409,15,05,2019,17,55,22,50,4,55
IndiGo,27/04/2019,Delhi,Cochin,DEL → HYD → COK,08:35,16:10,7:35,1,No Info,6442,27,04,2019,08,35,16,10,7,35
Air India,24/05/2019,Kolkata,Banglore,CCU → BBI → BOM → BLR,12:00,21:50,9:50,2,No Info,9941,24,05,2019,12,00,21,50,9,50
IndiGo,21/03/2019,Delhi,Cochin,DEL → HYD → MAA → COK,06:40,21:20,14:40,2,No Info,6494,21,03,2019,06,40,21,20,14,40
Multiple carriers,24/06/2019,Delhi,Cochin,DEL → BOM → COK,17:00,01:30,8:30,1,No Info,7198,24,06,2019,17,00,01,30,8,30
SpiceJet,09/03/2019,Banglore,New Delhi,BLR → DEL,05:45,08:35,2:50,0,No Info,7110,09,03,2019,05,45,08,35,2,50
Jet Airways,12/03/2019,Banglore,New Delhi,BLR → BOM → DEL,18:55,09:30,14:35,1,In-flight meal not included,11087,12,03,2019,18,55,09,30,14,35
IndiGo,9/05/2019,Kolkata,Banglore,CCU → BLR,20:20,22:55,2:35,0,No Info,4804,9,05,2019,20,20,22,55,2,35
IndiGo,15/06/2019,Banglore,Delhi,BLR → DEL,07:10,10:05,2:55,0,No Info,4823,15,06,2019,07,10,10,05,2,55
Jet Airways,12/05/2019,Kolkata,Banglore,CCU → DEL → BLR,09:35,19:10,9:35,1,No Info,14151,12,05,2019,09,35,19,10,9,35
Multiple carriers,27/06/2019,Delhi,Cochin,DEL → BOM → COK,06:00,19:00,13h,1,In-flight meal not included,10791,27,06,2019,06,00,19,00,13h,
Vistara,1/04/2019,Kolkata,Banglore,CCU → DEL → BLR,07:10,09:05,25:55,1,No Info,7980,1,04,2019,07,10,09,05,25,55
Air India,27/04/2019,Delhi,Cochin,DEL → TRV → COK,05:15,06:50,25:35,1,No Info,6587,27,04,2019,05,15,06,50,25,35
Vistara,6/05/2019,Chennai,Kolkata,MAA → CCU,07:05,09:20,2:15,0,No Info,3687,6,05,2019,07,05,09,20,2,15
Air India,15/05/2019,Delhi,Cochin,DEL → JAI → BOM → COK,18:45,19:15,24:30,2,No Info,13307,15,05,2019,18,45,19,15,24,30
Air India,24/03/2019,Mumbai,Hyderabad,BOM → HYD,15:00,16:25,1:25,0,No Info,2050,24,03,2019,15,00,16,25,1,25
Multiple carriers,9/05/2019,Delhi,Cochin,DEL → BOM → COK,09:00,19:00,10h,1,No Info,10197,9,05,2019,09,00,19,00,10h,
Vistara,24/06/2019,Banglore,Delhi,BLR → DEL,21:00,23:50,2:50,0,No Info,4668,24,06,2019,21,00,23,50,2,50
IndiGo,24/05/2019,Banglore,Delhi,BLR → DEL,13:00,15:50,2:50,0,No Info,4990,24,05,2019,13,00,15,50,2,50
IndiGo,24/05/2019,Mumbai,Hyderabad,BOM → HYD,06:25,07:55,1:30,0,No Info,4049,24,05,2019,06,25,07,55,1,30
Multiple carriers,15/06/2019,Delhi,Cochin,DEL → BOM → COK,09:00,21:00,12h,1,No Info,7933,15,06,2019,09,00,21,00,12h,
IndiGo,6/05/2019,Mumbai,Hyderabad,BOM → HYD,09:10,10:40,1:30,0,No Info,4049,6,05,2019,09,10,10,40,1,30
Jet Airways,27/03/2019,Delhi,Cochin,DEL → BOM → COK,07:05,04:25,21:20,1,In-flight meal not included,6645,27,03,2019,07,05,04,25,21,20
Jet Airways,18/06/2019,Mumbai,Hyderabad,BOM → HYD,08:45,10:15,1:30,0,No Info,8040,18,06,2019,08,45,10,15,1,30
Multiple carriers,21/03/2019,Delhi,Cochin,DEL → BOM → COK,13:00,01:35,12:35,1,No Info,8098,21,03,2019,13,00,01,35,12,35
Jet Airways,3/06/2019,Delhi,Cochin,DEL → BOM → COK,02:15,19:00,16:45,1,In-flight meal not included,10262,3,06,2019,02,15,19,00,16,45
Jet Airways,18/03/2019,Banglore,New Delhi,BLR → BOM → DEL,18:40,07:40,13h,1,No Info,12284,18,03,2019,18,40,07,40,13h,
Jet Airways,3/06/2019,Delhi,Cochin,DEL → BOM → COK,15:00,19:00,28h,1,In-flight meal not included,10262,3,06,2019,15,00,19,00,28h,
IndiGo,12/04/2019,Banglore,Delhi,BLR → DEL,20:00,22:50,2:50,0,No Info,4990,12,04,2019,20,00,22,50,2,50
Air India,18/03/2019,Banglore,New Delhi,BLR → BOM → NAG → DEL,17:25,10:35,17:10,2,No Info,12568,18,03,2019,17,25,10,35,17,10
Jet Airways,6/05/2019,Kolkata,Banglore,CCU → BOM → BLR,14:05,23:35,9:30,1,In-flight meal not included,11841,6,05,2019,14,05,23,35,9,30
Jet Airways,15/06/2019,Delhi,Cochin,DEL → BOM → COK,02:15,12:35,10:20,1,No Info,18371,15,06,2019,02,15,12,35,10,20
SpiceJet,01/03/2019,Banglore,New Delhi,BLR → PNQ → DEL,10:20,18:15,7:55,1,No Info,23267,01,03,2019,10,20,18,15,7,55
Jet Airways,1/05/2019,Kolkata,Banglore,CCU → DEL → BLR,09:35,23:35,14h,1,No Info,13067,1,05,2019,09,35,23,35,14h,
IndiGo,21/06/2019,Chennai,Kolkata,MAA → CCU,22:05,00:25,2:20,0,No Info,5277,21,06,2019,22,05,00,25,2,20
Air India,27/05/2019,Delhi,Cochin,DEL → HYD → BOM → COK,17:15,07:40,14:25,2,No Info,13879,27,05,2019,17,15,07,40,14,25
IndiGo,9/04/2019,Kolkata,Banglore,CCU → BLR,17:15,19:50,2:35,0,No Info,4174,9,04,2019,17,15,19,50,2,35
Air India,9/05/2019,Delhi,Cochin,DEL → AMD → BOM → COK,19:45,19:15,23:30,2,No Info,10178,9,05,2019,19,45,19,15,23,30
Jet Airways,12/06/2019,Delhi,Cochin,DEL → LKO → BOM → COK,11:45,04:25,16:40,2,No Info,13882,12,06,2019,11,45,04,25,16,40
Vistara,21/05/2019,Banglore,Delhi,BLR → DEL,19:30,22:15,2:45,0,No Info,4878,21,05,2019,19,30,22,15,2,45
Vistara,27/06/2019,Banglore,Delhi,BLR → DEL,09:45,12:35,2:50,0,No Info,4668,27,06,2019,09,45,12,35,2,50
Jet Airways,21/05/2019,Kolkata,Banglore,CCU → BOM → BLR,20:00,22:35,26:35,1,In-flight meal not included,10844,21,05,2019,20,00,22,35,26,35
Multiple carriers,27/06/2019,Delhi,Cochin,DEL → BOM → COK,08:45,21:00,12:15,1,No Info,7005,27,06,2019,08,45,21,00,12,15
Jet Airways,21/05/2019,Delhi,Cochin,DEL → BOM → COK,02:15,12:35,10:20,1,In-flight meal not included,12898,21,05,2019,02,15,12,35,10,20
Air India,15/06/2019,Delhi,Cochin,DEL → BOM → COK,03:50,19:15,15:25,1,No Info,9929,15,06,2019,03,50,19,15,15,25
Jet Airways,1/06/2019,Delhi,Cochin,DEL → BOM → COK,10:00,19:00,9h,1,No Info,14714,1,06,2019,10,00,19,00,9h,
Air India,21/04/2019,Delhi,Cochin,DEL → COK,05:10,08:00,2:50,0,No Info,6094,21,04,2019,05,10,08,00,2,50
Jet Airways,06/03/2019,Banglore,New Delhi,BLR → BOM → DEL,11:40,23:00,11:20,1,No Info,16736,06,03,2019,11,40,23,00,11,20
Jet Airways,3/04/2019,Banglore,Delhi,BLR → DEL,11:10,14:05,2:55,0,No Info,7229,3,04,2019,11,10,14,05,2,55
Multiple carriers,18/05/2019,Delhi,Cochin,DEL → BOM → COK,04:55,12:35,7:40,1,No Info,8882,18,05,2019,04,55,12,35,7,40
Multiple carriers,9/05/2019,Delhi,Cochin,DEL → BOM → COK,08:00,19:00,11h,1,No Info,10197,9,05,2019,08,00,19,00,11h,
IndiGo,12/05/2019,Kolkata,Banglore,CCU → BLR,20:20,22:55,2:35,0,No Info,4804,12,05,2019,20,20,22,55,2,35
IndiGo,3/03/2019,Delhi,Cochin,DEL → BOM → COK,07:30,13:20,5:50,1,No Info,13628,3,03,2019,07,30,13,20,5,50
Vistara,27/05/2019,Delhi,Cochin,DEL → COK,14:40,17:50,3:10,0,No Info,6216,27,05,2019,14,40,17,50,3,10
Air India,21/05/2019,Delhi,Cochin,DEL → TRV → COK,05:15,06:50,25:35,1,No Info,7480,21,05,2019,05,15,06,50,25,35
Air India,12/06/2019,Kolkata,Banglore,CCU → DEL → BLR,10:00,16:15,6:15,1,No Info,11936,12,06,2019,10,00,16,15,6,15
SpiceJet,18/03/2019,Chennai,Kolkata,MAA → CCU,08:20,10:35,2:15,0,No Info,3859,18,03,2019,08,20,10,35,2,15
Jet Airways,12/05/2019,Kolkata,Banglore,CCU → BOM → BLR,20:00,10:05,14:5,1,In-flight meal not included,8586,12,05,2019,20,00,10,05,14,5
Vistara,01/03/2019,Banglore,New Delhi,BLR → DEL,21:10,00:05,2:55,0,No Info,21730,01,03,2019,21,10,00,05,2,55
IndiGo,1/06/2019,Delhi,Cochin,DEL → BOM → COK,17:10,01:30,8:20,1,No Info,6628,1,06,2019,17,10,01,30,8,20
Air India,1/05/2019,Kolkata,Banglore,CCU → BBI → BOM → BLR,12:00,07:55,19:55,2,No Info,10151,1,05,2019,12,00,07,55,19,55
Jet Airways,21/05/2019,Kolkata,Banglore,CCU → DEL → BLR,17:00,14:25,21:25,1,No Info,11467,21,05,2019,17,00,14,25,21,25
IndiGo,15/06/2019,Delhi,Cochin,DEL → BLR → COK,05:10,10:05,4:55,1,No Info,7010,15,06,2019,05,10,10,05,4,55
Jet Airways,3/04/2019,Banglore,Delhi,BLR → DEL,17:45,20:45,3h,0,No Info,7229,3,04,2019,17,45,20,45,3h,
IndiGo,09/03/2019,Banglore,New Delhi,BLR → DEL,13:10,16:10,3h,0,No Info,8033,09,03,2019,13,10,16,10,3h,
Jet Airways,18/05/2019,Banglore,Delhi,BLR → DEL,11:10,14:05,2:55,0,No Info,7229,18,05,2019,11,10,14,05,2,55
IndiGo,9/06/2019,Kolkata,Banglore,CCU → PNQ → BLR,21:00,02:15,5:15,1,No Info,6911,9,06,2019,21,00,02,15,5,15
Jet Airways,27/06/2019,Delhi,Cochin,DEL → ATQ → BOM → COK,20:00,19:00,23h,2,No Info,14300,27,06,2019,20,00,19,00,23h,
Air India,9/06/2019,Kolkata,Banglore,CCU → DEL → COK → BLR,07:00,01:20,18:20,2,No Info,13033,9,06,2019,07,00,01,20,18,20
IndiGo,24/05/2019,Banglore,Delhi,BLR → DEL,04:00,06:50,2:50,0,No Info,3943,24,05,2019,04,00,06,50,2,50
SpiceJet,09/03/2019,Banglore,New Delhi,BLR → DEL,09:35,12:30,2:55,0,No Info,6205,09,03,2019,09,35,12,30,2,55
IndiGo,6/03/2019,Delhi,Cochin,DEL → BOM → COK,11:30,21:00,9:30,1,No Info,14871,6,03,2019,11,30,21,00,9,30
Jet Airways,18/05/2019,Mumbai,Hyderabad,BOM → HYD,02:55,04:20,1:25,0,No Info,5678,18,05,2019,02,55,04,20,1,25
Multiple carriers,1/06/2019,Delhi,Cochin,DEL → BOM → COK,11:30,19:15,7:45,1,No Info,16108,1,06,2019,11,30,19,15,7,45
Jet Airways,06/03/2019,Banglore,New Delhi,BLR → BOM → DEL,20:35,09:30,12:55,1,No Info,17261,06,03,2019,20,35,09,30,12,55
SpiceJet,12/05/2019,Banglore,Delhi,BLR → DEL,05:55,08:35,2:40,0,No Info,3311,12,05,2019,05,55,08,35,2,40
IndiGo,12/04/2019,Kolkata,Banglore,CCU → BLR,11:30,14:05,2:35,0,No Info,4174,12,04,2019,11,30,14,05,2,35
IndiGo,9/06/2019,Banglore,Delhi,BLR → DEL,16:55,19:45,2:50,0,No Info,4823,9,06,2019,16,55,19,45,2,50
Air India,09/03/2019,Banglore,New Delhi,BLR → COK → DEL,22:00,13:20,15:20,1,No Info,8425,09,03,2019,22,00,13,20,15,20
Jet Airways,15/05/2019,Banglore,Delhi,BLR → DEL,11:10,14:05,2:55,0,No Info,7229,15,05,2019,11,10,14,05,2,55
GoAir,9/06/2019,Delhi,Cochin,DEL → BOM → COK,10:35,19:35,9h,1,No Info,5281,9,06,2019,10,35,19,35,9h,
Jet Airways,9/03/2019,Delhi,Cochin,DEL → BOM → COK,08:00,04:25,20:25,1,No Info,17549,9,03,2019,08,00,04,25,20,25
Multiple carriers,3/06/2019,Delhi,Cochin,DEL → BOM → COK,08:00,21:00,13h,1,No Info,13797,3,06,2019,08,00,21,00,13h,
IndiGo,12/04/2019,Banglore,Delhi,BLR → DEL,08:30,11:20,2:50,0,No Info,4823,12,04,2019,08,30,11,20,2,50
Air India,3/06/2019,Delhi,Cochin,DEL → BLR → COK,17:40,09:35,15:55,1,No Info,7258,3,06,2019,17,40,09,35,15,55
Multiple carriers,3/03/2019,Delhi,Cochin,DEL → BOM → COK,12:50,01:35,12:45,1,No Info,18192,3,03,2019,12,50,01,35,12,45
Air India,1/05/2019,Kolkata,Banglore,CCU → DEL → AMD → BLR,10:00,05:25,19:25,2,No Info,13899,1,05,2019,10,00,05,25,19,25
Jet Airways,9/05/2019,Kolkata,Banglore,CCU → BOM → BLR,14:05,20:45,6:40,1,In-flight meal not included,10844,9,05,2019,14,05,20,45,6,40
Jet Airways,12/05/2019,Kolkata,Banglore,CCU → DEL → BLR,09:35,09:45,24:10,1,No Info,14151,12,05,2019,09,35,09,45,24,10
Multiple carriers,6/03/2019,Delhi,Cochin,DEL → BOM → COK,15:15,01:35,10:20,1,No Info,15147,6,03,2019,15,15,01,35,10,20
GoAir,15/06/2019,Banglore,Delhi,BLR → DEL,07:45,10:40,2:55,0,No Info,3898,15,06,2019,07,45,10,40,2,55
IndiGo,15/05/2019,Delhi,Cochin,DEL → HYD → COK,05:05,16:10,11:5,1,No Info,6818,15,05,2019,05,05,16,10,11,5
Jet Airways,15/05/2019,Kolkata,Banglore,CCU → BOM → BLR,16:30,12:00,19:30,1,No Info,14781,15,05,2019,16,30,12,00,19,30
Air Asia,21/05/2019,Kolkata,Banglore,CCU → IXR → DEL → BLR,15:10,23:30,8:20,2,No Info,5192,21,05,2019,15,10,23,30,8,20
Jet Airways,27/06/2019,Delhi,Cochin,DEL → BHO → BOM → COK,05:30,12:35,7:5,2,No Info,14441,27,06,2019,05,30,12,35,7,5
Jet Airways,24/05/2019,Kolkata,Banglore,CCU → DEL → BLR,20:25,21:05,24:40,1,No Info,14151,24,05,2019,20,25,21,05,24,40
IndiGo,18/05/2019,Kolkata,Banglore,CCU → BBI → BLR,19:35,23:15,3:40,1,No Info,4226,18,05,2019,19,35,23,15,3,40
Air India,27/05/2019,Delhi,Cochin,DEL → CCU → BOM → COK,20:15,19:15,23h,2,No Info,13381,27,05,2019,20,15,19,15,23h,
Multiple carriers,15/06/2019,Delhi,Cochin,DEL → BOM → COK,04:55,19:00,14:5,1,No Info,10678,15,06,2019,04,55,19,00,14,5
Jet Airways,27/03/2019,Delhi,Cochin,DEL → BOM → COK,11:30,18:50,7:20,1,No Info,12242,27,03,2019,11,30,18,50,7,20
Jet Airways,21/06/2019,Mumbai,Hyderabad,BOM → HYD,02:55,04:20,1:25,0,In-flight meal not included,4995,21,06,2019,02,55,04,20,1,25
Jet Airways,1/06/2019,Delhi,Cochin,DEL → BOM → COK,20:55,04:25,7:30,1,In-flight meal not included,10262,1,06,2019,20,55,04,25,7,30
SpiceJet,15/04/2019,Kolkata,Banglore,CCU → BLR,22:20,00:40,2:20,0,No check-in baggage included,3841,15,04,2019,22,20,00,40,2,20
Jet Airways,9/05/2019,Kolkata,Banglore,CCU → BOM → BLR,20:00,12:00,16h,1,In-flight meal not included,9663,9,05,2019,20,00,12,00,16h,
IndiGo,18/04/2019,Kolkata,Banglore,CCU → BLR,11:30,14:05,2:35,0,No Info,5224,18,04,2019,11,30,14,05,2,35
Multiple carriers,18/05/2019,Delhi,Cochin,DEL → BOM → COK,07:05,19:15,12:10,1,No Info,14533,18,05,2019,07,05,19,15,12,10
SpiceJet,24/05/2019,Mumbai,Hyderabad,BOM → HYD,22:45,00:15,1:30,0,No Info,2017,24,05,2019,22,45,00,15,1,30
Jet Airways,12/06/2019,Banglore,Delhi,BLR → DEL,18:55,22:00,3:5,0,In-flight meal not included,5769,12,06,2019,18,55,22,00,3,5
Multiple carriers,21/03/2019,Delhi,Cochin,DEL → BOM → COK,10:45,18:50,8:5,1,No Info,11622,21,03,2019,10,45,18,50,8,5
IndiGo,3/04/2019,Banglore,Delhi,BLR → DEL,18:55,21:50,2:55,0,No Info,4823,3,04,2019,18,55,21,50,2,55
Jet Airways,21/03/2019,Banglore,New Delhi,BLR → BOM → DEL,14:05,11:25,21:20,1,In-flight meal not included,7832,21,03,2019,14,05,11,25,21,20
Multiple carriers,24/06/2019,Delhi,Cochin,DEL → BOM → COK,07:30,19:15,11:45,1,No Info,9001,24,06,2019,07,30,19,15,11,45
IndiGo,27/06/2019,Mumbai,Hyderabad,BOM → HYD,12:00,13:30,1:30,0,No Info,2754,27,06,2019,12,00,13,30,1,30
Jet Airways,24/05/2019,Banglore,Delhi,BLR → DEL,07:10,10:10,3h,0,No Info,7229,24,05,2019,07,10,10,10,3h,
IndiGo,9/03/2019,Delhi,Cochin,DEL → TRV → COK,21:05,01:45,4:40,1,No Info,6937,9,03,2019,21,05,01,45,4,40
Air India,6/06/2019,Kolkata,Banglore,CCU → DEL → COK → BLR,10:00,01:20,15:20,2,No Info,13033,6,06,2019,10,00,01,20,15,20
SpiceJet,3/05/2019,Banglore,Delhi,BLR → DEL,05:55,08:35,2:40,0,No Info,3625,3,05,2019,05,55,08,35,2,40
Jet Airways,27/06/2019,Delhi,Cochin,DEL → IDR → BOM → COK,21:25,19:00,21:35,2,No Info,13292,27,06,2019,21,25,19,00,21,35
Air India,12/03/2019,Banglore,New Delhi,BLR → BOM → NAG → DEL,08:50,10:15,25:25,2,No Info,12778,12,03,2019,08,50,10,15,25,25
SpiceJet,1/06/2019,Kolkata,Banglore,CCU → BLR,14:55,17:25,2:30,0,No check-in baggage included,3841,1,06,2019,14,55,17,25,2,30
IndiGo,18/03/2019,Mumbai,Hyderabad,BOM → HYD,21:20,22:45,1:25,0,No Info,2227,18,03,2019,21,20,22,45,1,25
SpiceJet,9/05/2019,Kolkata,Banglore,CCU → PNQ → BLR,08:35,17:15,8:40,1,No Info,6171,9,05,2019,08,35,17,15,8,40
Air India,12/05/2019,Kolkata,Banglore,CCU → BBI → BOM → BLR,12:00,07:55,19:55,2,No Info,10676,12,05,2019,12,00,07,55,19,55
Jet Airways,24/06/2019,Delhi,Cochin,DEL → JAI → BOM → COK,19:30,12:35,17:5,2,No Info,13014,24,06,2019,19,30,12,35,17,5
IndiGo,18/03/2019,Mumbai,Hyderabad,BOM → HYD,02:30,04:00,1:30,0,No Info,2754,18,03,2019,02,30,04,00,1,30
Air India,27/03/2019,Delhi,Cochin,DEL → HYD → BOM → COK,17:15,07:40,14:25,2,No Info,8367,27,03,2019,17,15,07,40,14,25
Jet Airways,3/04/2019,Delhi,Cochin,DEL → BOM → COK,02:15,04:25,26:10,1,In-flight meal not included,5177,3,04,2019,02,15,04,25,26,10
SpiceJet,18/04/2019,Kolkata,Banglore,CCU → BLR,17:10,19:40,2:30,0,No Info,4174,18,04,2019,17,10,19,40,2,30
Multiple carriers,15/05/2019,Delhi,Cochin,DEL → BOM → COK,08:45,19:00,10:15,1,No Info,9794,15,05,2019,08,45,19,00,10,15
Multiple carriers,27/05/2019,Delhi,Cochin,DEL → HYD → COK,09:45,16:10,6:25,1,No Info,10486,27,05,2019,09,45,16,10,6,25
Multiple carriers,21/05/2019,Delhi,Cochin,DEL → BOM → COK,08:00,19:15,11:15,1,No Info,15058,21,05,2019,08,00,19,15,11,15
IndiGo,27/04/2019,Kolkata,Banglore,CCU → BLR,22:15,00:50,2:35,0,No Info,4804,27,04,2019,22,15,00,50,2,35
Jet Airways,6/03/2019,Delhi,Cochin,DEL → BOM → COK,16:00,19:45,27:45,1,No Info,17024,6,03,2019,16,00,19,45,27,45
GoAir,12/05/2019,Kolkata,Banglore,CCU → AMD → BLR,16:40,00:15,7:35,1,No Info,8855,12,05,2019,16,40,00,15,7,35
Air India,9/06/2019,Delhi,Cochin,DEL → BOM → COK,21:00,07:40,10:40,1,No Info,8372,9,06,2019,21,00,07,40,10,40
Jet Airways,24/06/2019,Mumbai,Hyderabad,BOM → HYD,02:55,04:20,1:25,0,In-flight meal not included,4050,24,06,2019,02,55,04,20,1,25
Jet Airways,12/05/2019,Banglore,Delhi,BLR → DEL,11:10,14:05,2:55,0,No Info,7229,12,05,2019,11,10,14,05,2,55
SpiceJet,18/03/2019,Mumbai,Hyderabad,BOM → HYD,05:45,07:05,1:20,0,No check-in baggage included,2385,18,03,2019,05,45,07,05,1,20
GoAir,24/06/2019,Banglore,Delhi,BLR → DEL,11:40,14:30,2:50,0,No Info,3898,24,06,2019,11,40,14,30,2,50
IndiGo,03/03/2019,Banglore,New Delhi,BLR → DEL,01:30,04:15,2:45,0,No Info,6860,03,03,2019,01,30,04,15,2,45
SpiceJet,27/05/2019,Delhi,Cochin,DEL → MAA → COK,06:05,11:20,5:15,1,No Info,6749,27,05,2019,06,05,11,20,5,15
Air India,21/05/2019,Kolkata,Banglore,CCU → VNS → DEL → BLR,14:30,23:15,8:45,2,No Info,15107,21,05,2019,14,30,23,15,8,45
Jet Airways,15/06/2019,Delhi,Cochin,DEL → JAI → BOM → COK,09:40,04:25,18:45,2,In-flight meal not included,10368,15,06,2019,09,40,04,25,18,45
Jet Airways,21/03/2019,Banglore,New Delhi,BLR → BOM → DEL,07:00,21:20,14:20,1,In-flight meal not included,7832,21,03,2019,07,00,21,20,14,20
SpiceJet,27/05/2019,Mumbai,Hyderabad,BOM → HYD,13:15,14:45,1:30,0,No check-in baggage included,2385,27,05,2019,13,15,14,45,1,30
IndiGo,24/06/2019,Kolkata,Banglore,CCU → BLR,14:25,16:55,2:30,0,No Info,4804,24,06,2019,14,25,16,55,2,30
Air India,21/03/2019,Delhi,Cochin,DEL → AMD → BOM → COK,16:40,19:15,26:35,2,No Info,8236,21,03,2019,16,40,19,15,26,35
IndiGo,27/03/2019,Delhi,Cochin,DEL → BOM → COK,11:30,21:00,9:30,1,No Info,6416,27,03,2019,11,30,21,00,9,30
Jet Airways,9/06/2019,Delhi,Cochin,DEL → BOM → COK,11:30,19:00,7:30,1,In-flight meal not included,10262,9,06,2019,11,30,19,00,7,30
Jet Airways,9/06/2019,Delhi,Cochin,DEL → BOM → COK,22:50,19:00,20:10,1,No Info,14714,9,06,2019,22,50,19,00,20,10
SpiceJet,1/04/2019,Kolkata,Banglore,CCU → IXB → BLR,15:55,21:25,5:30,1,No Info,7646,1,04,2019,15,55,21,25,5,30
Air India,1/06/2019,Delhi,Cochin,DEL → MAA → COK,20:40,09:25,12:45,1,No Info,7480,1,06,2019,20,40,09,25,12,45
Vistara,27/05/2019,Chennai,Kolkata,MAA → CCU,17:45,20:05,2:20,0,No Info,11982,27,05,2019,17,45,20,05,2,20
Multiple carriers,18/05/2019,Delhi,Cochin,DEL → BOM → COK,10:35,19:15,8:40,1,No Info,8309,18,05,2019,10,35,19,15,8,40
Jet Airways,9/06/2019,Delhi,Cochin,DEL → BHO → BOM → COK,05:30,12:35,7:5,2,In-flight meal not included,13344,9,06,2019,05,30,12,35,7,5
Air India,1/04/2019,Kolkata,Banglore,CCU → HYD → BLR,19:00,09:50,14:50,1,No Info,4227,1,04,2019,19,00,09,50,14,50
Air India,21/03/2019,Delhi,Cochin,DEL → JAI → BOM → COK,12:00,07:40,19:40,2,No Info,9706,21,03,2019,12,00,07,40,19,40
SpiceJet,6/05/2019,Mumbai,Hyderabad,BOM → HYD,13:15,14:45,1:30,0,No Info,2017,6,05,2019,13,15,14,45,1,30
IndiGo,12/06/2019,Delhi,Cochin,DEL → HYD → COK,08:35,22:30,13:55,1,No Info,6442,12,06,2019,08,35,22,30,13,55
Jet Airways,15/06/2019,Banglore,Delhi,BLR → DEL,18:55,22:00,3:5,0,No Info,8016,15,06,2019,18,55,22,00,3,5
IndiGo,1/04/2019,Delhi,Cochin,DEL → HYD → COK,06:50,12:10,5:20,1,No Info,5298,1,04,2019,06,50,12,10,5,20
Vistara,21/05/2019,Banglore,Delhi,BLR → DEL,17:00,19:35,2:35,0,No Info,4878,21,05,2019,17,00,19,35,2,35
Jet Airways,24/06/2019,Delhi,Cochin,DEL → BOM → COK,14:00,04:25,14:25,1,In-flight meal not included,10262,24,06,2019,14,00,04,25,14,25
IndiGo,12/05/2019,Kolkata,Banglore,CCU → HYD → BLR,04:50,09:50,5h,1,No Info,4176,12,05,2019,04,50,09,50,5h,
IndiGo,15/06/2019,Delhi,Cochin,DEL → BOM → COK,11:25,01:30,14:5,1,No Info,5883,15,06,2019,11,25,01,30,14,5
Multiple carriers,6/06/2019,Delhi,Cochin,DEL → BOM → COK,10:00,19:00,9h,1,No Info,12717,6,06,2019,10,00,19,00,9h,
IndiGo,12/05/2019,Chennai,Kolkata,MAA → CCU,07:55,10:15,2:20,0,No Info,3850,12,05,2019,07,55,10,15,2,20
IndiGo,27/05/2019,Chennai,Kolkata,MAA → CCU,19:35,21:55,2:20,0,No Info,3597,27,05,2019,19,35,21,55,2,20
SpiceJet,9/05/2019,Mumbai,Hyderabad,BOM → HYD,13:15,14:45,1:30,0,No check-in baggage included,2175,9,05,2019,13,15,14,45,1,30
Air Asia,12/04/2019,Banglore,Delhi,BLR → DEL,23:55,02:45,2:50,0,No Info,7080,12,04,2019,23,55,02,45,2,50
Jet Airways,1/04/2019,Kolkata,Banglore,CCU → BOM → BLR,21:10,08:15,11:5,1,In-flight meal not included,8849,1,04,2019,21,10,08,15,11,5
Jet Airways,12/06/2019,Kolkata,Banglore,CCU → BOM → BLR,08:25,19:50,11:25,1,In-flight meal not included,9899,12,06,2019,08,25,19,50,11,25
Vistara,15/06/2019,Banglore,Delhi,BLR → DEL,07:00,09:40,2:40,0,No Info,4878,15,06,2019,07,00,09,40,2,40
Multiple carriers,9/05/2019,Delhi,Cochin,DEL → BOM → COK,07:30,19:15,11:45,1,No Info,7787,9,05,2019,07,30,19,15,11,45
SpiceJet,3/05/2019,Chennai,Kolkata,MAA → CCU,17:45,20:05,2:20,0,No Info,3597,3,05,2019,17,45,20,05,2,20
GoAir,1/04/2019,Delhi,Cochin,DEL → BOM → COK,10:35,19:35,9h,1,No Info,5281,1,04,2019,10,35,19,35,9h,
Vistara,15/05/2019,Kolkata,Banglore,CCU → DEL → BLR,20:20,18:50,22:30,1,No Info,9345,15,05,2019,20,20,18,50,22,30
IndiGo,24/06/2019,Delhi,Cochin,DEL → HYD → COK,11:55,22:30,10:35,1,No Info,6442,24,06,2019,11,55,22,30,10,35
IndiGo,6/06/2019,Delhi,Cochin,DEL → BOM → COK,09:15,21:00,11:45,1,No Info,6838,6,06,2019,09,15,21,00,11,45
SpiceJet,3/06/2019,Chennai,Kolkata,MAA → CCU,17:45,20:05,2:20,0,No Info,3597,3,06,2019,17,45,20,05,2,20
SpiceJet,21/03/2019,Mumbai,Hyderabad,BOM → HYD,05:45,07:05,1:20,0,No Info,3173,21,03,2019,05,45,07,05,1,20
Multiple carriers,3/06/2019,Delhi,Cochin,DEL → BOM → COK,18:15,01:30,7:15,1,No Info,13377,3,06,2019,18,15,01,30,7,15
Jet Airways,9/05/2019,Kolkata,Banglore,CCU → DEL → BLR,20:25,18:00,21:35,1,In-flight meal not included,9314,9,05,2019,20,25,18,00,21,35
Multiple carriers,9/03/2019,Delhi,Cochin,DEL → HYD → COK,13:15,22:20,9:5,1,No Info,9856,9,03,2019,13,15,22,20,9,5
Air India,21/05/2019,Delhi,Cochin,DEL → BOM → COK,08:00,19:15,11:15,1,No Info,8372,21,05,2019,08,00,19,15,11,15
Jet Airways,1/04/2019,Kolkata,Banglore,CCU → BOM → BLR,18:55,18:15,23:20,1,In-flight meal not included,7064,1,04,2019,18,55,18,15,23,20
IndiGo,1/05/2019,Kolkata,Banglore,CCU → BLR,22:15,00:50,2:35,0,No Info,4804,1,05,2019,22,15,00,50,2,35
Jet Airways,27/05/2019,Delhi,Cochin,DEL → JAI → BOM → COK,05:30,19:00,13:30,2,In-flight meal not included,13029,27,05,2019,05,30,19,00,13,30
IndiGo,24/05/2019,Delhi,Cochin,DEL → HYD → COK,14:20,22:30,8:10,1,No Info,7640,24,05,2019,14,20,22,30,8,10
Jet Airways,01/03/2019,Banglore,New Delhi,BLR → BOM → DEL,08:00,15:15,7:15,1,No Info,22270,01,03,2019,08,00,15,15,7,15
Air India,1/04/2019,Banglore,Delhi,BLR → DEL,21:05,23:55,2:50,0,No Info,4441,1,04,2019,21,05,23,55,2,50
Jet Airways,27/05/2019,Delhi,Cochin,DEL → BOM → COK,09:00,04:25,19:25,1,In-flight meal not included,12898,27,05,2019,09,00,04,25,19,25
Jet Airways,1/04/2019,Kolkata,Banglore,CCU → BOM → BLR,18:55,16:20,21:25,1,In-flight meal not included,7064,1,04,2019,18,55,16,20,21,25
Jet Airways,9/06/2019,Kolkata,Banglore,CCU → BOM → BLR,08:25,20:45,12:20,1,In-flight meal not included,10844,9,06,2019,08,25,20,45,12,20
SpiceJet,9/06/2019,Kolkata,Banglore,CCU → BLR,09:00,11:25,2:25,0,No Info,4174,9,06,2019,09,00,11,25,2,25
Jet Airways,12/06/2019,Kolkata,Banglore,CCU → BOM → BLR,16:30,20:45,28:15,1,In-flight meal not included,8529,12,06,2019,16,30,20,45,28,15
IndiGo,21/05/2019,Banglore,Delhi,BLR → DEL,22:10,01:00,2:50,0,No Info,3625,21,05,2019,22,10,01,00,2,50
IndiGo,21/05/2019,Banglore,Delhi,BLR → DEL,00:30,03:25,2:55,0,No Info,3419,21,05,2019,00,30,03,25,2,55
IndiGo,24/05/2019,Chennai,Kolkata,MAA → CCU,05:15,07:40,2:25,0,No Info,3850,24,05,2019,05,15,07,40,2,25
Air India,24/05/2019,Kolkata,Banglore,CCU → BOM → COK → BLR,16:50,13:45,20:55,2,No Info,12802,24,05,2019,16,50,13,45,20,55
SpiceJet,6/03/2019,Delhi,Cochin,DEL → MAA → COK,15:55,21:55,6h,1,No Info,9748,6,03,2019,15,55,21,55,6h,
IndiGo,3/06/2019,Delhi,Cochin,DEL → BOM → COK,17:10,01:30,8:20,1,No Info,6104,3,06,2019,17,10,01,30,8,20
IndiGo,21/06/2019,Banglore,Delhi,BLR → DEL,21:15,00:15,3h,0,No Info,3943,21,06,2019,21,15,00,15,3h,
IndiGo,3/06/2019,Delhi,Cochin,DEL → HYD → COK,06:50,16:10,9:20,1,No Info,7514,3,06,2019,06,50,16,10,9,20
Jet Airways,06/03/2019,Banglore,New Delhi,BLR → DEL,19:55,22:35,2:40,0,No Info,18308,06,03,2019,19,55,22,35,2,40
Air India,6/03/2019,Mumbai,Hyderabad,BOM → GOI → PNQ → HYD,21:10,16:55,4:15,2,No Info,17327,6,03,2019,21,10,16,55,4,15
Air India,27/03/2019,Delhi,Cochin,DEL → HYD → BOM → COK,13:05,07:40,18:35,2,No Info,8892,27,03,2019,13,05,07,40,18,35
Multiple carriers,27/05/2019,Delhi,Cochin,DEL → BOM → COK,10:20,19:00,8:40,1,No Info,9794,27,05,2019,10,20,19,00,8,40
IndiGo,1/04/2019,Banglore,Delhi,BLR → DEL,00:30,03:25,2:55,0,No Info,4423,1,04,2019,00,30,03,25,2,55
Jet Airways,24/05/2019,Kolkata,Banglore,CCU → BOM → BLR,20:00,20:45,24:45,1,In-flight meal not included,10844,24,05,2019,20,00,20,45,24,45
Jet Airways,9/05/2019,Delhi,Cochin,DEL → BOM → COK,18:15,19:00,24:45,1,No Info,15554,9,05,2019,18,15,19,00,24,45
Vistara,1/05/2019,Chennai,Kolkata,MAA → CCU,17:45,20:05,2:20,0,No Info,11982,1,05,2019,17,45,20,05,2,20
IndiGo,3/06/2019,Mumbai,Hyderabad,BOM → HYD,06:25,07:55,1:30,0,No Info,4049,3,06,2019,06,25,07,55,1,30
IndiGo,24/03/2019,Kolkata,Banglore,CCU → BLR,14:20,16:55,2:35,0,No Info,5618,24,03,2019,14,20,16,55,2,35
Air India,27/06/2019,Delhi,Cochin,DEL → CCU → BOM → COK,20:15,19:15,23h,2,No Info,13591,27,06,2019,20,15,19,15,23h,
Multiple carriers,27/05/2019,Delhi,Cochin,DEL → BOM → COK,10:00,01:30,15:30,1,No Info,9508,27,05,2019,10,00,01,30,15,30
SpiceJet,18/06/2019,Chennai,Kolkata,MAA → CCU,09:45,12:00,2:15,0,No check-in baggage included,3543,18,06,2019,09,45,12,00,2,15
Jet Airways,18/04/2019,Banglore,Delhi,BLR → DEL,18:55,22:00,3:5,0,No Info,7229,18,04,2019,18,55,22,00,3,5
Vistara,18/06/2019,Banglore,Delhi,BLR → DEL,11:30,14:20,2:50,0,No Info,4668,18,06,2019,11,30,14,20,2,50
Jet Airways,21/05/2019,Kolkata,Banglore,CCU → BOM → BLR,14:05,10:05,20h,1,No Info,14388,21,05,2019,14,05,10,05,20h,
Jet Airways,15/05/2019,Kolkata,Banglore,CCU → BOM → BLR,18:55,12:00,17:5,1,In-flight meal not included,10844,15,05,2019,18,55,12,00,17,5
Air India,9/06/2019,Delhi,Cochin,DEL → MAA → COK,20:40,09:25,12:45,1,No Info,7690,9,06,2019,20,40,09,25,12,45
Jet Airways,21/05/2019,Kolkata,Banglore,CCU → DEL → BLR,09:35,09:45,24:10,1,No Info,13067,21,05,2019,09,35,09,45,24,10
SpiceJet,3/04/2019,Mumbai,Hyderabad,BOM → HYD,05:45,07:15,1:30,0,No check-in baggage included,1965,3,04,2019,05,45,07,15,1,30
Jet Airways,9/03/2019,Delhi,Cochin,DEL → BOM → COK,16:00,18:50,26:50,1,No Info,16289,9,03,2019,16,00,18,50,26,50
Air India,12/05/2019,Kolkata,Banglore,CCU → DEL → BLR,20:30,08:55,12:25,1,No Info,10203,12,05,2019,20,30,08,55,12,25
Jet Airways,6/05/2019,Kolkata,Banglore,CCU → BOM → BLR,14:05,23:35,9:30,1,No Info,15149,6,05,2019,14,05,23,35,9,30
Vistara,21/05/2019,Kolkata,Banglore,CCU → DEL → BLR,17:00,23:25,6:25,1,No Info,9345,21,05,2019,17,00,23,25,6,25
SpiceJet,18/05/2019,Mumbai,Hyderabad,BOM → HYD,05:45,07:15,1:30,0,No Info,2017,18,05,2019,05,45,07,15,1,30
Vistara,15/05/2019,Kolkata,Banglore,CCU → DEL → BLR,07:10,23:25,16:15,1,No Info,9345,15,05,2019,07,10,23,25,16,15
Air India,6/05/2019,Kolkata,Banglore,CCU → MAA → BLR,14:35,15:20,24:45,1,No Info,6528,6,05,2019,14,35,15,20,24,45
Multiple carriers,3/03/2019,Delhi,Cochin,DEL → BOM → COK,07:00,13:20,6:20,1,No Info,15603,3,03,2019,07,00,13,20,6,20
Jet Airways,24/06/2019,Delhi,Cochin,DEL → NAG → BOM → COK,06:45,04:25,21:40,2,No Info,13376,24,06,2019,06,45,04,25,21,40
SpiceJet,27/06/2019,Delhi,Cochin,DEL → MAA → COK,06:05,11:20,5:15,1,No Info,5583,27,06,2019,06,05,11,20,5,15
Jet Airways,9/06/2019,Delhi,Cochin,DEL → BOM → COK,16:00,19:00,27h,1,In-flight meal not included,10577,9,06,2019,16,00,19,00,27h,
Air India,15/05/2019,Delhi,Cochin,DEL → JAI → BOM → COK,12:00,07:40,19:40,2,No Info,10651,15,05,2019,12,00,07,40,19,40
Jet Airways,12/06/2019,Kolkata,Banglore,CCU → BOM → BLR,14:05,04:40,14:35,1,In-flight meal not included,7594,12,06,2019,14,05,04,40,14,35
Air Asia,1/05/2019,Kolkata,Banglore,CCU → BBI → BLR,06:50,10:30,3:40,1,No Info,6857,1,05,2019,06,50,10,30,3,40
IndiGo,27/04/2019,Banglore,Delhi,BLR → DEL,13:00,15:50,2:50,0,No Info,4423,27,04,2019,13,00,15,50,2,50
Jet Airways,12/06/2019,Delhi,Cochin,DEL → BHO → BOM → COK,05:30,12:35,7:5,2,In-flight meal not included,13344,12,06,2019,05,30,12,35,7,5
SpiceJet,27/04/2019,Banglore,Delhi,BLR → DEL,21:10,00:05,2:55,0,No Info,3971,27,04,2019,21,10,00,05,2,55
Jet Airways,24/06/2019,Delhi,Cochin,DEL → BOM → COK,09:00,19:00,10h,1,No Info,18371,24,06,2019,09,00,19,00,10h,
Jet Airways,27/03/2019,Delhi,Cochin,DEL → AMD → BOM → COK,19:10,04:25,33:15,2,In-flight meal not included,6643,27,03,2019,19,10,04,25,33,15
Multiple carriers,6/03/2019,Delhi,Cochin,DEL → BOM → COK,11:30,19:15,7:45,1,No Info,15077,6,03,2019,11,30,19,15,7,45
Air India,1/05/2019,Banglore,Delhi,BLR → DEL,10:00,12:45,2:45,0,No Info,6121,1,05,2019,10,00,12,45,2,45
SpiceJet,3/03/2019,Mumbai,Hyderabad,BOM → HYD,13:10,14:30,1:20,0,No Info,5755,3,03,2019,13,10,14,30,1,20
Air India,9/04/2019,Delhi,Cochin,DEL → MAA → COK,20:40,09:25,12:45,1,No Info,4487,9,04,2019,20,40,09,25,12,45
SpiceJet,21/05/2019,Delhi,Cochin,DEL → PNQ → COK,08:45,13:15,4:30,1,No check-in baggage included,5158,21,05,2019,08,45,13,15,4,30
Jet Airways,1/05/2019,Kolkata,Banglore,CCU → BOM → BLR,20:00,04:40,8:40,1,In-flight meal not included,8586,1,05,2019,20,00,04,40,8,40
Air India,1/06/2019,Mumbai,Hyderabad,BOM → HYD,06:20,07:40,1:20,0,No Info,3100,1,06,2019,06,20,07,40,1,20
Jet Airways,9/05/2019,Mumbai,Hyderabad,BOM → HYD,02:55,04:20,1:25,0,In-flight meal not included,3210,9,05,2019,02,55,04,20,1,25
Jet Airways,9/05/2019,Delhi,Cochin,DEL → BOM → COK,19:15,12:35,17:20,1,In-flight meal not included,12373,9,05,2019,19,15,12,35,17,20
Multiple carriers,3/03/2019,Delhi,Cochin,DEL → BOM → COK,06:40,18:50,12:10,1,No Info,15135,3,03,2019,06,40,18,50,12,10
Jet Airways,27/06/2019,Delhi,Cochin,DEL → IDR → BOM → COK,05:30,19:00,13:30,2,No Info,13292,27,06,2019,05,30,19,00,13,30
SpiceJet,6/06/2019,Mumbai,Hyderabad,BOM → HYD,13:15,14:45,1:30,0,No Info,2017,6,06,2019,13,15,14,45,1,30
Jet Airways,12/06/2019,Delhi,Cochin,DEL → NAG → BOM → COK,14:35,12:35,22h,2,In-flight meal not included,10919,12,06,2019,14,35,12,35,22h,
Vistara,6/03/2019,Mumbai,Hyderabad,BOM → DEL → HYD,21:55,22:55,25h,1,No Info,12395,6,03,2019,21,55,22,55,25h,
SpiceJet,21/06/2019,Chennai,Kolkata,MAA → CCU,09:45,12:00,2:15,0,No check-in baggage included,3543,21,06,2019,09,45,12,00,2,15
Jet Airways,6/05/2019,Mumbai,Hyderabad,BOM → HYD,19:35,21:05,1:30,0,In-flight meal not included,2228,6,05,2019,19,35,21,05,1,30
Air India,21/03/2019,Delhi,Cochin,DEL → AMD → BOM → COK,19:45,19:15,23:30,2,No Info,8236,21,03,2019,19,45,19,15,23,30
Air Asia,3/06/2019,Delhi,Cochin,DEL → BLR → COK,16:45,06:35,13:50,1,No Info,11410,3,06,2019,16,45,06,35,13,50
Jet Airways,21/05/2019,Delhi,Cochin,DEL → AMD → BOM → COK,23:05,12:35,13:30,2,No Info,15129,21,05,2019,23,05,12,35,13,30
GoAir,24/06/2019,Kolkata,Banglore,CCU → BLR,15:20,17:55,2:35,0,No Info,3514,24,06,2019,15,20,17,55,2,35
Jet Airways,6/06/2019,Kolkata,Banglore,CCU → DEL → BLR,09:35,21:05,11:30,1,In-flight meal not included,13469,6,06,2019,09,35,21,05,11,30
IndiGo,9/04/2019,Banglore,Delhi,BLR → DEL,21:15,00:15,3h,0,No Info,3943,9,04,2019,21,15,00,15,3h,
Vistara,03/03/2019,Banglore,New Delhi,BLR → DEL,21:10,00:05,2:55,0,No Info,7608,03,03,2019,21,10,00,05,2,55
Air India,27/05/2019,Banglore,Delhi,BLR → DEL,10:00,12:45,2:45,0,No Info,6961,27,05,2019,10,00,12,45,2,45
Multiple carriers,1/06/2019,Delhi,Cochin,DEL → BOM → COK,09:15,19:00,9:45,1,No Info,12042,1,06,2019,09,15,19,00,9,45
Jet Airways Business,01/03/2019,Banglore,New Delhi,BLR → BOM → DEL,05:45,12:25,6:40,1,Business class,62427,01,03,2019,05,45,12,25,6,40
Air India,09/03/2019,Banglore,New Delhi,BLR → VGA → HYD → DEL,10:30,21:25,10:55,2,No Info,9586,09,03,2019,10,30,21,25,10,55
SpiceJet,1/06/2019,Chennai,Kolkata,MAA → CCU,08:20,10:35,2:15,0,No check-in baggage included,3543,1,06,2019,08,20,10,35,2,15
Jet Airways,9/06/2019,Delhi,Cochin,DEL → LKO → BOM → COK,09:25,12:35,27:10,2,No Info,13882,9,06,2019,09,25,12,35,27,10
Jet Airways,24/05/2019,Kolkata,Banglore,CCU → GAU → BLR,10:20,17:35,7:15,1,No Info,8781,24,05,2019,10,20,17,35,7,15
Air Asia,12/06/2019,Kolkata,Banglore,CCU → IXR → DEL → BLR,15:10,23:30,8:20,2,No Info,5192,12,06,2019,15,10,23,30,8,20
IndiGo,27/03/2019,Delhi,Cochin,DEL → HYD → COK,06:40,22:20,15:40,1,No Info,6442,27,03,2019,06,40,22,20,15,40
Jet Airways,6/05/2019,Delhi,Cochin,DEL → BOM → COK,22:50,12:35,13:45,1,No Info,15554,6,05,2019,22,50,12,35,13,45
Jet Airways,21/05/2019,Kolkata,Banglore,CCU → BOM → BLR,18:55,16:20,21:25,1,In-flight meal not included,10844,21,05,2019,18,55,16,20,21,25
IndiGo,3/04/2019,Mumbai,Hyderabad,BOM → HYD,12:00,13:30,1:30,0,No Info,2754,3,04,2019,12,00,13,30,1,30
Multiple carriers,21/05/2019,Delhi,Cochin,DEL → BOM → COK,14:00,21:00,7h,1,No Info,14067,21,05,2019,14,00,21,00,7h,
GoAir,27/04/2019,Delhi,Cochin,DEL → AMD → COK,07:25,13:35,6:10,1,No Info,5140,27,04,2019,07,25,13,35,6,10
IndiGo,9/05/2019,Delhi,Cochin,DEL → BOM → COK,10:35,01:30,14:55,1,No Info,8330,9,05,2019,10,35,01,30,14,55
Jet Airways,3/03/2019,Mumbai,Hyderabad,BOM → HYD,19:35,21:05,1:30,0,No Info,5678,3,03,2019,19,35,21,05,1,30
Jet Airways,12/03/2019,Banglore,New Delhi,BLR → BOM → DEL,22:55,18:25,19:30,1,In-flight meal not included,11087,12,03,2019,22,55,18,25,19,30
GoAir,01/03/2019,Banglore,New Delhi,BLR → DEL,20:55,23:50,2:55,0,No Info,18558,01,03,2019,20,55,23,50,2,55
IndiGo,1/03/2019,Mumbai,Hyderabad,BOM → HYD,02:30,04:00,1:30,0,No Info,16000,1,03,2019,02,30,04,00,1,30
SpiceJet,6/05/2019,Banglore,Delhi,BLR → DEL,21:10,00:05,2:55,0,No check-in baggage included,3573,6,05,2019,21,10,00,05,2,55
Multiple carriers,15/05/2019,Delhi,Cochin,DEL → BOM → COK,12:50,01:30,12:40,1,No Info,7670,15,05,2019,12,50,01,30,12,40
Jet Airways,24/06/2019,Delhi,Cochin,DEL → AMD → BOM → COK,23:05,19:00,19:55,2,No Info,12819,24,06,2019,23,05,19,00,19,55
Vistara,15/05/2019,Banglore,Delhi,BLR → DEL,17:00,19:35,2:35,0,No Info,4878,15,05,2019,17,00,19,35,2,35
Jet Airways,27/06/2019,Delhi,Cochin,DEL → IDR → BOM → COK,21:25,19:00,21:35,2,In-flight meal not included,11507,27,06,2019,21,25,19,00,21,35
Air Asia,6/06/2019,Delhi,Cochin,DEL → BLR → COK,07:55,13:25,5:30,1,No Info,8759,6,06,2019,07,55,13,25,5,30
Jet Airways,12/06/2019,Delhi,Cochin,DEL → BOM → COK,17:30,19:00,25:30,1,In-flight meal not included,10262,12,06,2019,17,30,19,00,25,30
Air India,21/05/2019,Delhi,Cochin,DEL → HYD → MAA → COK,07:05,09:25,26:20,2,No Info,10975,21,05,2019,07,05,09,25,26,20
Jet Airways,6/06/2019,Delhi,Cochin,DEL → BOM → COK,19:15,04:25,9:10,1,In-flight meal not included,10262,6,06,2019,19,15,04,25,9,10
Multiple carriers,27/06/2019,Delhi,Cochin,DEL → BOM → COK,12:50,21:00,8:10,1,In-flight meal not included,6007,27,06,2019,12,50,21,00,8,10
IndiGo,21/03/2019,Chennai,Kolkata,MAA → CCU,11:35,14:00,2:25,0,No Info,3858,21,03,2019,11,35,14,00,2,25
IndiGo,27/06/2019,Delhi,Cochin,DEL → HYD → COK,14:20,22:30,8:10,1,No Info,6412,27,06,2019,14,20,22,30,8,10
Air India,21/04/2019,Kolkata,Banglore,CCU → BLR,14:15,16:45,2:30,0,No Info,6245,21,04,2019,14,15,16,45,2,30
Air India,9/06/2019,Delhi,Cochin,DEL → AMD → BOM → COK,19:45,19:15,23:30,2,No Info,9968,9,06,2019,19,45,19,15,23,30
Multiple carriers,9/03/2019,Delhi,Cochin,DEL → BOM → COK,02:15,12:55,10:40,1,In-flight meal not included,18260,9,03,2019,02,15,12,55,10,40
IndiGo,03/03/2019,Banglore,New Delhi,BLR → DEL,18:25,21:20,2:55,0,No Info,8855,03,03,2019,18,25,21,20,2,55
Jet Airways,24/05/2019,Kolkata,Banglore,CCU → BOM → BLR,08:25,18:15,9:50,1,In-flight meal not included,10844,24,05,2019,08,25,18,15,9,50
SpiceJet,27/05/2019,Chennai,Kolkata,MAA → CCU,08:20,10:35,2:15,0,No Info,3597,27,05,2019,08,20,10,35,2,15
Jet Airways,6/05/2019,Kolkata,Banglore,CCU → DEL → BLR,17:00,21:05,28:5,1,No Info,13067,6,05,2019,17,00,21,05,28,5
Jet Airways,12/03/2019,Banglore,New Delhi,BLR → BOM → DEL,16:55,10:45,17:50,1,No Info,13817,12,03,2019,16,55,10,45,17,50
Air India,12/03/2019,Banglore,New Delhi,BLR → BOM → DEL,06:45,23:15,16:30,1,No Info,11602,12,03,2019,06,45,23,15,16,30
Jet Airways,9/05/2019,Kolkata,Banglore,CCU → BOM → BLR,16:30,18:15,25:45,1,No Info,13941,9,05,2019,16,30,18,15,25,45
Jet Airways,15/05/2019,Kolkata,Banglore,CCU → DEL → BLR,20:25,19:10,22:45,1,No Info,14151,15,05,2019,20,25,19,10,22,45
IndiGo,15/05/2019,Banglore,Delhi,BLR → DEL,04:00,06:50,2:50,0,No Info,3943,15,05,2019,04,00,06,50,2,50
Jet Airways,12/05/2019,Kolkata,Banglore,CCU → BOM → BLR,06:30,18:15,11:45,1,In-flight meal not included,10844,12,05,2019,06,30,18,15,11,45
SpiceJet,18/06/2019,Mumbai,Hyderabad,BOM → HYD,05:45,07:15,1:30,0,No Info,2753,18,06,2019,05,45,07,15,1,30
Jet Airways,12/06/2019,Delhi,Cochin,DEL → BOM → COK,02:15,19:00,16:45,1,No Info,14714,12,06,2019,02,15,19,00,16,45
Multiple carriers,18/05/2019,Delhi,Cochin,DEL → HYD → COK,07:05,16:10,9:5,1,No Info,9646,18,05,2019,07,05,16,10,9,5
Jet Airways,9/05/2019,Delhi,Cochin,DEL → BOM → COK,07:05,12:35,5:30,1,No Info,15554,9,05,2019,07,05,12,35,5,30
Air India,18/03/2019,Banglore,New Delhi,BLR → VGA → VTZ → DEL,10:30,17:45,7:15,2,No Info,13261,18,03,2019,10,30,17,45,7,15
Jet Airways,18/03/2019,Banglore,New Delhi,BLR → BOM → DEL,11:40,05:05,17:25,1,In-flight meal not included,11087,18,03,2019,11,40,05,05,17,25
Jet Airways,15/06/2019,Delhi,Cochin,DEL → IDR → BOM → COK,05:30,19:00,13:30,2,In-flight meal not included,11507,15,06,2019,05,30,19,00,13,30
Multiple carriers,9/05/2019,Delhi,Cochin,DEL → BOM → COK,19:00,01:30,6:30,1,No Info,9424,9,05,2019,19,00,01,30,6,30
GoAir,12/04/2019,Banglore,Delhi,BLR → DEL,11:40,14:30,2:50,0,No Info,4937,12,04,2019,11,40,14,30,2,50
SpiceJet,6/06/2019,Banglore,Delhi,BLR → DEL,21:10,00:05,2:55,0,No check-in baggage included,3257,6,06,2019,21,10,00,05,2,55
IndiGo,6/05/2019,Banglore,Delhi,BLR → DEL,08:30,11:20,2:50,0,No Info,4823,6,05,2019,08,30,11,20,2,50
IndiGo,12/05/2019,Chennai,Kolkata,MAA → CCU,22:05,00:25,2:20,0,No Info,5277,12,05,2019,22,05,00,25,2,20
SpiceJet,9/04/2019,Kolkata,Banglore,CCU → BLR,17:10,19:40,2:30,0,No Info,3873,9,04,2019,17,10,19,40,2,30
Jet Airways,24/05/2019,Kolkata,Banglore,CCU → BOM → BLR,16:30,04:40,12:10,1,In-flight meal not included,10844,24,05,2019,16,30,04,40,12,10
Multiple carriers,27/05/2019,Delhi,Cochin,DEL → BOM → COK,17:00,01:30,8:30,1,No Info,7198,27,05,2019,17,00,01,30,8,30
Air India,15/05/2019,Delhi,Cochin,DEL → COK,05:10,08:00,2:50,0,No Info,6094,15,05,2019,05,10,08,00,2,50
IndiGo,3/05/2019,Banglore,Delhi,BLR → DEL,06:05,08:50,2:45,0,No Info,3943,3,05,2019,06,05,08,50,2,45
IndiGo,15/05/2019,Banglore,Delhi,BLR → DEL,21:15,00:15,3h,0,No Info,3943,15,05,2019,21,15,00,15,3h,
Jet Airways,1/04/2019,Kolkata,Banglore,CCU → BOM → BLR,20:00,12:00,16h,1,No Info,12681,1,04,2019,20,00,12,00,16h,
Vistara,15/04/2019,Banglore,Delhi,BLR → DEL,17:00,19:35,2:35,0,No Info,5613,15,04,2019,17,00,19,35,2,35
SpiceJet,24/05/2019,Kolkata,Banglore,CCU → BLR,09:00,11:25,2:25,0,No Info,3873,24,05,2019,09,00,11,25,2,25
Jet Airways,27/05/2019,Delhi,Cochin,DEL → BOM → COK,13:00,12:35,23:35,1,In-flight meal not included,12898,27,05,2019,13,00,12,35,23,35
Jet Airways,9/05/2019,Delhi,Cochin,DEL → JAI → BOM → COK,05:30,04:25,22:55,2,No Info,15129,9,05,2019,05,30,04,25,22,55
SpiceJet,9/05/2019,Chennai,Kolkata,MAA → CCU,08:20,10:35,2:15,0,No Info,3911,9,05,2019,08,20,10,35,2,15
IndiGo,12/06/2019,Delhi,Cochin,DEL → COK,21:05,00:20,3:15,0,No Info,6015,12,06,2019,21,05,00,20,3,15
Jet Airways,01/03/2019,Banglore,New Delhi,BLR → BOM → DEL,16:55,23:00,6:5,1,No Info,54826,01,03,2019,16,55,23,00,6,5
IndiGo,27/03/2019,Delhi,Cochin,DEL → BOM → COK,20:30,01:35,5:5,1,No Info,5073,27,03,2019,20,30,01,35,5,5
IndiGo,21/03/2019,Chennai,Kolkata,MAA → CCU,05:15,07:35,2:20,0,No Info,4326,21,03,2019,05,15,07,35,2,20
Air India,24/06/2019,Delhi,Cochin,DEL → AMD → BOM → COK,16:40,19:15,26:35,2,No Info,9443,24,06,2019,16,40,19,15,26,35
Jet Airways,3/06/2019,Mumbai,Hyderabad,BOM → HYD,10:20,11:50,1:30,0,No Info,8040,3,06,2019,10,20,11,50,1,30
Jet Airways,3/04/2019,Banglore,Delhi,BLR → DEL,06:00,08:45,2:45,0,No Info,7229,3,04,2019,06,00,08,45,2,45
IndiGo,15/06/2019,Banglore,Delhi,BLR → DEL,13:00,15:50,2:50,0,No Info,3943,15,06,2019,13,00,15,50,2,50
Air India,06/03/2019,Banglore,New Delhi,BLR → HBX → BOM → BHO → DEL,12:00,23:25,11:25,3,No Info,14195,06,03,2019,12,00,23,25,11,25
Jet Airways,15/06/2019,Delhi,Cochin,DEL → IDR → BOM → COK,09:35,04:25,18:50,2,No Info,13292,15,06,2019,09,35,04,25,18,50
IndiGo,3/04/2019,Kolkata,Banglore,CCU → BLR,11:30,14:05,2:35,0,No Info,4174,3,04,2019,11,30,14,05,2,35
Jet Airways,06/03/2019,Banglore,New Delhi,BLR → BOM → DEL,07:00,21:20,14:20,1,No Info,16736,06,03,2019,07,00,21,20,14,20
Jet Airways,12/05/2019,Banglore,Delhi,BLR → DEL,06:00,08:45,2:45,0,In-flight meal not included,5198,12,05,2019,06,00,08,45,2,45
Multiple carriers,3/06/2019,Delhi,Cochin,DEL → BOM → COK,07:05,19:15,12:10,1,No Info,15058,3,06,2019,07,05,19,15,12,10
IndiGo,3/04/2019,Delhi,Cochin,DEL → BOM → COK,10:35,15:35,5h,1,No Info,5073,3,04,2019,10,35,15,35,5h,
Multiple carriers,15/05/2019,Delhi,Cochin,DEL → BOM → COK,08:00,19:00,11h,1,No Info,10197,15,05,2019,08,00,19,00,11h,
SpiceJet,27/06/2019,Chennai,Kolkata,MAA → CCU,17:45,20:05,2:20,0,No check-in baggage included,3543,27,06,2019,17,45,20,05,2,20
Jet Airways,27/06/2019,Banglore,Delhi,BLR → DEL,17:45,20:45,3h,0,In-flight meal not included,7229,27,06,2019,17,45,20,45,3h,
Air India,1/06/2019,Delhi,Cochin,DEL → JAI → BOM → COK,12:00,07:40,19:40,2,No Info,10966,1,06,2019,12,00,07,40,19,40
Jet Airways,24/03/2019,Kolkata,Banglore,CCU → BOM → BLR,13:55,23:25,9:30,1,In-flight meal not included,11134,24,03,2019,13,55,23,25,9,30
Air Asia,6/04/2019,Kolkata,Banglore,CCU → BLR,22:50,01:20,2:30,0,No Info,3807,6,04,2019,22,50,01,20,2,30
Air India,6/05/2019,Banglore,Delhi,BLR → DEL,13:20,16:10,2:50,0,No Info,5228,6,05,2019,13,20,16,10,2,50
IndiGo,12/06/2019,Chennai,Kolkata,MAA → CCU,14:45,17:05,2:20,0,No Info,3597,12,06,2019,14,45,17,05,2,20
Air Asia,18/05/2019,Banglore,Delhi,BLR → DEL,11:10,13:55,2:45,0,No Info,4483,18,05,2019,11,10,13,55,2,45
Jet Airways,24/06/2019,Delhi,Cochin,DEL → BOM → COK,11:30,04:25,16:55,1,In-flight meal not included,10262,24,06,2019,11,30,04,25,16,55
SpiceJet,6/06/2019,Delhi,Cochin,DEL → PNQ → COK,08:45,13:15,4:30,1,No check-in baggage included,5158,6,06,2019,08,45,13,15,4,30
Air India,21/03/2019,Banglore,New Delhi,BLR → COK → DEL,22:00,23:20,25:20,1,No Info,6010,21,03,2019,22,00,23,20,25,20
Jet Airways,12/06/2019,Delhi,Cochin,DEL → NAG → BOM → COK,14:35,12:35,22h,2,No Info,13376,12,06,2019,14,35,12,35,22h,
Jet Airways,21/03/2019,Delhi,Cochin,DEL → BHO → BOM → COK,05:40,04:25,22:45,2,No Info,11543,21,03,2019,05,40,04,25,22,45
Multiple carriers,6/03/2019,Delhi,Cochin,DEL → BOM → COK,09:55,19:15,9:20,1,In-flight meal not included,15342,6,03,2019,09,55,19,15,9,20
SpiceJet,15/03/2019,Banglore,New Delhi,BLR → DEL,09:35,12:30,2:55,0,No Info,6309,15,03,2019,09,35,12,30,2,55
Vistara,24/05/2019,Banglore,Delhi,BLR → DEL,19:30,22:15,2:45,0,No Info,5823,24,05,2019,19,30,22,15,2,45
Vistara,24/03/2019,Banglore,New Delhi,BLR → DEL,11:30,14:10,2:40,0,No Info,5403,24,03,2019,11,30,14,10,2,40
SpiceJet,1/06/2019,Kolkata,Banglore,CCU → BLR,06:55,09:30,2:35,0,No Info,3873,1,06,2019,06,55,09,30,2,35
Jet Airways,27/05/2019,Delhi,Cochin,DEL → BOM → COK,21:50,19:00,21:10,1,In-flight meal not included,12898,27,05,2019,21,50,19,00,21,10
IndiGo,15/05/2019,Delhi,Cochin,DEL → BOM → COK,17:10,01:30,8:20,1,No Info,6979,15,05,2019,17,10,01,30,8,20
Air India,12/05/2019,Kolkata,Banglore,CCU → GAU → DEL → BLR,16:45,16:15,23:30,2,No Info,13437,12,05,2019,16,45,16,15,23,30
Jet Airways,27/03/2019,Delhi,Cochin,DEL → BOM → COK,11:30,04:25,16:55,1,In-flight meal not included,6017,27,03,2019,11,30,04,25,16,55
Jet Airways,21/03/2019,Delhi,Cochin,DEL → BOM → COK,07:05,12:35,5:30,1,In-flight meal not included,14053,21,03,2019,07,05,12,35,5,30
IndiGo,6/03/2019,Chennai,Kolkata,MAA → CCU,11:35,14:00,2:25,0,No Info,7295,6,03,2019,11,35,14,00,2,25
Jet Airways,12/06/2019,Kolkata,Banglore,CCU → BOM → BLR,18:55,19:50,24:55,1,No Info,13044,12,06,2019,18,55,19,50,24,55
Jet Airways,3/05/2019,Banglore,Delhi,BLR → DEL,11:10,14:05,2:55,0,In-flight meal not included,4030,3,05,2019,11,10,14,05,2,55
Air India,06/03/2019,Banglore,New Delhi,BLR → HYD → VGA → DEL,08:15,11:20,27:5,2,No Info,13942,06,03,2019,08,15,11,20,27,5
Jet Airways,12/05/2019,Kolkata,Banglore,CCU → BOM → BLR,06:30,18:15,11:45,1,No Info,14781,12,05,2019,06,30,18,15,11,45
SpiceJet,24/03/2019,Banglore,New Delhi,BLR → DEL,05:45,08:35,2:50,0,No Info,3579,24,03,2019,05,45,08,35,2,50
Air India,27/05/2019,Delhi,Cochin,DEL → GOI → BOM → COK,22:00,19:15,21:15,2,No Info,10231,27,05,2019,22,00,19,15,21,15
IndiGo,27/05/2019,Delhi,Cochin,DEL → HYD → COK,06:50,12:10,5:20,1,No Info,5530,27,05,2019,06,50,12,10,5,20
Jet Airways,12/05/2019,Kolkata,Banglore,CCU → BOM → BLR,14:05,19:50,5:45,1,In-flight meal not included,10844,12,05,2019,14,05,19,50,5,45
Air India,6/06/2019,Delhi,Cochin,DEL → BOM → COK,08:00,19:15,11:15,1,No Info,8372,6,06,2019,08,00,19,15,11,15
Jet Airways,9/03/2019,Delhi,Cochin,DEL → BOM → COK,06:50,19:45,12:55,1,No Info,16289,9,03,2019,06,50,19,45,12,55
Air India,6/05/2019,Delhi,Cochin,DEL → GOI → BOM → COK,22:00,19:15,21:15,2,No Info,11701,6,05,2019,22,00,19,15,21,15
Multiple carriers Premium economy,21/03/2019,Delhi,Cochin,DEL → BOM → COK,06:00,15:30,9:30,1,No Info,11269,21,03,2019,06,00,15,30,9,30
Multiple carriers,18/05/2019,Delhi,Cochin,DEL → BOM → COK,13:00,01:30,12:30,1,No Info,9385,18,05,2019,13,00,01,30,12,30
Jet Airways,24/05/2019,Kolkata,Banglore,CCU → DEL → BLR,17:00,23:35,6:35,1,No Info,14151,24,05,2019,17,00,23,35,6,35
Jet Airways,9/04/2019,Banglore,Delhi,BLR → DEL,08:20,11:20,3h,0,In-flight meal not included,4544,9,04,2019,08,20,11,20,3h,
Jet Airways,12/03/2019,Banglore,New Delhi,BLR → BOM → DEL,20:35,10:45,14:10,1,In-flight meal not included,11087,12,03,2019,20,35,10,45,14,10
IndiGo,3/06/2019,Kolkata,Banglore,CCU → BLR,04:40,07:15,2:35,0,No Info,5224,3,06,2019,04,40,07,15,2,35
IndiGo,27/06/2019,Kolkata,Banglore,CCU → BLR,09:35,12:10,2:35,0,No Info,4804,27,06,2019,09,35,12,10,2,35
Air India,12/03/2019,Mumbai,Hyderabad,BOM → MAA → HYD,05:55,20:35,14:40,1,No Info,6901,12,03,2019,05,55,20,35,14,40
Multiple carriers,21/03/2019,Delhi,Cochin,DEL → HYD → COK,14:35,22:20,7:45,1,In-flight meal not included,5999,21,03,2019,14,35,22,20,7,45
Vistara,9/04/2019,Banglore,Delhi,BLR → DEL,21:00,23:50,2:50,0,No Info,5403,9,04,2019,21,00,23,50,2,50
Jet Airways,12/06/2019,Delhi,Cochin,DEL → JAI → BOM → COK,05:30,19:00,13:30,2,No Info,13014,12,06,2019,05,30,19,00,13,30
Jet Airways,6/05/2019,Mumbai,Hyderabad,BOM → HYD,07:05,08:30,1:25,0,In-flight meal not included,4995,6,05,2019,07,05,08,30,1,25
Jet Airways,21/05/2019,Kolkata,Banglore,CCU → BOM → BLR,06:30,08:15,25:45,1,No Info,13941,21,05,2019,06,30,08,15,25,45
Jet Airways,3/06/2019,Delhi,Cochin,DEL → IDR → BOM → COK,21:25,19:00,21:35,2,In-flight meal not included,11507,3,06,2019,21,25,19,00,21,35
Multiple carriers,15/06/2019,Delhi,Cochin,DEL → BOM → COK,08:00,19:00,11h,1,No Info,12192,15,06,2019,08,00,19,00,11h,
Multiple carriers,27/05/2019,Delhi,Cochin,DEL → BOM → COK,18:00,01:30,7:30,1,No Info,7198,27,05,2019,18,00,01,30,7,30
IndiGo,21/06/2019,Delhi,Cochin,DEL → COK,14:25,17:40,3:15,0,No Info,5000,21,06,2019,14,25,17,40,3,15
SpiceJet,3/04/2019,Kolkata,Banglore,CCU → BLR,06:55,09:30,2:35,0,No check-in baggage included,3841,3,04,2019,06,55,09,30,2,35
Jet Airways,21/03/2019,Delhi,Cochin,DEL → BOM → COK,13:00,18:50,5:50,1,No Info,12347,21,03,2019,13,00,18,50,5,50
Vistara,15/06/2019,Chennai,Kolkata,MAA → CCU,17:45,20:05,2:20,0,No Info,11982,15,06,2019,17,45,20,05,2,20
Jet Airways,9/05/2019,Delhi,Cochin,DEL → JAI → BOM → COK,05:30,04:25,22:55,2,In-flight meal not included,13029,9,05,2019,05,30,04,25,22,55
Jet Airways,06/03/2019,Banglore,New Delhi,BLR → BOM → DEL,20:35,08:15,11:40,1,No Info,16736,06,03,2019,20,35,08,15,11,40
IndiGo,15/04/2019,Kolkata,Banglore,CCU → BLR,17:15,19:50,2:35,0,No Info,4174,15,04,2019,17,15,19,50,2,35
SpiceJet,27/06/2019,Kolkata,Banglore,CCU → BLR,09:00,11:25,2:25,0,No check-in baggage included,3841,27,06,2019,09,00,11,25,2,25
Jet Airways,6/03/2019,Delhi,Cochin,DEL → BOM → COK,19:45,19:45,24h,1,No Info,17024,6,03,2019,19,45,19,45,24h,
IndiGo,24/05/2019,Banglore,Delhi,BLR → DEL,21:15,00:15,3h,0,No Info,3943,24,05,2019,21,15,00,15,3h,
IndiGo,3/06/2019,Delhi,Cochin,DEL → HYD → COK,11:55,22:30,10:35,1,No Info,6442,3,06,2019,11,55,22,30,10,35
Air India,9/03/2019,Delhi,Cochin,DEL → HYD → BOM → COK,07:05,19:15,36:10,2,No Info,11762,9,03,2019,07,05,19,15,36,10
SpiceJet,24/04/2019,Kolkata,Banglore,CCU → BLR,09:00,11:25,2:25,0,No Info,4174,24,04,2019,09,00,11,25,2,25
IndiGo,18/06/2019,Kolkata,Banglore,CCU → BLR,04:40,07:15,2:35,0,No Info,4804,18,06,2019,04,40,07,15,2,35
Multiple carriers,6/06/2019,Delhi,Cochin,DEL → BOM → COK,14:00,01:30,11:30,1,No Info,13377,6,06,2019,14,00,01,30,11,30
Jet Airways,1/04/2019,Banglore,Delhi,BLR → DEL,11:10,14:05,2:55,0,No Info,7229,1,04,2019,11,10,14,05,2,55
IndiGo,15/03/2019,Banglore,New Delhi,BLR → DEL,22:20,01:10,2:50,0,No Info,8855,15,03,2019,22,20,01,10,2,50
Multiple carriers,27/06/2019,Delhi,Cochin,DEL → BOM → COK,10:20,19:15,8:55,1,No Info,7741,27,06,2019,10,20,19,15,8,55
Jet Airways,01/03/2019,Banglore,New Delhi,BLR → BOM → DEL,08:00,13:15,5:15,1,No Info,22270,01,03,2019,08,00,13,15,5,15
Multiple carriers,3/06/2019,Delhi,Cochin,DEL → BOM → COK,08:45,21:00,12:15,1,No Info,7740,3,06,2019,08,45,21,00,12,15
Air India,9/06/2019,Kolkata,Banglore,CCU → GAU → DEL → BLR,09:50,12:30,26:40,2,No Info,14960,9,06,2019,09,50,12,30,26,40
Jet Airways,27/03/2019,Delhi,Cochin,DEL → BOM → COK,09:55,18:50,8:55,1,No Info,12032,27,03,2019,09,55,18,50,8,55
Air India,6/03/2019,Mumbai,Hyderabad,BOM → HYD,21:05,22:25,1:20,0,No Info,5462,6,03,2019,21,05,22,25,1,20
Jet Airways,21/03/2019,Delhi,Cochin,DEL → BOM → COK,19:45,18:50,23:5,1,No Info,12347,21,03,2019,19,45,18,50,23,5
Air India,27/03/2019,Chennai,Kolkata,MAA → CCU,11:40,13:55,2:15,0,No Info,3145,27,03,2019,11,40,13,55,2,15
Jet Airways,21/03/2019,Banglore,New Delhi,BLR → BOM → DEL,11:40,20:20,8:40,1,In-flight meal not included,7832,21,03,2019,11,40,20,20,8,40
IndiGo,21/06/2019,Kolkata,Banglore,CCU → BLR,15:15,17:45,2:30,0,No Info,4804,21,06,2019,15,15,17,45,2,30
IndiGo,9/03/2019,Delhi,Cochin,DEL → MAA → COK,02:05,07:10,5:5,1,No Info,10482,9,03,2019,02,05,07,10,5,5
Jet Airways,18/05/2019,Delhi,Cochin,DEL → BOM → COK,11:30,04:25,16:55,1,In-flight meal not included,12373,18,05,2019,11,30,04,25,16,55
Multiple carriers,3/03/2019,Delhi,Cochin,DEL → HYD → COK,07:05,22:20,15:15,1,No Info,10478,3,03,2019,07,05,22,20,15,15
Jet Airways,18/05/2019,Delhi,Cochin,DEL → JAI → BOM → COK,09:40,04:25,18:45,2,In-flight meal not included,13029,18,05,2019,09,40,04,25,18,45
Air India,21/03/2019,Delhi,Cochin,DEL → MAA → COK,12:30,09:25,20:55,1,No Info,6482,21,03,2019,12,30,09,25,20,55
Jet Airways,18/05/2019,Delhi,Cochin,DEL → BOM → COK,09:00,19:00,10h,1,No Info,15554,18,05,2019,09,00,19,00,10h,
Multiple carriers,12/06/2019,Delhi,Cochin,DEL → BOM → COK,08:45,19:00,10:15,1,No Info,11789,12,06,2019,08,45,19,00,10,15
IndiGo,24/03/2019,Kolkata,Banglore,CCU → IXA → BLR,14:30,20:10,5:40,1,No Info,9413,24,03,2019,14,30,20,10,5,40
Air India,9/06/2019,Kolkata,Banglore,CCU → GAU → BLR,16:45,21:05,28:20,1,No Info,7662,9,06,2019,16,45,21,05,28,20
Multiple carriers,21/05/2019,Delhi,Cochin,DEL → BOM → COK,19:00,01:30,6:30,1,No Info,7888,21,05,2019,19,00,01,30,6,30
Air Asia,15/05/2019,Kolkata,Banglore,CCU → DEL → BLR,07:35,23:30,15:55,1,No Info,5192,15,05,2019,07,35,23,30,15,55
Multiple carriers,24/06/2019,Delhi,Cochin,DEL → BOM → COK,10:20,21:00,10:40,1,In-flight meal not included,6007,24,06,2019,10,20,21,00,10,40
Jet Airways,27/05/2019,Delhi,Cochin,DEL → BOM → COK,10:00,12:35,26:35,1,In-flight meal not included,12898,27,05,2019,10,00,12,35,26,35
Air India,18/03/2019,Banglore,New Delhi,BLR → BOM → NAG → DEL,08:50,10:35,25:45,2,No Info,11885,18,03,2019,08,50,10,35,25,45
Vistara,24/03/2019,Kolkata,Banglore,CCU → DEL → BLR,17:00,22:55,5:55,1,No Info,14360,24,03,2019,17,00,22,55,5,55
Air India,12/05/2019,Kolkata,Banglore,CCU → GAU → DEL → BLR,16:45,12:30,19:45,2,No Info,14330,12,05,2019,16,45,12,30,19,45
Multiple carriers,27/03/2019,Delhi,Cochin,DEL → HYD → COK,13:05,22:20,9:15,1,No Info,6076,27,03,2019,13,05,22,20,9,15
SpiceJet,1/03/2019,Kolkata,Banglore,CCU → BLR,06:55,09:35,2:40,0,No Info,4622,1,03,2019,06,55,09,35,2,40
Jet Airways,9/05/2019,Kolkata,Banglore,CCU → BOM → BLR,21:10,08:15,11:5,1,No Info,14388,9,05,2019,21,10,08,15,11,5
Multiple carriers,21/05/2019,Delhi,Cochin,DEL → BOM → COK,08:45,19:00,10:15,1,No Info,9794,21,05,2019,08,45,19,00,10,15
IndiGo,3/06/2019,Kolkata,Banglore,CCU → BLR,15:15,17:45,2:30,0,No Info,4804,3,06,2019,15,15,17,45,2,30
Jet Airways,9/05/2019,Kolkata,Banglore,CCU → BOM → BLR,21:10,04:40,7:30,1,In-flight meal not included,9663,9,05,2019,21,10,04,40,7,30
GoAir,9/05/2019,Delhi,Cochin,DEL → AMD → COK,07:25,13:35,6:10,1,No Info,5842,9,05,2019,07,25,13,35,6,10
Multiple carriers,3/03/2019,Delhi,Cochin,DEL → BOM → COK,07:00,15:30,8:30,1,No Info,15603,3,03,2019,07,00,15,30,8,30
IndiGo,3/03/2019,Kolkata,Banglore,CCU → BLR,22:10,00:55,2:45,0,No Info,5618,3,03,2019,22,10,00,55,2,45
IndiGo,3/03/2019,Kolkata,Banglore,CCU → BLR,14:20,16:55,2:35,0,No Info,6565,3,03,2019,14,20,16,55,2,35
SpiceJet,15/04/2019,Delhi,Cochin,DEL → BLR → COK,17:55,22:50,4:55,1,No Info,5221,15,04,2019,17,55,22,50,4,55
Jet Airways,27/06/2019,Delhi,Cochin,DEL → JAI → BOM → COK,09:40,19:00,9:20,2,In-flight meal not included,10368,27,06,2019,09,40,19,00,9,20
Air India,24/06/2019,Delhi,Cochin,DEL → MAA → COK,20:40,09:25,12:45,1,No Info,7480,24,06,2019,20,40,09,25,12,45
Jet Airways,12/06/2019,Delhi,Cochin,DEL → LKO → BOM → COK,11:45,12:35,24:50,2,No Info,13882,12,06,2019,11,45,12,35,24,50
IndiGo,24/06/2019,Delhi,Cochin,DEL → HYD → COK,06:50,16:10,9:20,1,No Info,6442,24,06,2019,06,50,16,10,9,20
IndiGo,24/06/2019,Banglore,Delhi,BLR → DEL,07:10,10:05,2:55,0,No Info,4823,24,06,2019,07,10,10,05,2,55
SpiceJet,21/05/2019,Kolkata,Banglore,CCU → BLR,17:10,19:40,2:30,0,No Info,3873,21,05,2019,17,10,19,40,2,30
Jet Airways,1/05/2019,Kolkata,Banglore,CCU → DEL → BLR,17:00,10:55,17:55,1,No Info,12121,1,05,2019,17,00,10,55,17,55
IndiGo,27/04/2019,Banglore,Delhi,BLR → DEL,10:10,13:00,2:50,0,No Info,4423,27,04,2019,10,10,13,00,2,50
Air India,24/06/2019,Kolkata,Banglore,CCU → BLR,14:15,16:45,2:30,0,No Info,5510,24,06,2019,14,15,16,45,2,30
Jet Airways,6/04/2019,Banglore,Delhi,BLR → DEL,08:20,11:20,3h,0,No Info,7229,6,04,2019,08,20,11,20,3h,
Jet Airways,9/06/2019,Delhi,Cochin,DEL → BOM → COK,19:45,12:35,16:50,1,In-flight meal not included,10577,9,06,2019,19,45,12,35,16,50
Jet Airways,27/03/2019,Mumbai,Hyderabad,BOM → HYD,10:20,11:50,1:30,0,No Info,8040,27,03,2019,10,20,11,50,1,30
Jet Airways,3/06/2019,Delhi,Cochin,DEL → BOM → COK,13:00,19:00,6h,1,No Info,14714,3,06,2019,13,00,19,00,6h,
Jet Airways,9/06/2019,Banglore,Delhi,BLR → DEL,06:00,08:45,2:45,0,In-flight meal not included,7229,9,06,2019,06,00,08,45,2,45
Multiple carriers,21/03/2019,Delhi,Cochin,DEL → HYD → MAA → COK,07:05,21:20,14:15,2,No Info,6653,21,03,2019,07,05,21,20,14,15
IndiGo,24/06/2019,Delhi,Cochin,DEL → HYD → COK,05:05,16:10,11:5,1,No Info,6442,24,06,2019,05,05,16,10,11,5
IndiGo,12/05/2019,Kolkata,Banglore,CCU → BLR,21:25,00:05,2:40,0,No Info,4804,12,05,2019,21,25,00,05,2,40
Air India,9/05/2019,Delhi,Cochin,DEL → HYD → MAA → COK,13:15,09:25,20:10,2,No Info,9417,9,05,2019,13,15,09,25,20,10
Jet Airways,24/05/2019,Kolkata,Banglore,CCU → BOM → BLR,18:55,19:50,24:55,1,In-flight meal not included,10844,24,05,2019,18,55,19,50,24,55
Jet Airways,12/05/2019,Banglore,Delhi,BLR → DEL,17:45,20:45,3h,0,No Info,7229,12,05,2019,17,45,20,45,3h,
Jet Airways,6/03/2019,Delhi,Cochin,DEL → BOM → COK,09:00,18:50,9:50,1,In-flight meal not included,15400,6,03,2019,09,00,18,50,9,50
IndiGo,15/06/2019,Delhi,Cochin,DEL → BOM → COK,08:30,21:00,12:30,1,No Info,6416,15,06,2019,08,30,21,00,12,30
Air India,3/04/2019,Banglore,Delhi,BLR → DEL,13:20,16:10,2:50,0,No Info,5176,3,04,2019,13,20,16,10,2,50
IndiGo,21/03/2019,Delhi,Cochin,DEL → BOM → COK,16:00,01:35,9:35,1,No Info,9264,21,03,2019,16,00,01,35,9,35
Multiple carriers,6/06/2019,Delhi,Cochin,DEL → BOM → COK,09:00,21:00,12h,1,No Info,13587,6,06,2019,09,00,21,00,12h,
SpiceJet,1/05/2019,Chennai,Kolkata,MAA → CCU,08:20,10:35,2:15,0,No Info,3597,1,05,2019,08,20,10,35,2,15
Air Asia,27/04/2019,Banglore,Delhi,BLR → DEL,04:55,07:45,2:50,0,No Info,4282,27,04,2019,04,55,07,45,2,50
Jet Airways,27/06/2019,Mumbai,Hyderabad,BOM → HYD,07:05,08:30,1:25,0,In-flight meal not included,4995,27,06,2019,07,05,08,30,1,25
IndiGo,1/06/2019,Kolkata,Banglore,CCU → BLR,20:20,22:55,2:35,0,No Info,4804,1,06,2019,20,20,22,55,2,35
Jet Airways,6/05/2019,Kolkata,Banglore,CCU → BOM → BLR,06:30,16:20,9:50,1,In-flight meal not included,10844,6,05,2019,06,30,16,20,9,50
Jet Airways,1/06/2019,Delhi,Cochin,DEL → BOM → COK,21:50,12:35,14:45,1,No Info,14714,1,06,2019,21,50,12,35,14,45
Jet Airways,6/06/2019,Kolkata,Banglore,CCU → BOM → BLR,21:10,09:20,12:10,1,No Info,14571,6,06,2019,21,10,09,20,12,10
Jet Airways,21/03/2019,Banglore,New Delhi,BLR → BOM → DEL,11:40,11:25,23:45,1,In-flight meal not included,7832,21,03,2019,11,40,11,25,23,45
Jet Airways,1/04/2019,Kolkata,Banglore,CCU → DEL → BLR,20:25,18:00,21:35,1,No Info,11467,1,04,2019,20,25,18,00,21,35
Jet Airways,9/05/2019,Kolkata,Banglore,CCU → DEL → BLR,17:00,10:55,17:55,1,No Info,10953,9,05,2019,17,00,10,55,17,55
IndiGo,9/03/2019,Kolkata,Banglore,CCU → BLR,20:25,23:05,2:40,0,No Info,4148,9,03,2019,20,25,23,05,2,40
SpiceJet,9/05/2019,Kolkata,Banglore,CCU → BLR,09:00,11:25,2:25,0,No Info,3873,9,05,2019,09,00,11,25,2,25
IndiGo,27/04/2019,Banglore,Delhi,BLR → DEL,22:10,01:00,2:50,0,No Info,3943,27,04,2019,22,10,01,00,2,50
Air Asia,27/03/2019,Delhi,Cochin,DEL → BLR → COK,16:45,22:15,5:30,1,No Info,6151,27,03,2019,16,45,22,15,5,30
Vistara,12/03/2019,Mumbai,Hyderabad,BOM → DEL → HYD,08:45,22:55,14:10,1,No Info,12080,12,03,2019,08,45,22,55,14,10
Jet Airways,9/05/2019,Kolkata,Banglore,CCU → BOM → BLR,20:00,10:05,14:5,1,No Info,13584,9,05,2019,20,00,10,05,14,5
IndiGo,6/05/2019,Delhi,Cochin,DEL → BOM → COK,11:25,01:30,14:5,1,No Info,6979,6,05,2019,11,25,01,30,14,5
Air Asia,09/03/2019,Banglore,New Delhi,BLR → DEL,23:25,02:10,2:45,0,No Info,4482,09,03,2019,23,25,02,10,2,45
IndiGo,1/04/2019,Kolkata,Banglore,CCU → NAG → BLR,18:05,23:30,5:25,1,No Info,6284,1,04,2019,18,05,23,30,5,25
IndiGo,24/05/2019,Kolkata,Banglore,CCU → BBI → BLR,19:35,23:15,3:40,1,No Info,4226,24,05,2019,19,35,23,15,3,40
IndiGo,9/03/2019,Delhi,Cochin,DEL → HYD → COK,06:40,16:10,9:30,1,No Info,6442,9,03,2019,06,40,16,10,9,30
Jet Airways,18/05/2019,Delhi,Cochin,DEL → BOM → COK,19:45,04:25,8:40,1,In-flight meal not included,12373,18,05,2019,19,45,04,25,8,40
Jet Airways,12/03/2019,Banglore,New Delhi,BLR → BDQ → DEL,05:50,15:00,9:10,1,No Info,11297,12,03,2019,05,50,15,00,9,10
Air India,24/05/2019,Kolkata,Banglore,CCU → DEL → COK → BLR,10:00,01:20,15:20,2,No Info,14083,24,05,2019,10,00,01,20,15,20
Jet Airways,3/06/2019,Delhi,Cochin,DEL → COK,11:00,14:15,3:15,0,In-flight meal not included,7202,3,06,2019,11,00,14,15,3,15
Multiple carriers,21/03/2019,Delhi,Cochin,DEL → BOM → COK,09:00,18:50,9:50,1,No Info,11667,21,03,2019,09,00,18,50,9,50
Jet Airways,24/05/2019,Kolkata,Banglore,CCU → BOM → BLR,18:55,18:15,23:20,1,In-flight meal not included,10844,24,05,2019,18,55,18,15,23,20
Air India,15/03/2019,Banglore,New Delhi,BLR → MAA → DEL,11:50,08:55,21:5,1,No Info,5932,15,03,2019,11,50,08,55,21,5
Multiple carriers,24/06/2019,Delhi,Cochin,DEL → BOM → COK,08:45,19:15,10:30,1,No Info,9001,24,06,2019,08,45,19,15,10,30
Jet Airways,6/06/2019,Kolkata,Banglore,CCU → DEL → BLR,17:00,23:35,6:35,1,In-flight meal not included,13469,6,06,2019,17,00,23,35,6,35
IndiGo,15/06/2019,Mumbai,Hyderabad,BOM → HYD,21:20,22:50,1:30,0,No Info,2227,15,06,2019,21,20,22,50,1,30
IndiGo,15/05/2019,Delhi,Cochin,DEL → MAA → COK,07:15,12:30,5:15,1,No Info,5636,15,05,2019,07,15,12,30,5,15
Multiple carriers,6/06/2019,Delhi,Cochin,DEL → IDR → BOM → COK,15:05,01:30,10:25,2,No Info,15965,6,06,2019,15,05,01,30,10,25
IndiGo,24/06/2019,Delhi,Cochin,DEL → BOM → COK,20:25,01:30,5:5,1,No Info,5054,24,06,2019,20,25,01,30,5,5
Multiple carriers,21/03/2019,Delhi,Cochin,DEL → HYD → COK,07:10,16:10,9h,1,In-flight meal not included,5999,21,03,2019,07,10,16,10,9h,
IndiGo,1/05/2019,Banglore,Delhi,BLR → DEL,07:10,10:05,2:55,0,No Info,4823,1,05,2019,07,10,10,05,2,55
SpiceJet,12/06/2019,Kolkata,Banglore,CCU → KNU → BLR,11:35,18:50,7:15,1,No Info,8479,12,06,2019,11,35,18,50,7,15
Vistara,15/05/2019,Kolkata,Banglore,CCU → DEL → BLR,07:10,22:40,15:30,1,No Info,8452,15,05,2019,07,10,22,40,15,30
Jet Airways,3/06/2019,Delhi,Cochin,DEL → BOM → COK,08:00,19:00,11h,1,No Info,14924,3,06,2019,08,00,19,00,11h,
Air India,3/06/2019,Delhi,Cochin,DEL → AMD → BOM → COK,19:45,19:15,23:30,2,No Info,10441,3,06,2019,19,45,19,15,23,30
Multiple carriers,21/05/2019,Delhi,Cochin,DEL → BOM → COK,06:00,21:00,15h,1,No Info,7485,21,05,2019,06,00,21,00,15h,
Jet Airways,6/06/2019,Banglore,Delhi,BLR → DEL,08:20,11:20,3h,0,In-flight meal not included,6478,6,06,2019,08,20,11,20,3h,
Jet Airways,27/05/2019,Delhi,Cochin,DEL → AMD → BOM → COK,13:25,19:00,29:35,2,No Info,15129,27,05,2019,13,25,19,00,29,35
IndiGo,1/05/2019,Kolkata,Banglore,CCU → HYD → BLR,19:20,23:45,4:25,1,No Info,3809,1,05,2019,19,20,23,45,4,25
Jet Airways,24/06/2019,Delhi,Cochin,DEL → BOM → COK,08:00,19:00,11h,1,1 Long layover,18581,24,06,2019,08,00,19,00,11h,
IndiGo,9/06/2019,Kolkata,Banglore,CCU → BLR,22:15,00:50,2:35,0,No Info,5224,9,06,2019,22,15,00,50,2,35
IndiGo,9/05/2019,Delhi,Cochin,DEL → BOM → COK,17:10,01:30,8:20,1,No Info,8330,9,05,2019,17,10,01,30,8,20
Air India,9/06/2019,Banglore,Delhi,BLR → DEL,10:00,12:45,2:45,0,No Info,6961,9,06,2019,10,00,12,45,2,45
Jet Airways,9/06/2019,Delhi,Cochin,DEL → BOM → COK,08:00,19:00,11h,1,In-flight meal not included,10262,9,06,2019,08,00,19,00,11h,
IndiGo,21/06/2019,Mumbai,Hyderabad,BOM → HYD,02:35,04:05,1:30,0,No Info,2754,21,06,2019,02,35,04,05,1,30
Multiple carriers,18/05/2019,Delhi,Cochin,DEL → BOM → COK,15:00,01:30,10:30,1,No Info,13727,18,05,2019,15,00,01,30,10,30
GoAir,27/04/2019,Banglore,Delhi,BLR → DEL,20:55,23:40,2:45,0,No Info,3898,27,04,2019,20,55,23,40,2,45
Jet Airways,12/03/2019,Banglore,New Delhi,BLR → BOM → DEL,22:55,12:25,13:30,1,In-flight meal not included,11087,12,03,2019,22,55,12,25,13,30
Air Asia,6/04/2019,Banglore,Delhi,BLR → DEL,23:55,02:45,2:50,0,No Info,3383,6,04,2019,23,55,02,45,2,50
Jet Airways,21/03/2019,Delhi,Cochin,DEL → BOM → COK,17:30,18:50,25:20,1,No Info,12557,21,03,2019,17,30,18,50,25,20
Jet Airways,21/03/2019,Delhi,Cochin,DEL → IXC → BOM → COK,06:20,04:25,22:5,2,In-flight meal not included,8273,21,03,2019,06,20,04,25,22,5
Air India,12/03/2019,Mumbai,Hyderabad,BOM → RPR → VTZ → HYD,10:05,19:10,9:5,2,No Info,9736,12,03,2019,10,05,19,10,9,5
Jet Airways,24/06/2019,Delhi,Cochin,DEL → BOM → COK,17:30,19:00,25:30,1,In-flight meal not included,10262,24,06,2019,17,30,19,00,25,30
Jet Airways,9/04/2019,Delhi,Cochin,DEL → IDR → BOM → COK,05:30,19:00,13:30,2,No Info,11664,9,04,2019,05,30,19,00,13,30
IndiGo,1/05/2019,Banglore,Delhi,BLR → DEL,23:30,02:20,2:50,0,No Info,4591,1,05,2019,23,30,02,20,2,50
Jet Airways,18/03/2019,Banglore,New Delhi,BLR → BOM → DEL,14:05,19:10,5:5,1,In-flight meal not included,13502,18,03,2019,14,05,19,10,5,5
Air India,27/06/2019,Delhi,Cochin,DEL → BOM → COK,13:00,19:15,6:15,1,No Info,8372,27,06,2019,13,00,19,15,6,15
Air India,21/04/2019,Banglore,Delhi,BLR → DEL,06:10,08:55,2:45,0,No Info,6121,21,04,2019,06,10,08,55,2,45
Vistara,21/03/2019,Banglore,New Delhi,BLR → DEL,16:00,18:35,2:35,0,No Info,5613,21,03,2019,16,00,18,35,2,35
IndiGo,6/04/2019,Delhi,Cochin,DEL → HYD → COK,06:50,12:10,5:20,1,No Info,5298,6,04,2019,06,50,12,10,5,20
Jet Airways,9/03/2019,Delhi,Cochin,DEL → BOM → COK,02:15,19:45,17:30,1,No Info,15764,9,03,2019,02,15,19,45,17,30
Air Asia,15/06/2019,Delhi,Cochin,DEL → BLR → COK,07:55,22:25,14:30,1,No Info,6253,15,06,2019,07,55,22,25,14,30
Jet Airways,18/05/2019,Kolkata,Banglore,CCU → BOM → BLR,05:45,12:00,6:15,1,In-flight meal not included,8586,18,05,2019,05,45,12,00,6,15
Jet Airways,27/03/2019,Delhi,Cochin,DEL → IXC → BOM → COK,06:20,04:25,22:5,2,No Info,12273,27,03,2019,06,20,04,25,22,5
IndiGo,15/05/2019,Mumbai,Hyderabad,BOM → HYD,21:20,22:50,1:30,0,No Info,2227,15,05,2019,21,20,22,50,1,30
Jet Airways,12/06/2019,Banglore,Delhi,BLR → DEL,19:50,22:50,3h,0,In-flight meal not included,5769,12,06,2019,19,50,22,50,3h,
Vistara,18/04/2019,Delhi,Cochin,DEL → COK,14:40,17:50,3:10,0,No Info,6216,18,04,2019,14,40,17,50,3,10
IndiGo,3/06/2019,Delhi,Cochin,DEL → BLR → COK,02:00,07:45,5:45,1,No Info,6386,3,06,2019,02,00,07,45,5,45
Multiple carriers,1/06/2019,Delhi,Cochin,DEL → BOM → COK,10:00,19:15,9:15,1,No Info,16108,1,06,2019,10,00,19,15,9,15
SpiceJet,24/05/2019,Kolkata,Banglore,CCU → BLR,22:20,00:40,2:20,0,No Info,3873,24,05,2019,22,20,00,40,2,20
IndiGo,9/04/2019,Delhi,Cochin,DEL → BOM → COK,10:35,01:30,14:55,1,No Info,6270,9,04,2019,10,35,01,30,14,55
Air India,12/04/2019,Banglore,Delhi,BLR → DEL,21:05,23:55,2:50,0,No Info,5911,12,04,2019,21,05,23,55,2,50
Multiple carriers,6/03/2019,Delhi,Cochin,DEL → BOM → COK,09:10,19:15,10:5,1,No Info,15077,6,03,2019,09,10,19,15,10,5
Jet Airways,01/03/2019,Banglore,New Delhi,BLR → BOM → DEL,20:35,11:25,14:50,1,No Info,31825,01,03,2019,20,35,11,25,14,50
SpiceJet,6/05/2019,Kolkata,Banglore,CCU → KNU → BLR,11:35,18:50,7:15,1,No Info,8479,6,05,2019,11,35,18,50,7,15
Vistara,12/05/2019,Kolkata,Banglore,CCU → DEL → BLR,07:10,09:05,25:55,1,No Info,9397,12,05,2019,07,10,09,05,25,55
Jet Airways,3/06/2019,Delhi,Cochin,DEL → BOM → COK,09:00,12:35,27:35,1,In-flight meal not included,10262,3,06,2019,09,00,12,35,27,35
IndiGo,3/04/2019,Delhi,Cochin,DEL → COK,05:35,08:50,3:15,0,No Info,4729,3,04,2019,05,35,08,50,3,15
Jet Airways,1/06/2019,Delhi,Cochin,DEL → BOM → COK,17:30,19:00,25:30,1,No Info,14714,1,06,2019,17,30,19,00,25,30
IndiGo,15/05/2019,Kolkata,Banglore,CCU → BLR,17:15,19:50,2:35,0,No Info,4804,15,05,2019,17,15,19,50,2,35
IndiGo,3/06/2019,Kolkata,Banglore,CCU → BLR,20:25,23:10,2:45,0,No Info,4804,3,06,2019,20,25,23,10,2,45
Air India,1/04/2019,Mumbai,Hyderabad,BOM → HYD,21:05,22:25,1:20,0,No Info,2050,1,04,2019,21,05,22,25,1,20
Multiple carriers,27/03/2019,Delhi,Cochin,DEL → BOM → COK,07:30,19:15,11:45,1,No Info,8371,27,03,2019,07,30,19,15,11,45
Multiple carriers,27/06/2019,Delhi,Cochin,DEL → BOM → COK,10:00,19:00,9h,1,No Info,12192,27,06,2019,10,00,19,00,9h,
Multiple carriers Premium economy,21/03/2019,Delhi,Cochin,DEL → BOM → COK,06:00,18:50,12:50,1,No Info,14629,21,03,2019,06,00,18,50,12,50
IndiGo,9/04/2019,Banglore,Delhi,BLR → DEL,18:25,21:20,2:55,0,No Info,4823,9,04,2019,18,25,21,20,2,55
Multiple carriers,9/05/2019,Delhi,Cochin,DEL → BOM → COK,13:00,19:15,6:15,1,No Info,14323,9,05,2019,13,00,19,15,6,15
Jet Airways,9/05/2019,Delhi,Cochin,DEL → AMD → BOM → COK,13:25,12:35,23:10,2,No Info,15129,9,05,2019,13,25,12,35,23,10
IndiGo,18/05/2019,Delhi,Cochin,DEL → BOM → COK,06:40,21:00,14:20,1,No Info,6758,18,05,2019,06,40,21,00,14,20
Multiple carriers,21/05/2019,Delhi,Cochin,DEL → BOM → COK,09:00,19:15,10:15,1,No Info,14848,21,05,2019,09,00,19,15,10,15
Air India,03/03/2019,Banglore,New Delhi,BLR → BOM → NAG → DEL,06:45,10:35,27:50,2,No Info,12358,03,03,2019,06,45,10,35,27,50
Jet Airways,21/05/2019,Banglore,Delhi,BLR → DEL,18:55,22:00,3:5,0,In-flight meal not included,4030,21,05,2019,18,55,22,00,3,5
Air India,9/03/2019,Kolkata,Banglore,CCU → BLR,14:15,16:45,2:30,0,No Info,4960,9,03,2019,14,15,16,45,2,30
Air India,27/03/2019,Delhi,Cochin,DEL → AMD → BOM → COK,16:40,19:15,26:35,2,No Info,8656,27,03,2019,16,40,19,15,26,35
IndiGo,6/03/2019,Delhi,Cochin,DEL → BOM → COK,09:10,21:00,11:50,1,No Info,14871,6,03,2019,09,10,21,00,11,50
GoAir,27/03/2019,Delhi,Cochin,DEL → AMD → COK,06:00,13:20,7:20,1,No Info,4563,27,03,2019,06,00,13,20,7,20
IndiGo,6/03/2019,Mumbai,Hyderabad,BOM → HYD,21:20,22:45,1:25,0,No Info,4784,6,03,2019,21,20,22,45,1,25
IndiGo,1/06/2019,Banglore,Delhi,BLR → DEL,20:00,22:50,2:50,0,No Info,4823,1,06,2019,20,00,22,50,2,50
Vistara,3/05/2019,Chennai,Kolkata,MAA → CCU,07:05,09:20,2:15,0,No Info,3687,3,05,2019,07,05,09,20,2,15
Jet Airways,27/04/2019,Banglore,Delhi,BLR → DEL,15:15,18:10,2:55,0,No Info,7229,27,04,2019,15,15,18,10,2,55
Jet Airways,15/04/2019,Banglore,Delhi,BLR → DEL,07:10,10:10,3h,0,No Info,7229,15,04,2019,07,10,10,10,3h,
Air India,21/04/2019,Delhi,Cochin,DEL → BLR → COK,06:10,23:00,16:50,1,No Info,7174,21,04,2019,06,10,23,00,16,50
Air India,21/03/2019,Delhi,Cochin,DEL → CCU → BOM → COK,06:50,07:40,24:50,2,No Info,11071,21,03,2019,06,50,07,40,24,50
IndiGo,15/05/2019,Delhi,Cochin,DEL → BOM → COK,04:55,21:00,16:5,1,No Info,6979,15,05,2019,04,55,21,00,16,5
IndiGo,15/05/2019,Chennai,Kolkata,MAA → CCU,07:55,10:15,2:20,0,No Info,3850,15,05,2019,07,55,10,15,2,20
Jet Airways,12/06/2019,Kolkata,Banglore,CCU → BOM → BLR,20:00,09:20,13:20,1,No Info,13044,12,06,2019,20,00,09,20,13,20
Jet Airways,18/05/2019,Delhi,Cochin,DEL → BOM → COK,20:55,04:25,7:30,1,In-flight meal not included,12373,18,05,2019,20,55,04,25,7,30
Air India,18/05/2019,Delhi,Cochin,DEL → UDR → BOM → COK,13:20,07:40,18:20,2,No Info,13801,18,05,2019,13,20,07,40,18,20
IndiGo,1/06/2019,Banglore,Delhi,BLR → DEL,08:30,11:20,2:50,0,No Info,4823,1,06,2019,08,30,11,20,2,50
Air India,9/06/2019,Delhi,Cochin,DEL → TRV → COK,05:15,06:50,25:35,1,No Info,6587,9,06,2019,05,15,06,50,25,35
IndiGo,3/06/2019,Mumbai,Hyderabad,BOM → HYD,20:05,21:40,1:35,0,No Info,2227,3,06,2019,20,05,21,40,1,35
Jet Airways,9/06/2019,Kolkata,Banglore,CCU → DEL → BLR,17:00,14:25,21:25,1,No Info,14151,9,06,2019,17,00,14,25,21,25
Air India,01/03/2019,Banglore,New Delhi,BLR → BOM → BHO → DEL,08:50,23:25,38:35,2,No Info,25430,01,03,2019,08,50,23,25,38,35
SpiceJet,27/06/2019,Banglore,Delhi,BLR → DEL,21:10,00:05,2:55,0,No check-in baggage included,4319,27,06,2019,21,10,00,05,2,55
Air India,3/03/2019,Delhi,Cochin,DEL → BOM → COK,04:00,07:40,27:40,1,No Info,14462,3,03,2019,04,00,07,40,27,40
Jet Airways,21/05/2019,Kolkata,Banglore,CCU → BOM → BLR,06:30,10:05,27:35,1,In-flight meal not included,8586,21,05,2019,06,30,10,05,27,35
Air India,9/06/2019,Kolkata,Banglore,CCU → GAU → BLR,09:50,21:05,11:15,1,No Info,7662,9,06,2019,09,50,21,05,11,15
Jet Airways,3/05/2019,Mumbai,Hyderabad,BOM → HYD,07:05,08:30,1:25,0,In-flight meal not included,4995,3,05,2019,07,05,08,30,1,25
Multiple carriers,9/06/2019,Delhi,Cochin,DEL → BOM → COK,09:00,21:00,12h,1,No Info,7408,9,06,2019,09,00,21,00,12h,
Jet Airways,15/03/2019,Mumbai,Hyderabad,BOM → HYD,19:35,21:05,1:30,0,No Info,5678,15,03,2019,19,35,21,05,1,30
Jet Airways,9/06/2019,Mumbai,Hyderabad,BOM → HYD,19:35,21:05,1:30,0,No Info,5678,9,06,2019,19,35,21,05,1,30
Jet Airways,01/03/2019,Banglore,New Delhi,BLR → BOM → DEL,08:55,00:45,15:50,1,No Info,26890,01,03,2019,08,55,00,45,15,50
Air India,6/03/2019,Mumbai,Hyderabad,BOM → BHO → DEL → HYD,06:00,19:25,37:25,2,No Info,13904,6,03,2019,06,00,19,25,37,25
Jet Airways,1/06/2019,Delhi,Cochin,DEL → ATQ → BOM → COK,20:00,04:25,8:25,2,In-flight meal not included,15318,1,06,2019,20,00,04,25,8,25
Vistara,15/05/2019,Kolkata,Banglore,CCU → DEL → BLR,20:20,22:40,26:20,1,No Info,8452,15,05,2019,20,20,22,40,26,20
IndiGo,9/06/2019,Delhi,Cochin,DEL → BOM → COK,10:35,21:00,10:25,1,No Info,6314,9,06,2019,10,35,21,00,10,25
Air India,1/05/2019,Kolkata,Banglore,CCU → DEL → BLR,10:00,20:25,10:25,1,No Info,10203,1,05,2019,10,00,20,25,10,25
SpiceJet,15/06/2019,Chennai,Kolkata,MAA → CCU,08:20,10:35,2:15,0,No Info,3597,15,06,2019,08,20,10,35,2,15
Multiple carriers,12/06/2019,Delhi,Cochin,DEL → BOM → COK,10:20,19:15,8:55,1,No Info,8266,12,06,2019,10,20,19,15,8,55
Jet Airways,18/05/2019,Delhi,Cochin,DEL → BOM → COK,21:50,12:35,14:45,1,In-flight meal not included,12373,18,05,2019,21,50,12,35,14,45
Jet Airways,01/03/2019,Banglore,New Delhi,BLR → BOM → DEL,14:05,21:20,7:15,1,No Info,36235,01,03,2019,14,05,21,20,7,15
IndiGo,3/03/2019,Delhi,Cochin,DEL → BOM → COK,08:25,21:00,12:35,1,No Info,14871,3,03,2019,08,25,21,00,12,35
Jet Airways,12/04/2019,Banglore,Delhi,BLR → DEL,17:45,20:45,3h,0,No Info,7229,12,04,2019,17,45,20,45,3h,
IndiGo,24/04/2019,Kolkata,Banglore,CCU → BLR,22:15,00:50,2:35,0,No Info,4804,24,04,2019,22,15,00,50,2,35
IndiGo,03/03/2019,Banglore,New Delhi,BLR → DEL,20:00,22:55,2:55,0,No Info,7303,03,03,2019,20,00,22,55,2,55
Multiple carriers,1/06/2019,Delhi,Cochin,DEL → BOM → COK,11:30,21:00,9:30,1,No Info,13587,1,06,2019,11,30,21,00,9,30
Multiple carriers,18/05/2019,Delhi,Cochin,DEL → HYD → COK,14:55,22:30,7:35,1,No Info,7740,18,05,2019,14,55,22,30,7,35
IndiGo,1/03/2019,Chennai,Kolkata,MAA → CCU,14:40,17:05,2:25,0,No Info,7295,1,03,2019,14,40,17,05,2,25
Multiple carriers,3/03/2019,Delhi,Cochin,DEL → BOM → COK,18:15,01:35,7:20,1,No Info,18916,3,03,2019,18,15,01,35,7,20
Multiple carriers,21/05/2019,Delhi,Cochin,DEL → BOM → COK,12:50,19:15,6:25,1,No Info,8266,21,05,2019,12,50,19,15,6,25
Jet Airways,18/05/2019,Delhi,Cochin,DEL → BOM → COK,02:15,04:25,26:10,1,In-flight meal not included,12373,18,05,2019,02,15,04,25,26,10
Multiple carriers,18/05/2019,Delhi,Cochin,DEL → HYD → COK,13:15,22:30,9:15,1,No Info,11188,18,05,2019,13,15,22,30,9,15
Jet Airways,18/05/2019,Kolkata,Banglore,CCU → DEL → BLR,09:35,18:00,8:25,1,No Info,14151,18,05,2019,09,35,18,00,8,25
Jet Airways,1/06/2019,Delhi,Cochin,DEL → BOM → COK,08:00,19:00,11h,1,No Info,14714,1,06,2019,08,00,19,00,11h,
Jet Airways,6/04/2019,Banglore,Delhi,BLR → DEL,07:10,10:10,3h,0,No Info,7229,6,04,2019,07,10,10,10,3h,
Jet Airways,27/03/2019,Delhi,Cochin,DEL → BOM → COK,09:00,04:25,19:25,1,No Info,12242,27,03,2019,09,00,04,25,19,25
Jet Airways,15/03/2019,Banglore,New Delhi,BLR → BOM → DEL,07:00,12:25,5:25,1,In-flight meal not included,9134,15,03,2019,07,00,12,25,5,25
IndiGo,1/05/2019,Banglore,Delhi,BLR → DEL,22:10,01:00,2:50,0,No Info,3943,1,05,2019,22,10,01,00,2,50
Air India,1/06/2019,Banglore,Delhi,BLR → DEL,10:00,12:45,2:45,0,No Info,6961,1,06,2019,10,00,12,45,2,45
Jet Airways,12/03/2019,Mumbai,Hyderabad,BOM → JDH → DEL → HYD,08:15,16:35,8:20,2,No Info,23843,12,03,2019,08,15,16,35,8,20
SpiceJet,24/05/2019,Chennai,Kolkata,MAA → CCU,09:45,12:00,2:15,0,No Info,3597,24,05,2019,09,45,12,00,2,15
Multiple carriers,27/06/2019,Delhi,Cochin,DEL → BOM → COK,13:00,21:00,8h,1,No Info,7408,27,06,2019,13,00,21,00,8h,
SpiceJet,27/05/2019,Banglore,Delhi,BLR → DEL,05:55,08:35,2:40,0,No check-in baggage included,3257,27,05,2019,05,55,08,35,2,40
SpiceJet,6/05/2019,Mumbai,Hyderabad,BOM → HYD,05:45,07:15,1:30,0,No check-in baggage included,1965,6,05,2019,05,45,07,15,1,30
Multiple carriers,27/03/2019,Delhi,Cochin,DEL → BOM → COK,06:40,19:15,12:35,1,No Info,9100,27,03,2019,06,40,19,15,12,35
Air India,18/06/2019,Mumbai,Hyderabad,BOM → HYD,19:30,20:45,1:15,0,No Info,3100,18,06,2019,19,30,20,45,1,15
Jet Airways,01/03/2019,Banglore,New Delhi,BLR → BOM → DEL,08:00,18:25,10:25,1,No Info,26890,01,03,2019,08,00,18,25,10,25
Jet Airways,24/06/2019,Banglore,Delhi,BLR → DEL,17:45,20:45,3h,0,No Info,8016,24,06,2019,17,45,20,45,3h,
Air India,24/03/2019,Kolkata,Banglore,CCU → DEL → BLR,20:30,20:25,23:55,1,No Info,12173,24,03,2019,20,30,20,25,23,55
IndiGo,27/05/2019,Delhi,Cochin,DEL → BOM → COK,04:55,21:00,16:5,1,No Info,8784,27,05,2019,04,55,21,00,16,5
IndiGo,9/05/2019,Delhi,Cochin,DEL → HYD → COK,06:50,12:10,5:20,1,No Info,5298,9,05,2019,06,50,12,10,5,20
Jet Airways,09/03/2019,Banglore,New Delhi,BLR → BOM → DEL,08:55,09:30,24:35,1,In-flight meal not included,11087,09,03,2019,08,55,09,30,24,35
SpiceJet,9/06/2019,Delhi,Cochin,DEL → BLR → COK,17:55,22:50,4:55,1,No Info,5409,9,06,2019,17,55,22,50,4,55
GoAir,1/05/2019,Delhi,Cochin,DEL → AMD → COK,07:25,13:35,6:10,1,No Info,5842,1,05,2019,07,25,13,35,6,10
Jet Airways,18/03/2019,Mumbai,Hyderabad,BOM → HYD,15:50,17:20,1:30,0,In-flight meal not included,2228,18,03,2019,15,50,17,20,1,30
SpiceJet,6/05/2019,Chennai,Kolkata,MAA → CCU,17:45,20:05,2:20,0,No check-in baggage included,3543,6,05,2019,17,45,20,05,2,20
IndiGo,21/05/2019,Kolkata,Banglore,CCU → PNQ → BLR,21:00,02:15,5:15,1,No Info,7228,21,05,2019,21,00,02,15,5,15
IndiGo,15/04/2019,Delhi,Cochin,DEL → HYD → COK,05:05,12:10,7:5,1,No Info,6287,15,04,2019,05,05,12,10,7,5
Multiple carriers,27/06/2019,Delhi,Cochin,DEL → BOM → COK,13:00,01:30,12:30,1,No Info,13377,27,06,2019,13,00,01,30,12,30
IndiGo,3/03/2019,Kolkata,Banglore,CCU → BLR,17:15,20:00,2:45,0,No Info,6985,3,03,2019,17,15,20,00,2,45
Air India,3/06/2019,Delhi,Cochin,DEL → BOM → COK,13:00,19:15,6:15,1,No Info,8372,3,06,2019,13,00,19,15,6,15
Air India,21/05/2019,Kolkata,Banglore,CCU → BOM → AMD → BLR,09:25,05:25,20h,2,No Info,14687,21,05,2019,09,25,05,25,20h,
Jet Airways,9/03/2019,Delhi,Cochin,DEL → COK,11:00,14:15,3:15,0,No Info,9564,9,03,2019,11,00,14,15,3,15
Vistara,12/03/2019,Mumbai,Hyderabad,BOM → DEL → HYD,08:45,16:45,8h,1,No Info,12080,12,03,2019,08,45,16,45,8h,
Multiple carriers,3/06/2019,Delhi,Cochin,DEL → IXU → BOM → COK,17:50,01:30,7:40,2,No Info,18275,3,06,2019,17,50,01,30,7,40
IndiGo,6/06/2019,Delhi,Cochin,DEL → BOM → COK,07:30,21:00,13:30,1,No Info,6093,6,06,2019,07,30,21,00,13,30
Jet Airways,9/03/2019,Delhi,Cochin,DEL → BHO → BOM → COK,05:40,04:25,22:45,2,No Info,14861,9,03,2019,05,40,04,25,22,45
IndiGo,18/05/2019,Kolkata,Banglore,CCU → BLR,11:30,14:05,2:35,0,No Info,4804,18,05,2019,11,30,14,05,2,35
Jet Airways,1/05/2019,Kolkata,Banglore,CCU → DEL → BLR,20:25,19:10,22:45,1,In-flight meal not included,9314,1,05,2019,20,25,19,10,22,45
Multiple carriers,9/05/2019,Delhi,Cochin,DEL → BOM → COK,08:45,19:00,10:15,1,No Info,9794,9,05,2019,08,45,19,00,10,15
Jet Airways,21/05/2019,Delhi,Cochin,DEL → JAI → BOM → COK,05:30,19:00,13:30,2,In-flight meal not included,13029,21,05,2019,05,30,19,00,13,30
SpiceJet,3/06/2019,Kolkata,Banglore,CCU → BLR,17:10,19:40,2:30,0,No check-in baggage included,3841,3,06,2019,17,10,19,40,2,30
Jet Airways,18/03/2019,Banglore,New Delhi,BLR → BOM → DEL,08:00,13:15,5:15,1,No Info,12284,18,03,2019,08,00,13,15,5,15
Jet Airways,9/06/2019,Delhi,Cochin,DEL → BOM → COK,21:50,04:25,6:35,1,No Info,14714,9,06,2019,21,50,04,25,6,35
Jet Airways,1/04/2019,Kolkata,Banglore,CCU → BOM → BLR,06:30,22:35,16:5,1,In-flight meal not included,7064,1,04,2019,06,30,22,35,16,5
Jet Airways,18/05/2019,Banglore,Delhi,BLR → DEL,07:10,10:10,3h,0,In-flight meal not included,5198,18,05,2019,07,10,10,10,3h,
Jet Airways,15/05/2019,Kolkata,Banglore,CCU → BOM → BLR,06:30,16:20,9:50,1,No Info,14781,15,05,2019,06,30,16,20,9,50
Air India,24/06/2019,Delhi,Cochin,DEL → CCU → BOM → COK,20:15,19:15,23h,2,No Info,13381,24,06,2019,20,15,19,15,23h,
Air India,1/06/2019,Delhi,Cochin,DEL → COK,05:10,08:00,2:50,0,No Info,6094,1,06,2019,05,10,08,00,2,50
IndiGo,1/06/2019,Delhi,Cochin,DEL → HYD → COK,06:50,12:10,5:20,1,No Info,5298,1,06,2019,06,50,12,10,5,20
Multiple carriers,27/06/2019,Delhi,Cochin,DEL → BOM → COK,10:00,21:00,11h,1,No Info,7408,27,06,2019,10,00,21,00,11h,
Jet Airways,12/05/2019,Kolkata,Banglore,CCU → BOM → BLR,21:10,12:00,14:50,1,No Info,14388,12,05,2019,21,10,12,00,14,50
Air India,24/06/2019,Delhi,Cochin,DEL → AMD → BOM → COK,19:45,19:15,23:30,2,No Info,9443,24,06,2019,19,45,19,15,23,30
Air India,3/03/2019,Delhi,Cochin,DEL → HYD → BOM → COK,07:05,19:15,36:10,2,No Info,11762,3,03,2019,07,05,19,15,36,10
Air India,27/06/2019,Delhi,Cochin,DEL → MAA → COK,12:30,09:25,20:55,1,No Info,7480,27,06,2019,12,30,09,25,20,55
IndiGo,15/03/2019,Delhi,Cochin,DEL → COK,05:35,08:50,3:15,0,No Info,5406,15,03,2019,05,35,08,50,3,15
Jet Airways,12/06/2019,Delhi,Cochin,DEL → COK,11:00,14:15,3:15,0,No Info,9564,12,06,2019,11,00,14,15,3,15
Jet Airways,9/06/2019,Delhi,Cochin,DEL → JAI → BOM → COK,09:40,19:00,9:20,2,In-flight meal not included,10368,9,06,2019,09,40,19,00,9,20
IndiGo,9/05/2019,Delhi,Cochin,DEL → MAA → COK,07:15,12:30,5:15,1,No Info,5636,9,05,2019,07,15,12,30,5,15
SpiceJet,9/05/2019,Mumbai,Hyderabad,BOM → HYD,22:45,00:15,1:30,0,No check-in baggage included,1965,9,05,2019,22,45,00,15,1,30
Jet Airways,12/06/2019,Kolkata,Banglore,CCU → BOM → BLR,21:10,04:40,7:30,1,No Info,12739,12,06,2019,21,10,04,40,7,30
IndiGo,12/03/2019,Kolkata,Banglore,CCU → BLR,14:20,16:55,2:35,0,No Info,4148,12,03,2019,14,20,16,55,2,35
IndiGo,9/05/2019,Delhi,Cochin,DEL → BOM → COK,06:40,21:00,14:20,1,No Info,7191,9,05,2019,06,40,21,00,14,20
Jet Airways,6/06/2019,Delhi,Cochin,DEL → BOM → COK,07:05,04:25,21:20,1,In-flight meal not included,10262,6,06,2019,07,05,04,25,21,20
Vistara,24/03/2019,Kolkata,Banglore,CCU → DEL → BLR,09:55,20:25,10:30,1,No Info,12312,24,03,2019,09,55,20,25,10,30
Jet Airways,3/06/2019,Delhi,Cochin,DEL → BOM → COK,18:15,19:00,24:45,1,In-flight meal not included,10262,3,06,2019,18,15,19,00,24,45
Jet Airways,15/06/2019,Delhi,Cochin,DEL → COK,11:00,14:15,3:15,0,No Info,9564,15,06,2019,11,00,14,15,3,15
Jet Airways,24/03/2019,Kolkata,Banglore,CCU → BOM → BLR,06:30,04:45,22:15,1,No Info,13759,24,03,2019,06,30,04,45,22,15
Vistara,6/05/2019,Kolkata,Banglore,CCU → DEL → BLR,17:00,20:20,27:20,1,No Info,8610,6,05,2019,17,00,20,20,27,20
Jet Airways,15/06/2019,Delhi,Cochin,DEL → BOM → COK,13:00,19:00,6h,1,No Info,14714,15,06,2019,13,00,19,00,6h,
IndiGo,3/06/2019,Banglore,Delhi,BLR → DEL,08:30,11:20,2:50,0,No Info,4823,3,06,2019,08,30,11,20,2,50
Air Asia,27/05/2019,Delhi,Cochin,DEL → BLR → COK,07:55,15:45,7:50,1,No Info,6451,27,05,2019,07,55,15,45,7,50
Jet Airways,21/05/2019,Delhi,Cochin,DEL → BOM → COK,14:00,19:00,5h,1,No Info,16079,21,05,2019,14,00,19,00,5h,
Jet Airways,1/06/2019,Delhi,Cochin,DEL → COK,11:00,14:15,3:15,0,In-flight meal not included,7202,1,06,2019,11,00,14,15,3,15
IndiGo,24/03/2019,Banglore,New Delhi,BLR → DEL,23:30,02:20,2:50,0,No Info,4944,24,03,2019,23,30,02,20,2,50
SpiceJet,1/06/2019,Banglore,Delhi,BLR → DEL,05:55,08:35,2:40,0,No Info,3625,1,06,2019,05,55,08,35,2,40
Jet Airways,9/05/2019,Kolkata,Banglore,CCU → BOM → BLR,14:05,12:00,21:55,1,In-flight meal not included,9663,9,05,2019,14,05,12,00,21,55
Multiple carriers,15/05/2019,Delhi,Cochin,DEL → BOM → COK,10:20,19:00,8:40,1,No Info,9794,15,05,2019,10,20,19,00,8,40
SpiceJet,1/05/2019,Mumbai,Hyderabad,BOM → HYD,13:15,14:45,1:30,0,No Info,2437,1,05,2019,13,15,14,45,1,30
Multiple carriers,15/06/2019,Delhi,Cochin,DEL → BOM → COK,10:00,01:30,15:30,1,No Info,13377,15,06,2019,10,00,01,30,15,30
Jet Airways,6/06/2019,Kolkata,Banglore,CCU → BOM → BLR,20:00,04:40,8:40,1,In-flight meal not included,8586,6,06,2019,20,00,04,40,8,40
Jet Airways,06/03/2019,Banglore,New Delhi,BLR → BOM → DEL,08:55,15:15,6:20,1,No Info,19225,06,03,2019,08,55,15,15,6,20
Jet Airways,18/05/2019,Delhi,Cochin,DEL → BOM → COK,22:50,04:25,5:35,1,No Info,15554,18,05,2019,22,50,04,25,5,35
Jet Airways,1/05/2019,Kolkata,Banglore,CCU → DEL → BLR,09:35,22:05,12:30,1,No Info,12121,1,05,2019,09,35,22,05,12,30
IndiGo,27/05/2019,Banglore,Delhi,BLR → DEL,10:10,13:00,2:50,0,No Info,3943,27,05,2019,10,10,13,00,2,50
Jet Airways,18/03/2019,Banglore,New Delhi,BLR → BOM → DEL,21:25,09:00,11:35,1,No Info,13555,18,03,2019,21,25,09,00,11,35
IndiGo,21/06/2019,Banglore,Delhi,BLR → DEL,18:15,21:20,3:5,0,No Info,4990,21,06,2019,18,15,21,20,3,5
Air India,6/03/2019,Delhi,Cochin,DEL → BLR → COK,20:30,23:00,26:30,1,No Info,8854,6,03,2019,20,30,23,00,26,30
Multiple carriers,27/05/2019,Delhi,Cochin,DEL → HYD → COK,07:10,16:10,9h,1,No Info,7878,27,05,2019,07,10,16,10,9h,
Vistara,03/03/2019,Banglore,New Delhi,BLR → DEL,09:50,12:35,2:45,0,No Info,8028,03,03,2019,09,50,12,35,2,45
Jet Airways,9/05/2019,Kolkata,Banglore,CCU → BOM → BLR,18:55,08:15,13:20,1,In-flight meal not included,8586,9,05,2019,18,55,08,15,13,20
Air India,1/05/2019,Kolkata,Banglore,CCU → DEL → COK → BLR,17:30,13:45,20:15,2,No Info,15164,1,05,2019,17,30,13,45,20,15
Jet Airways,18/03/2019,Banglore,New Delhi,BLR → BOM → DEL,07:00,15:15,8:15,1,No Info,12284,18,03,2019,07,00,15,15,8,15
Jet Airways,21/06/2019,Mumbai,Hyderabad,BOM → HYD,07:05,08:30,1:25,0,In-flight meal not included,4995,21,06,2019,07,05,08,30,1,25
Multiple carriers,27/05/2019,Delhi,Cochin,DEL → BOM → COK,08:45,19:15,10:30,1,No Info,10051,27,05,2019,08,45,19,15,10,30
Jet Airways,21/05/2019,Kolkata,Banglore,CCU → BOM → BLR,14:05,10:05,20h,1,In-flight meal not included,9663,21,05,2019,14,05,10,05,20h,
Air India,1/05/2019,Kolkata,Banglore,CCU → DEL → AMD → BLR,07:00,05:25,22:25,2,No Info,14424,1,05,2019,07,00,05,25,22,25
Jet Airways,15/06/2019,Delhi,Cochin,DEL → BOM → COK,10:00,19:00,9h,1,No Info,14714,15,06,2019,10,00,19,00,9h,
Air India,24/05/2019,Mumbai,Hyderabad,BOM → HYD,13:55,15:25,1:30,0,No Info,3100,24,05,2019,13,55,15,25,1,30
IndiGo,6/06/2019,Delhi,Cochin,DEL → BLR → COK,17:05,22:25,5:20,1,No Info,6493,6,06,2019,17,05,22,25,5,20
Jet Airways,6/06/2019,Kolkata,Banglore,CCU → BOM → BLR,06:30,23:35,17:5,1,No Info,14571,6,06,2019,06,30,23,35,17,5
Jet Airways,15/06/2019,Delhi,Cochin,DEL → JAI → BOM → COK,05:30,19:00,13:30,2,In-flight meal not included,10368,15,06,2019,05,30,19,00,13,30
Jet Airways,3/06/2019,Delhi,Cochin,DEL → BOM → COK,15:00,04:25,13:25,1,No Info,14714,3,06,2019,15,00,04,25,13,25
SpiceJet,18/05/2019,Chennai,Kolkata,MAA → CCU,08:20,10:35,2:15,0,No check-in baggage included,3543,18,05,2019,08,20,10,35,2,15
Air Asia,6/06/2019,Kolkata,Banglore,CCU → DEL → BLR,07:35,19:25,11:50,1,No Info,6810,6,06,2019,07,35,19,25,11,50
SpiceJet,24/03/2019,Kolkata,Banglore,CCU → BLR,09:00,11:30,2:30,0,No check-in baggage included,5201,24,03,2019,09,00,11,30,2,30
Multiple carriers,24/06/2019,Delhi,Cochin,DEL → BOM → COK,17:30,01:30,8h,1,No Info,13377,24,06,2019,17,30,01,30,8h,
Multiple carriers Premium economy,21/03/2019,Delhi,Cochin,DEL → BOM → COK,07:30,18:50,11:20,1,No Info,14629,21,03,2019,07,30,18,50,11,20
IndiGo,9/04/2019,Delhi,Cochin,DEL → BOM → COK,07:30,21:00,13:30,1,No Info,6093,9,04,2019,07,30,21,00,13,30
Multiple carriers,12/06/2019,Delhi,Cochin,DEL → GWL → IDR → BOM → COK,11:35,01:30,13:55,3,No Info,15419,12,06,2019,11,35,01,30,13,55
Air India,21/05/2019,Kolkata,Banglore,CCU → BOM → COK → BLR,16:50,13:45,20:55,2,No Info,13484,21,05,2019,16,50,13,45,20,55
Air India,18/05/2019,Delhi,Cochin,DEL → BOM → COK,21:00,07:40,10:40,1,No Info,8372,18,05,2019,21,00,07,40,10,40
Air India,15/03/2019,Banglore,New Delhi,BLR → HYD → VGA → DEL,08:15,11:20,27:5,2,No Info,8534,15,03,2019,08,15,11,20,27,5
Jet Airways,15/05/2019,Banglore,Delhi,BLR → DEL,17:45,20:45,3h,0,In-flight meal not included,4030,15,05,2019,17,45,20,45,3h,
Jet Airways,24/06/2019,Delhi,Cochin,DEL → IDR → BOM → COK,09:35,04:25,18:50,2,No Info,13292,24,06,2019,09,35,04,25,18,50
Jet Airways,24/06/2019,Delhi,Cochin,DEL → JAI → BOM → COK,05:30,04:25,22:55,2,No Info,13014,24,06,2019,05,30,04,25,22,55
Air India,9/03/2019,Delhi,Cochin,DEL → BOM → COK,08:00,19:15,11:15,1,No Info,16754,9,03,2019,08,00,19,15,11,15
IndiGo,1/03/2019,Kolkata,Banglore,CCU → BLR,17:15,19:55,2:40,0,No Info,6565,1,03,2019,17,15,19,55,2,40
Jet Airways,27/05/2019,Delhi,Cochin,DEL → BOM → COK,22:50,19:00,20:10,1,No Info,16079,27,05,2019,22,50,19,00,20,10
Jet Airways,9/05/2019,Delhi,Cochin,DEL → IDR → BOM → COK,21:25,12:35,15:10,2,In-flight meal not included,11507,9,05,2019,21,25,12,35,15,10
Vistara,6/03/2019,Mumbai,Hyderabad,BOM → DEL → HYD,07:30,09:25,25:55,1,No Info,12395,6,03,2019,07,30,09,25,25,55
IndiGo,01/03/2019,Banglore,New Delhi,BLR → BOM → DEL,19:35,00:35,5h,1,No Info,22153,01,03,2019,19,35,00,35,5h,
Jet Airways,27/06/2019,Delhi,Cochin,DEL → NAG → BOM → COK,06:45,12:35,29:50,2,In-flight meal not included,10919,27,06,2019,06,45,12,35,29,50
Jet Airways,24/03/2019,Kolkata,Banglore,CCU → BOM → BLR,21:10,04:45,7:35,1,No Info,13759,24,03,2019,21,10,04,45,7,35
Air India,18/04/2019,Delhi,Cochin,DEL → COK,05:10,08:00,2:50,0,No Info,6094,18,04,2019,05,10,08,00,2,50
Air India,21/05/2019,Kolkata,Banglore,CCU → BOM → COK → BLR,09:25,13:45,28:20,2,No Info,11542,21,05,2019,09,25,13,45,28,20
Jet Airways,9/06/2019,Delhi,Cochin,DEL → NAG → BOM → COK,06:45,04:25,21:40,2,No Info,13376,9,06,2019,06,45,04,25,21,40
Jet Airways,01/03/2019,Banglore,New Delhi,BLR → BOM → DEL,11:40,10:25,22:45,1,No Info,25735,01,03,2019,11,40,10,25,22,45
Jet Airways,06/03/2019,Banglore,New Delhi,BLR → BOM → DEL,22:50,23:00,24:10,1,No Info,17471,06,03,2019,22,50,23,00,24,10
Jet Airways,9/06/2019,Kolkata,Banglore,CCU → BOM → BLR,16:30,23:35,7:5,1,In-flight meal not included,10844,9,06,2019,16,30,23,35,7,5
Air India,3/06/2019,Delhi,Cochin,DEL → BOM → COK,19:00,07:40,12:40,1,No Info,8372,3,06,2019,19,00,07,40,12,40
IndiGo,15/06/2019,Chennai,Kolkata,MAA → CCU,11:35,14:00,2:25,0,No Info,3858,15,06,2019,11,35,14,00,2,25
IndiGo,15/03/2019,Banglore,New Delhi,BLR → DEL,01:30,04:15,2:45,0,No Info,5694,15,03,2019,01,30,04,15,2,45
Jet Airways,3/03/2019,Delhi,Cochin,DEL → BOM → COK,18:15,18:50,24:35,1,No Info,17234,3,03,2019,18,15,18,50,24,35
Jet Airways,9/04/2019,Delhi,Cochin,DEL → LKO → BOM → COK,09:25,04:25,19h,2,No Info,11546,9,04,2019,09,25,04,25,19h,
Vistara,03/03/2019,Banglore,New Delhi,BLR → DEL,07:00,09:40,2:40,0,No Info,8028,03,03,2019,07,00,09,40,2,40
Jet Airways,15/06/2019,Banglore,Delhi,BLR → DEL,19:50,22:50,3h,0,No Info,8016,15,06,2019,19,50,22,50,3h,
Air India,24/05/2019,Kolkata,Banglore,CCU → DEL → BLR,20:30,20:25,23:55,1,No Info,10413,24,05,2019,20,30,20,25,23,55
Air India,12/03/2019,Banglore,New Delhi,BLR → CCU → GAU → DEL,11:05,22:10,11:5,2,No Info,11948,12,03,2019,11,05,22,10,11,5
Jet Airways,1/04/2019,Mumbai,Hyderabad,BOM → HYD,10:20,11:50,1:30,0,In-flight meal not included,3205,1,04,2019,10,20,11,50,1,30
IndiGo,18/05/2019,Banglore,Delhi,BLR → DEL,13:00,15:50,2:50,0,No Info,4423,18,05,2019,13,00,15,50,2,50
Vistara,24/03/2019,Banglore,New Delhi,BLR → DEL,07:00,09:40,2:40,0,No Info,4878,24,03,2019,07,00,09,40,2,40
IndiGo,15/04/2019,Delhi,Cochin,DEL → BLR → COK,17:05,22:15,5:10,1,No Info,5912,15,04,2019,17,05,22,15,5,10
Air India,12/05/2019,Kolkata,Banglore,CCU → IXR → DEL → BLR,05:50,08:55,27:5,2,No Info,11411,12,05,2019,05,50,08,55,27,5
Multiple carriers,24/06/2019,Delhi,Cochin,DEL → BOM → COK,07:00,21:00,14h,1,No Info,7618,24,06,2019,07,00,21,00,14h,
Jet Airways,12/04/2019,Banglore,Delhi,BLR → DEL,15:15,18:10,2:55,0,No Info,7229,12,04,2019,15,15,18,10,2,55
IndiGo,27/06/2019,Delhi,Cochin,DEL → BLR → COK,15:10,20:00,4:50,1,No Info,6147,27,06,2019,15,10,20,00,4,50
Jet Airways,15/06/2019,Delhi,Cochin,DEL → BDQ → BOM → COK,18:25,04:25,10h,2,No Info,14237,15,06,2019,18,25,04,25,10h,
IndiGo,21/03/2019,Delhi,Cochin,DEL → AMD → COK,07:45,13:40,5:55,1,No Info,6101,21,03,2019,07,45,13,40,5,55
Air India,21/05/2019,Kolkata,Banglore,CCU → BOM → GOI → BLR,16:50,05:35,12:45,2,No Info,12324,21,05,2019,16,50,05,35,12,45
Vistara,01/03/2019,Banglore,New Delhi,BLR → AMD → DEL,06:40,21:55,15:15,1,No Info,18387,01,03,2019,06,40,21,55,15,15
Jet Airways,3/06/2019,Delhi,Cochin,DEL → BOM → COK,16:00,04:25,12:25,1,In-flight meal not included,10262,3,06,2019,16,00,04,25,12,25
Jet Airways,15/06/2019,Delhi,Cochin,DEL → BOM → COK,09:00,19:00,10h,1,In-flight meal not included,10262,15,06,2019,09,00,19,00,10h,
Jet Airways,21/04/2019,Banglore,Delhi,BLR → DEL,07:10,10:10,3h,0,No Info,7229,21,04,2019,07,10,10,10,3h,
Air Asia,27/06/2019,Kolkata,Banglore,CCU → BLR,22:50,01:20,2:30,0,No Info,3807,27,06,2019,22,50,01,20,2,30
Multiple carriers,21/03/2019,Delhi,Cochin,DEL → BOM → COK,15:15,01:35,10:20,1,No Info,7695,21,03,2019,15,15,01,35,10,20
Air India,18/05/2019,Kolkata,Banglore,CCU → IXR → DEL → BLR,05:50,08:55,27:5,2,No Info,12723,18,05,2019,05,50,08,55,27,5
SpiceJet,15/05/2019,Mumbai,Hyderabad,BOM → HYD,13:15,14:45,1:30,0,No check-in baggage included,2175,15,05,2019,13,15,14,45,1,30
IndiGo,27/05/2019,Delhi,Cochin,DEL → BOM → COK,09:15,01:30,16:15,1,No Info,6628,27,05,2019,09,15,01,30,16,15
Jet Airways,12/06/2019,Delhi,Cochin,DEL → NAG → BOM → COK,14:35,04:25,13:50,2,No Info,13376,12,06,2019,14,35,04,25,13,50
IndiGo,27/03/2019,Kolkata,Banglore,CCU → BLR,15:10,17:45,2:35,0,No Info,4148,27,03,2019,15,10,17,45,2,35
Jet Airways,27/03/2019,Delhi,Cochin,DEL → IDR → BOM → COK,05:25,04:25,23h,2,In-flight meal not included,9254,27,03,2019,05,25,04,25,23h,
Jet Airways,24/06/2019,Banglore,Delhi,BLR → DEL,18:55,22:00,3:5,0,No Info,8016,24,06,2019,18,55,22,00,3,5
Jet Airways,1/05/2019,Banglore,Delhi,BLR → DEL,17:45,20:45,3h,0,In-flight meal not included,4030,1,05,2019,17,45,20,45,3h,
Jet Airways,12/05/2019,Banglore,Delhi,BLR → DEL,17:45,20:45,3h,0,In-flight meal not included,5198,12,05,2019,17,45,20,45,3h,
Air Asia,15/04/2019,Kolkata,Banglore,CCU → BLR,19:55,22:25,2:30,0,No Info,4409,15,04,2019,19,55,22,25,2,30
Air India,1/03/2019,Mumbai,Hyderabad,BOM → HYD,13:55,15:25,1:30,0,No Info,10082,1,03,2019,13,55,15,25,1,30
Jet Airways,18/05/2019,Kolkata,Banglore,CCU → BOM → BLR,14:05,10:05,20h,1,In-flight meal not included,9663,18,05,2019,14,05,10,05,20h,
SpiceJet,3/04/2019,Banglore,Delhi,BLR → DEL,05:55,08:35,2:40,0,No Info,3971,3,04,2019,05,55,08,35,2,40
IndiGo,15/03/2019,Chennai,Kolkata,MAA → CCU,07:55,10:15,2:20,0,No Info,6297,15,03,2019,07,55,10,15,2,20
SpiceJet,9/05/2019,Banglore,Delhi,BLR → DEL,05:55,08:35,2:40,0,No check-in baggage included,3573,9,05,2019,05,55,08,35,2,40
Jet Airways,21/05/2019,Kolkata,Banglore,CCU → BOM → BLR,14:05,22:35,8:30,1,In-flight meal not included,10844,21,05,2019,14,05,22,35,8,30
IndiGo,27/04/2019,Banglore,Delhi,BLR → DEL,06:05,08:50,2:45,0,No Info,4423,27,04,2019,06,05,08,50,2,45
Jet Airways,06/03/2019,Banglore,New Delhi,BLR → BOM → DEL,14:05,21:20,7:15,1,No Info,19225,06,03,2019,14,05,21,20,7,15
IndiGo,12/03/2019,Chennai,Kolkata,MAA → CCU,22:05,00:30,2:25,0,No Info,6297,12,03,2019,22,05,00,30,2,25
SpiceJet,6/03/2019,Kolkata,Banglore,CCU → BLR,22:20,00:40,2:20,0,No Info,3849,6,03,2019,22,20,00,40,2,20
Multiple carriers,6/03/2019,Delhi,Cochin,DEL → BOM → COK,08:00,15:30,7:30,1,No Info,15078,6,03,2019,08,00,15,30,7,30
IndiGo,12/05/2019,Kolkata,Banglore,CCU → HYD → BLR,19:20,23:45,4:25,1,No Info,4205,12,05,2019,19,20,23,45,4,25
Air India,27/05/2019,Banglore,Delhi,BLR → DEL,13:20,16:10,2:50,0,No Info,5228,27,05,2019,13,20,16,10,2,50
Multiple carriers,6/06/2019,Delhi,Cochin,DEL → BOM → COK,07:00,21:00,14h,1,No Info,7408,6,06,2019,07,00,21,00,14h,
Jet Airways,9/06/2019,Banglore,Delhi,BLR → DEL,11:10,14:05,2:55,0,In-flight meal not included,7229,9,06,2019,11,10,14,05,2,55
Jet Airways,15/06/2019,Delhi,Cochin,DEL → NAG → BOM → COK,14:35,04:25,13:50,2,In-flight meal not included,10919,15,06,2019,14,35,04,25,13,50
Jet Airways,1/05/2019,Banglore,Delhi,BLR → DEL,15:15,18:10,2:55,0,In-flight meal not included,4544,1,05,2019,15,15,18,10,2,55
Jet Airways,21/03/2019,Delhi,Cochin,DEL → BOM → COK,08:00,04:25,20:25,1,In-flight meal not included,6540,21,03,2019,08,00,04,25,20,25
Jet Airways,21/03/2019,Delhi,Cochin,DEL → AMD → BOM → COK,19:10,18:50,23:40,2,No Info,9483,21,03,2019,19,10,18,50,23,40
Jet Airways,21/05/2019,Delhi,Cochin,DEL → BOM → COK,10:00,19:00,9h,1,No Info,16079,21,05,2019,10,00,19,00,9h,
Multiple carriers,1/06/2019,Delhi,Cochin,DEL → BOM → COK,18:15,01:30,7:15,1,No Info,13377,1,06,2019,18,15,01,30,7,15
IndiGo,3/06/2019,Banglore,Delhi,BLR → DEL,18:55,21:50,2:55,0,No Info,4823,3,06,2019,18,55,21,50,2,55
Jet Airways,15/05/2019,Kolkata,Banglore,CCU → DEL → BLR,17:00,10:55,17:55,1,No Info,14151,15,05,2019,17,00,10,55,17,55
GoAir,9/05/2019,Kolkata,Banglore,CCU → BOM → BLR,23:30,07:45,8:15,1,No Info,6095,9,05,2019,23,30,07,45,8,15
Air India,27/05/2019,Delhi,Cochin,DEL → BOM → COK,10:00,19:15,9:15,1,No Info,12029,27,05,2019,10,00,19,15,9,15
Air India,6/04/2019,Kolkata,Banglore,CCU → HYD → BLR,19:00,11:05,16:5,1,No Info,4437,6,04,2019,19,00,11,05,16,5
IndiGo,27/06/2019,Banglore,Delhi,BLR → DEL,01:30,04:15,2:45,0,No Info,3419,27,06,2019,01,30,04,15,2,45
IndiGo,1/04/2019,Banglore,Delhi,BLR → DEL,10:10,13:00,2:50,0,No Info,3943,1,04,2019,10,10,13,00,2,50
Multiple carriers,21/03/2019,Delhi,Cochin,DEL → BOM → COK,14:00,01:35,11:35,1,No Info,13542,21,03,2019,14,00,01,35,11,35
Air India,27/06/2019,Delhi,Cochin,DEL → BLR → COK,17:40,23:00,5:20,1,No Info,7174,27,06,2019,17,40,23,00,5,20
IndiGo,9/03/2019,Mumbai,Hyderabad,BOM → HYD,09:10,10:35,1:25,0,No Info,7417,9,03,2019,09,10,10,35,1,25
Jet Airways,9/05/2019,Delhi,Cochin,DEL → AMD → BOM → COK,13:25,04:25,15h,2,No Info,16704,9,05,2019,13,25,04,25,15h,
Air India,18/03/2019,Kolkata,Banglore,CCU → BLR,20:45,23:20,2:35,0,No Info,4435,18,03,2019,20,45,23,20,2,35
Air India,21/05/2019,Kolkata,Banglore,CCU → BOM → GOI → BLR,09:25,05:35,20:10,2,No Info,11432,21,05,2019,09,25,05,35,20,10
Air Asia,21/06/2019,Banglore,Delhi,BLR → DEL,23:55,02:45,2:50,0,No Info,3383,21,06,2019,23,55,02,45,2,50
IndiGo,21/04/2019,Kolkata,Banglore,CCU → BLR,04:40,07:15,2:35,0,No Info,4804,21,04,2019,04,40,07,15,2,35
Air Asia,27/05/2019,Banglore,Delhi,BLR → DEL,04:55,07:45,2:50,0,No Info,3383,27,05,2019,04,55,07,45,2,50
IndiGo,24/05/2019,Kolkata,Banglore,CCU → GAU → BLR,15:10,20:30,5:20,1,No Info,6991,24,05,2019,15,10,20,30,5,20
Air India,9/05/2019,Delhi,Cochin,DEL → AMD → BOM → COK,05:00,19:15,38:15,2,No Info,10441,9,05,2019,05,00,19,15,38,15
IndiGo,21/03/2019,Delhi,Cochin,DEL → HYD → COK,07:35,12:00,4:25,1,No Info,5073,21,03,2019,07,35,12,00,4,25
Multiple carriers,21/03/2019,Delhi,Cochin,DEL → BOM → COK,10:20,01:35,15:15,1,No Info,7695,21,03,2019,10,20,01,35,15,15
Air India,24/05/2019,Delhi,Cochin,DEL → MAA → COK,20:40,09:25,12:45,1,No Info,7480,24,05,2019,20,40,09,25,12,45
Jet Airways,9/06/2019,Delhi,Cochin,DEL → BOM → COK,11:30,12:35,25:5,1,In-flight meal not included,10262,9,06,2019,11,30,12,35,25,5
Jet Airways,12/03/2019,Banglore,New Delhi,BLR → BOM → DEL,22:55,11:25,12:30,1,No Info,13817,12,03,2019,22,55,11,25,12,30
Jet Airways,21/05/2019,Kolkata,Banglore,CCU → DEL → BLR,09:35,19:10,9:35,1,No Info,13067,21,05,2019,09,35,19,10,9,35
SpiceJet,6/06/2019,Mumbai,Hyderabad,BOM → HYD,13:15,14:45,1:30,0,No check-in baggage included,1965,6,06,2019,13,15,14,45,1,30
IndiGo,6/06/2019,Delhi,Cochin,DEL → HYD → COK,06:50,16:10,9:20,1,No Info,6674,6,06,2019,06,50,16,10,9,20
Air India,12/03/2019,Mumbai,Hyderabad,BOM → GOI → PNQ → HYD,05:05,16:55,11:50,2,No Info,16172,12,03,2019,05,05,16,55,11,50
Multiple carriers,24/06/2019,Delhi,Cochin,DEL → BOM → COK,12:50,19:15,6:25,1,In-flight meal not included,7268,24,06,2019,12,50,19,15,6,25
Jet Airways,15/03/2019,Banglore,New Delhi,BLR → BOM → DEL,07:00,12:15,5:15,1,No Info,17524,15,03,2019,07,00,12,15,5,15
Multiple carriers,21/05/2019,Delhi,Cochin,DEL → BOM → COK,18:00,01:30,7:30,1,No Info,7888,21,05,2019,18,00,01,30,7,30
IndiGo,6/06/2019,Mumbai,Hyderabad,BOM → HYD,19:05,20:35,1:30,0,No Info,2754,6,06,2019,19,05,20,35,1,30
Air India,03/03/2019,Banglore,New Delhi,BLR → HBX → BOM → AMD → DEL,12:00,23:55,11:55,3,No Info,10573,03,03,2019,12,00,23,55,11,55
Multiple carriers,9/06/2019,Delhi,Cochin,DEL → BOM → COK,11:40,19:00,7:20,1,No Info,11789,9,06,2019,11,40,19,00,7,20
Jet Airways,6/05/2019,Kolkata,Banglore,CCU → DEL → BLR,20:25,19:10,22:45,1,No Info,13067,6,05,2019,20,25,19,10,22,45
IndiGo,24/03/2019,Banglore,New Delhi,BLR → DEL,00:40,03:25,2:45,0,No Info,4238,24,03,2019,00,40,03,25,2,45
Multiple carriers,21/05/2019,Delhi,Cochin,DEL → BOM → COK,07:30,19:00,11:30,1,No Info,9794,21,05,2019,07,30,19,00,11,30
Air India,21/03/2019,Delhi,Cochin,DEL → HYD → MAA → COK,07:05,09:25,26:20,2,No Info,7615,21,03,2019,07,05,09,25,26,20
Jet Airways,21/03/2019,Delhi,Cochin,DEL → IDR → BOM → COK,10:20,04:25,42:5,2,No Info,11664,21,03,2019,10,20,04,25,42,5
Jet Airways,1/04/2019,Kolkata,Banglore,CCU → BOM → BLR,06:30,19:50,13:20,1,In-flight meal not included,7064,1,04,2019,06,30,19,50,13,20
IndiGo,15/04/2019,Kolkata,Banglore,CCU → HYD → BLR,19:20,23:45,4:25,1,No Info,3809,15,04,2019,19,20,23,45,4,25
SpiceJet,18/06/2019,Kolkata,Banglore,CCU → BLR,17:10,19:40,2:30,0,No check-in baggage included,3841,18,06,2019,17,10,19,40,2,30
Multiple carriers,27/05/2019,Delhi,Cochin,DEL → BOM → COK,11:40,01:30,13:50,1,No Info,6795,27,05,2019,11,40,01,30,13,50
IndiGo,24/04/2019,Kolkata,Banglore,CCU → HYD → BLR,15:15,20:05,4:50,1,No Info,4565,24,04,2019,15,15,20,05,4,50
IndiGo,9/03/2019,Delhi,Cochin,DEL → BOM → COK,18:35,01:35,7h,1,No Info,12351,9,03,2019,18,35,01,35,7h,
IndiGo,18/03/2019,Delhi,Cochin,DEL → COK,21:05,00:20,3:15,0,No Info,5021,18,03,2019,21,05,00,20,3,15
Air India,21/05/2019,Delhi,Cochin,DEL → HYD → MAA → COK,13:05,09:25,20:20,2,No Info,10467,21,05,2019,13,05,09,25,20,20
Air India,15/04/2019,Banglore,Delhi,BLR → DEL,17:00,19:45,2:45,0,No Info,6121,15,04,2019,17,00,19,45,2,45
SpiceJet,15/03/2019,Chennai,Kolkata,MAA → CCU,17:45,20:05,2:20,0,No Info,6300,15,03,2019,17,45,20,05,2,20
Air Asia,01/03/2019,Banglore,New Delhi,BLR → DEL,05:50,08:40,2:50,0,No Info,10715,01,03,2019,05,50,08,40,2,50
Air India,24/05/2019,Kolkata,Banglore,CCU → BLR,14:15,16:45,2:30,0,No Info,5510,24,05,2019,14,15,16,45,2,30
Jet Airways,3/05/2019,Banglore,Delhi,BLR → DEL,18:55,22:00,3:5,0,In-flight meal not included,6144,3,05,2019,18,55,22,00,3,5
Jet Airways,6/03/2019,Delhi,Cochin,DEL → AMD → BOM → COK,19:10,19:45,24:35,2,No Info,19329,6,03,2019,19,10,19,45,24,35
Air India,6/03/2019,Mumbai,Hyderabad,BOM → IDR → DEL → HYD,12:45,19:25,30:40,2,No Info,13253,6,03,2019,12,45,19,25,30,40
Jet Airways,12/05/2019,Kolkata,Banglore,CCU → BOM → BLR,06:30,19:50,13:20,1,No Info,13941,12,05,2019,06,30,19,50,13,20
IndiGo,1/04/2019,Kolkata,Banglore,CCU → BLR,20:20,22:55,2:35,0,No Info,4488,1,04,2019,20,20,22,55,2,35
SpiceJet,3/06/2019,Kolkata,Banglore,CCU → BLR,06:55,09:30,2:35,0,No check-in baggage included,3841,3,06,2019,06,55,09,30,2,35
Multiple carriers,15/05/2019,Delhi,Cochin,DEL → BOM → COK,11:25,19:15,7:50,1,No Info,7575,15,05,2019,11,25,19,15,7,50
Air India,27/05/2019,Delhi,Cochin,DEL → AMD → BOM → COK,16:40,19:15,26:35,2,No Info,9968,27,05,2019,16,40,19,15,26,35
Jet Airways,9/05/2019,Delhi,Cochin,DEL → AMD → BOM → COK,13:25,19:00,29:35,2,No Info,15129,9,05,2019,13,25,19,00,29,35
IndiGo,6/05/2019,Kolkata,Banglore,CCU → BBI → BLR,07:10,12:40,5:30,1,No Info,4864,6,05,2019,07,10,12,40,5,30
Air India,3/06/2019,Delhi,Cochin,DEL → MAA → COK,17:20,09:25,16:5,1,No Info,7480,3,06,2019,17,20,09,25,16,5
Multiple carriers,6/03/2019,Delhi,Cochin,DEL → BOM → COK,07:00,18:50,11:50,1,No Info,15867,6,03,2019,07,00,18,50,11,50
Jet Airways,21/05/2019,Kolkata,Banglore,CCU → DEL → BLR,09:35,22:05,12:30,1,No Info,13067,21,05,2019,09,35,22,05,12,30
Air India,9/05/2019,Kolkata,Banglore,CCU → BOM → BLR,16:50,07:55,15:5,1,No Info,8366,9,05,2019,16,50,07,55,15,5
Air India,3/03/2019,Delhi,Cochin,DEL → JDH → BOM → COK,12:55,19:15,30:20,2,No Info,21571,3,03,2019,12,55,19,15,30,20
Air Asia,12/05/2019,Banglore,Delhi,BLR → DEL,04:55,07:45,2:50,0,No Info,4282,12,05,2019,04,55,07,45,2,50
Air India,9/05/2019,Delhi,Cochin,DEL → CCU → BOM → COK,16:55,19:15,26:20,2,No Info,13591,9,05,2019,16,55,19,15,26,20
Vistara,1/04/2019,Kolkata,Banglore,CCU → DEL → BLR,20:20,23:25,27:5,1,No Info,7927,1,04,2019,20,20,23,25,27,5
Jet Airways,3/06/2019,Delhi,Cochin,DEL → BOM → COK,15:00,19:00,28h,1,No Info,14714,3,06,2019,15,00,19,00,28h,
Jet Airways,12/03/2019,Banglore,New Delhi,BLR → BOM → DEL,18:55,16:10,21:15,1,In-flight meal not included,11087,12,03,2019,18,55,16,10,21,15
Air India,1/03/2019,Delhi,Cochin,DEL → BOM → COK,04:00,07:40,27:40,1,No Info,28322,1,03,2019,04,00,07,40,27,40
Jet Airways,1/05/2019,Kolkata,Banglore,CCU → DEL → BLR,17:00,19:10,26:10,1,In-flight meal not included,9314,1,05,2019,17,00,19,10,26,10
IndiGo,9/06/2019,Delhi,Cochin,DEL → BLR → COK,15:10,20:00,4:50,1,No Info,7060,9,06,2019,15,10,20,00,4,50
IndiGo,1/03/2019,Chennai,Kolkata,MAA → CCU,11:35,14:00,2:25,0,No Info,7900,1,03,2019,11,35,14,00,2,25
Jet Airways,24/06/2019,Mumbai,Hyderabad,BOM → HYD,02:55,04:20,1:25,0,No Info,5678,24,06,2019,02,55,04,20,1,25
IndiGo,24/04/2019,Kolkata,Banglore,CCU → MAA → BLR,19:35,00:10,4:35,1,No Info,4860,24,04,2019,19,35,00,10,4,35
SpiceJet,1/05/2019,Mumbai,Hyderabad,BOM → HYD,05:45,07:15,1:30,0,No Info,2017,1,05,2019,05,45,07,15,1,30
IndiGo,12/06/2019,Kolkata,Banglore,CCU → MAA → BLR,08:10,13:00,4:50,1,No Info,5069,12,06,2019,08,10,13,00,4,50
Vistara,9/06/2019,Kolkata,Banglore,CCU → DEL → BLR,07:10,10:45,27:35,1,No Info,9397,9,06,2019,07,10,10,45,27,35
IndiGo,6/04/2019,Delhi,Cochin,DEL → BOM → COK,10:35,15:35,5h,1,No Info,5073,6,04,2019,10,35,15,35,5h,
Air India,24/03/2019,Kolkata,Banglore,CCU → GAU → IMF → DEL → BLR,05:55,23:15,17:20,3,No Info,15145,24,03,2019,05,55,23,15,17,20
Multiple carriers,24/06/2019,Delhi,Cochin,DEL → BOM → COK,09:15,19:15,10h,1,No Info,8099,24,06,2019,09,15,19,15,10h,
Air India,06/03/2019,Banglore,New Delhi,BLR → MAA → DEL,11:50,19:50,8h,1,No Info,14594,06,03,2019,11,50,19,50,8h,
IndiGo,27/03/2019,Delhi,Cochin,DEL → COK,14:30,17:35,3:5,0,No Info,4729,27,03,2019,14,30,17,35,3,5
IndiGo,21/05/2019,Kolkata,Banglore,CCU → BLR,22:15,00:50,2:35,0,No Info,4804,21,05,2019,22,15,00,50,2,35
Jet Airways,27/05/2019,Delhi,Cochin,DEL → JDH → BOM → COK,11:40,19:00,7:20,2,In-flight meal not included,19644,27,05,2019,11,40,19,00,7,20
Air India,27/03/2019,Delhi,Cochin,DEL → AMD → BOM → COK,19:45,19:15,23:30,2,No Info,8656,27,03,2019,19,45,19,15,23,30
Jet Airways,9/06/2019,Delhi,Cochin,DEL → JAI → BOM → COK,09:40,12:35,26:55,2,No Info,13014,9,06,2019,09,40,12,35,26,55
IndiGo,27/03/2019,Delhi,Cochin,DEL → HYD → COK,06:40,16:10,9:30,1,No Info,6442,27,03,2019,06,40,16,10,9,30
Jet Airways,9/05/2019,Delhi,Cochin,DEL → BOM → COK,13:00,12:35,23:35,1,In-flight meal not included,12373,9,05,2019,13,00,12,35,23,35
Jet Airways,6/06/2019,Kolkata,Banglore,CCU → DEL → BLR,09:35,14:25,28:50,1,In-flight meal not included,10539,6,06,2019,09,35,14,25,28,50
Jet Airways,21/05/2019,Kolkata,Banglore,CCU → BOM → BLR,20:00,09:20,13:20,1,In-flight meal not included,10844,21,05,2019,20,00,09,20,13,20
Vistara,6/06/2019,Kolkata,Banglore,CCU → DEL → BLR,17:00,09:05,16:5,1,No Info,8452,6,06,2019,17,00,09,05,16,5
IndiGo,18/05/2019,Delhi,Cochin,DEL → HYD → COK,08:35,22:30,13:55,1,No Info,7144,18,05,2019,08,35,22,30,13,55
SpiceJet,09/03/2019,Banglore,New Delhi,BLR → DEL,20:30,23:20,2:50,0,No Info,5126,09,03,2019,20,30,23,20,2,50
Multiple carriers,12/06/2019,Delhi,Cochin,DEL → BOM → COK,19:00,01:30,6:30,1,No Info,6795,12,06,2019,19,00,01,30,6,30
Jet Airways,12/05/2019,Kolkata,Banglore,CCU → BOM → BLR,21:10,10:05,12:55,1,In-flight meal not included,8586,12,05,2019,21,10,10,05,12,55
SpiceJet,18/05/2019,Kolkata,Banglore,CCU → BLR,09:00,11:25,2:25,0,No check-in baggage included,4439,18,05,2019,09,00,11,25,2,25
SpiceJet,15/03/2019,Banglore,New Delhi,BLR → DEL,09:35,12:30,2:55,0,No check-in baggage included,6205,15,03,2019,09,35,12,30,2,55
IndiGo,6/05/2019,Banglore,Delhi,BLR → DEL,00:30,03:25,2:55,0,No Info,4284,6,05,2019,00,30,03,25,2,55
Jet Airways,6/06/2019,Kolkata,Banglore,CCU → BOM → BLR,16:30,23:35,7:5,1,No Info,14571,6,06,2019,16,30,23,35,7,5
Air Asia,6/04/2019,Kolkata,Banglore,CCU → BLR,19:55,22:25,2:30,0,No Info,3807,6,04,2019,19,55,22,25,2,30
SpiceJet,6/03/2019,Kolkata,Banglore,CCU → BLR,06:55,09:35,2:40,0,No Info,3850,6,03,2019,06,55,09,35,2,40
SpiceJet,18/05/2019,Kolkata,Banglore,CCU → KNU → BLR,11:35,18:50,7:15,1,No Info,8479,18,05,2019,11,35,18,50,7,15
Multiple carriers,18/05/2019,Delhi,Cochin,DEL → BOM → COK,09:00,21:00,12h,1,No Info,8073,18,05,2019,09,00,21,00,12h,
IndiGo,1/06/2019,Banglore,Delhi,BLR → DEL,13:00,15:50,2:50,0,No Info,3943,1,06,2019,13,00,15,50,2,50
IndiGo,9/05/2019,Chennai,Kolkata,MAA → CCU,11:35,14:00,2:25,0,No Info,4332,9,05,2019,11,35,14,00,2,25
SpiceJet,27/04/2019,Kolkata,Banglore,CCU → BLR,17:10,19:40,2:30,0,No Info,4174,27,04,2019,17,10,19,40,2,30
Air India,01/03/2019,Banglore,New Delhi,BLR → MAA → DEL,11:50,08:55,21:5,1,1 Long layover,14594,01,03,2019,11,50,08,55,21,5
Jet Airways,3/06/2019,Delhi,Cochin,DEL → IDR → BOM → COK,05:30,19:00,13:30,2,In-flight meal not included,11507,3,06,2019,05,30,19,00,13,30
Multiple carriers,15/06/2019,Delhi,Cochin,DEL → HYD → COK,07:10,22:30,15:20,1,In-flight meal not included,6093,15,06,2019,07,10,22,30,15,20
IndiGo,24/03/2019,Banglore,New Delhi,BLR → DEL,18:25,21:20,2:55,0,No Info,8033,24,03,2019,18,25,21,20,2,55
IndiGo,27/06/2019,Banglore,Delhi,BLR → DEL,16:55,19:55,3h,0,No Info,4823,27,06,2019,16,55,19,55,3h,
Jet Airways,3/06/2019,Delhi,Cochin,DEL → IDR → BOM → COK,21:25,12:35,15:10,2,No Info,13292,3,06,2019,21,25,12,35,15,10
Multiple carriers,15/06/2019,Delhi,Cochin,DEL → BOM → COK,11:40,19:15,7:35,1,No Info,9526,15,06,2019,11,40,19,15,7,35
SpiceJet,21/03/2019,Kolkata,Banglore,CCU → BLR,22:20,00:40,2:20,0,No check-in baggage included,3815,21,03,2019,22,20,00,40,2,20
IndiGo,27/06/2019,Chennai,Kolkata,MAA → CCU,13:15,15:35,2:20,0,No Info,3597,27,06,2019,13,15,15,35,2,20
Jet Airways,15/06/2019,Delhi,Cochin,DEL → NAG → BOM → COK,14:35,04:25,13:50,2,No Info,13376,15,06,2019,14,35,04,25,13,50
SpiceJet,9/05/2019,Mumbai,Hyderabad,BOM → HYD,05:45,07:15,1:30,0,No Info,2017,9,05,2019,05,45,07,15,1,30
Air India,24/03/2019,Kolkata,Banglore,CCU → BOM → COK → BLR,09:25,01:20,15:55,2,No Info,11853,24,03,2019,09,25,01,20,15,55
Jet Airways,12/06/2019,Delhi,Cochin,DEL → BOM → COK,13:00,19:00,6h,1,In-flight meal not included,10262,12,06,2019,13,00,19,00,6h,
SpiceJet,24/03/2019,Chennai,Kolkata,MAA → CCU,09:30,12:05,2:35,0,No Info,3859,24,03,2019,09,30,12,05,2,35
Air India,9/06/2019,Kolkata,Banglore,CCU → DEL → AMD → BLR,07:00,05:25,22:25,2,No Info,12744,9,06,2019,07,00,05,25,22,25
Multiple carriers,1/06/2019,Delhi,Cochin,DEL → IXU → BOM → COK,17:50,01:30,7:40,2,No Info,18485,1,06,2019,17,50,01,30,7,40
Air India,6/05/2019,Kolkata,Banglore,CCU → GAU → DEL → BLR,09:50,08:55,23:5,2,No Info,13227,6,05,2019,09,50,08,55,23,5
IndiGo,21/06/2019,Chennai,Kolkata,MAA → CCU,19:35,21:55,2:20,0,No Info,3597,21,06,2019,19,35,21,55,2,20
IndiGo,12/05/2019,Kolkata,Banglore,CCU → BLR,15:15,17:45,2:30,0,No Info,4804,12,05,2019,15,15,17,45,2,30
IndiGo,15/06/2019,Banglore,Delhi,BLR → DEL,06:05,08:50,2:45,0,No Info,4423,15,06,2019,06,05,08,50,2,45
Jet Airways,9/06/2019,Delhi,Cochin,DEL → BOM → COK,15:00,12:35,21:35,1,In-flight meal not included,10262,9,06,2019,15,00,12,35,21,35
SpiceJet,6/05/2019,Chennai,Kolkata,MAA → CCU,09:45,12:00,2:15,0,No check-in baggage included,3543,6,05,2019,09,45,12,00,2,15
IndiGo,12/04/2019,Kolkata,Banglore,CCU → BLR,21:25,00:05,2:40,0,No Info,4174,12,04,2019,21,25,00,05,2,40
SpiceJet,9/03/2019,Delhi,Cochin,DEL → BLR → COK,16:35,22:50,6:15,1,No Info,7084,9,03,2019,16,35,22,50,6,15
Air India,15/05/2019,Kolkata,Banglore,CCU → GAU → DEL → BLR,09:50,08:55,23:5,2,No Info,14960,15,05,2019,09,50,08,55,23,5
Jet Airways,24/03/2019,Kolkata,Banglore,CCU → BOM → BLR,06:30,16:20,9:50,1,No Info,13339,24,03,2019,06,30,16,20,9,50
Jet Airways,12/04/2019,Banglore,Delhi,BLR → DEL,08:20,11:20,3h,0,No Info,7229,12,04,2019,08,20,11,20,3h,
IndiGo,18/05/2019,Delhi,Cochin,DEL → HYD → COK,05:05,16:10,11:5,1,No Info,6818,18,05,2019,05,05,16,10,11,5
Jet Airways,6/06/2019,Delhi,Cochin,DEL → NAG → BOM → COK,06:45,04:25,21:40,2,No Info,13376,6,06,2019,06,45,04,25,21,40
IndiGo,9/06/2019,Delhi,Cochin,DEL → BOM → COK,15:00,01:30,10:30,1,No Info,6316,9,06,2019,15,00,01,30,10,30
Air India,18/06/2019,Delhi,Cochin,DEL → COK,18:05,21:10,3:5,0,No Info,5201,18,06,2019,18,05,21,10,3,5
IndiGo,18/05/2019,Delhi,Cochin,DEL → PNQ → COK,23:30,04:35,5:5,1,No Info,10958,18,05,2019,23,30,04,35,5,5
IndiGo,21/06/2019,Chennai,Kolkata,MAA → CCU,11:35,14:00,2:25,0,No Info,3858,21,06,2019,11,35,14,00,2,25
Jet Airways,9/06/2019,Delhi,Cochin,DEL → BOM → COK,13:00,19:00,6h,1,In-flight meal not included,10262,9,06,2019,13,00,19,00,6h,
Air India,24/05/2019,Kolkata,Banglore,CCU → BBI → BLR,09:10,13:15,4:5,1,No Info,8996,24,05,2019,09,10,13,15,4,5
Jet Airways,27/03/2019,Delhi,Cochin,DEL → MAA → BOM → COK,05:10,19:45,38:35,2,In-flight meal not included,8098,27,03,2019,05,10,19,45,38,35
SpiceJet,1/05/2019,Chennai,Kolkata,MAA → CCU,08:20,10:35,2:15,0,No check-in baggage included,3543,1,05,2019,08,20,10,35,2,15
Multiple carriers,24/05/2019,Delhi,Cochin,DEL → BOM → COK,07:30,19:00,11:30,1,No Info,10529,24,05,2019,07,30,19,00,11,30
Jet Airways,21/03/2019,Delhi,Cochin,DEL → BOM → COK,02:15,18:50,16:35,1,In-flight meal not included,7438,21,03,2019,02,15,18,50,16,35
Jet Airways,9/05/2019,Delhi,Cochin,DEL → BOM → COK,14:00,04:25,14:25,1,In-flight meal not included,12373,9,05,2019,14,00,04,25,14,25
IndiGo,27/05/2019,Banglore,Delhi,BLR → DEL,07:10,10:05,2:55,0,No Info,4823,27,05,2019,07,10,10,05,2,55
Jet Airways,21/06/2019,Banglore,Delhi,BLR → DEL,08:20,11:20,3h,0,In-flight meal not included,5769,21,06,2019,08,20,11,20,3h,
Multiple carriers,21/03/2019,Delhi,Cochin,DEL → BOM → COK,07:00,13:20,6:20,1,No Info,9042,21,03,2019,07,00,13,20,6,20
Air India,6/04/2019,Delhi,Cochin,DEL → MAA → COK,17:20,09:25,16:5,1,No Info,4697,6,04,2019,17,20,09,25,16,5
Jet Airways,9/05/2019,Kolkata,Banglore,CCU → BOM → BLR,14:05,19:50,5:45,1,In-flight meal not included,10844,9,05,2019,14,05,19,50,5,45
Air Asia,9/06/2019,Banglore,Delhi,BLR → DEL,04:55,07:45,2:50,0,No Info,8420,9,06,2019,04,55,07,45,2,50
Multiple carriers,6/03/2019,Delhi,Cochin,DEL → HYD → COK,07:10,16:10,9h,1,In-flight meal not included,7563,6,03,2019,07,10,16,10,9h,
Air India,15/05/2019,Delhi,Cochin,DEL → MAA → COK,20:40,09:25,12:45,1,No Info,7480,15,05,2019,20,40,09,25,12,45
Jet Airways,6/05/2019,Banglore,Delhi,BLR → DEL,11:10,14:05,2:55,0,In-flight meal not included,4030,6,05,2019,11,10,14,05,2,55
Multiple carriers,12/06/2019,Delhi,Cochin,DEL → HYD → COK,07:10,22:30,15:20,1,No Info,6513,12,06,2019,07,10,22,30,15,20
Jet Airways,9/06/2019,Kolkata,Banglore,CCU → GAU → BLR,10:20,17:35,7:15,1,No Info,8355,9,06,2019,10,20,17,35,7,15
Multiple carriers,21/05/2019,Delhi,Cochin,DEL → IDR → BOM → COK,15:05,01:30,10:25,2,No Info,16655,21,05,2019,15,05,01,30,10,25
Jet Airways,18/05/2019,Kolkata,Banglore,CCU → BOM → BLR,05:45,18:15,12:30,1,In-flight meal not included,10844,18,05,2019,05,45,18,15,12,30
SpiceJet,21/06/2019,Kolkata,Banglore,CCU → BLR,17:10,19:40,2:30,0,No Info,3873,21,06,2019,17,10,19,40,2,30
IndiGo,9/06/2019,Kolkata,Banglore,CCU → BLR,15:15,17:45,2:30,0,No Info,5224,9,06,2019,15,15,17,45,2,30
Jet Airways,15/05/2019,Kolkata,Banglore,CCU → BOM → BLR,16:30,12:00,19:30,1,In-flight meal not included,10844,15,05,2019,16,30,12,00,19,30
IndiGo,3/03/2019,Kolkata,Banglore,CCU → BLR,05:30,08:20,2:50,0,No Info,4778,3,03,2019,05,30,08,20,2,50
Jet Airways,9/03/2019,Delhi,Cochin,DEL → BOM → COK,20:50,18:50,22h,1,No Info,16289,9,03,2019,20,50,18,50,22h,
Air India,18/03/2019,Delhi,Cochin,DEL → COK,05:10,08:00,2:50,0,No Info,5674,18,03,2019,05,10,08,00,2,50
Air India,12/03/2019,Mumbai,Hyderabad,BOM → BHO → DEL → HYD,06:00,11:55,29:55,2,No Info,12854,12,03,2019,06,00,11,55,29,55
Air India,09/03/2019,Banglore,New Delhi,BLR → COK → DEL,22:00,11:05,13:5,1,No Info,8425,09,03,2019,22,00,11,05,13,5
Jet Airways,21/03/2019,Delhi,Cochin,DEL → JAI → BOM → COK,05:30,18:50,37:20,2,In-flight meal not included,9328,21,03,2019,05,30,18,50,37,20
Multiple carriers,3/03/2019,Delhi,Cochin,DEL → BOM → COK,02:15,15:30,13:15,1,No Info,17057,3,03,2019,02,15,15,30,13,15
Jet Airways,3/05/2019,Banglore,Delhi,BLR → DEL,19:50,22:50,3h,0,No Info,7229,3,05,2019,19,50,22,50,3h,
IndiGo,3/03/2019,Delhi,Cochin,DEL → BOM → COK,11:30,21:00,9:30,1,No Info,14871,3,03,2019,11,30,21,00,9,30
Jet Airways,27/06/2019,Delhi,Cochin,DEL → ATQ → BOM → COK,12:15,19:00,30:45,2,No Info,14300,27,06,2019,12,15,19,00,30,45
Jet Airways,12/06/2019,Kolkata,Banglore,CCU → BOM → BLR,21:10,09:20,12:10,1,In-flight meal not included,8529,12,06,2019,21,10,09,20,12,10
Multiple carriers,9/06/2019,Delhi,Cochin,DEL → BOM → COK,04:55,19:00,14:5,1,No Info,10877,9,06,2019,04,55,19,00,14,5
IndiGo,21/05/2019,Kolkata,Banglore,CCU → MAA → BLR,17:35,22:15,4:40,1,No Info,5386,21,05,2019,17,35,22,15,4,40
Multiple carriers,27/03/2019,Delhi,Cochin,DEL → BOM → COK,10:45,18:50,8:5,1,No Info,11622,27,03,2019,10,45,18,50,8,5
Multiple carriers,27/05/2019,Delhi,Cochin,DEL → BOM → COK,03:50,19:00,15:10,1,No Info,10197,27,05,2019,03,50,19,00,15,10
Air Asia,21/05/2019,Delhi,Cochin,DEL → BLR → COK,16:45,22:30,5:45,1,No Info,8028,21,05,2019,16,45,22,30,5,45
IndiGo,1/06/2019,Mumbai,Hyderabad,BOM → HYD,12:00,13:30,1:30,0,No Info,2754,1,06,2019,12,00,13,30,1,30
Air India,03/03/2019,Banglore,New Delhi,BLR → HYD → DEL,08:15,21:25,13:10,1,No Info,6781,03,03,2019,08,15,21,25,13,10
SpiceJet,21/05/2019,Kolkata,Banglore,CCU → BLR,17:10,19:40,2:30,0,No check-in baggage included,3841,21,05,2019,17,10,19,40,2,30
Multiple carriers,6/06/2019,Delhi,Cochin,DEL → BOM → COK,10:20,19:15,8:55,1,No Info,8266,6,06,2019,10,20,19,15,8,55
IndiGo,24/03/2019,Banglore,New Delhi,BLR → DEL,07:10,10:05,2:55,0,No Info,6144,24,03,2019,07,10,10,05,2,55
Jet Airways,24/04/2019,Banglore,Delhi,BLR → DEL,11:10,14:05,2:55,0,In-flight meal not included,4544,24,04,2019,11,10,14,05,2,55
Jet Airways,3/06/2019,Delhi,Cochin,DEL → BHO → BOM → COK,05:30,12:35,7:5,2,No Info,14441,3,06,2019,05,30,12,35,7,5
Air India,12/06/2019,Mumbai,Hyderabad,BOM → HYD,21:05,22:25,1:20,0,No Info,3100,12,06,2019,21,05,22,25,1,20
Jet Airways,18/05/2019,Kolkata,Banglore,CCU → DEL → BLR,20:25,14:25,18h,1,No Info,13067,18,05,2019,20,25,14,25,18h,
Jet Airways,12/06/2019,Kolkata,Banglore,CCU → BOM → BLR,18:55,23:35,28:40,1,In-flight meal not included,8529,12,06,2019,18,55,23,35,28,40
IndiGo,15/05/2019,Delhi,Cochin,DEL → HYD → COK,08:35,16:10,7:35,1,No Info,6442,15,05,2019,08,35,16,10,7,35
Multiple carriers,27/06/2019,Delhi,Cochin,DEL → BOM → COK,10:20,21:00,10:40,1,No Info,6480,27,06,2019,10,20,21,00,10,40
Air India,03/03/2019,Banglore,New Delhi,BLR → VGA → DEL,10:30,11:20,24:50,1,No Info,11003,03,03,2019,10,30,11,20,24,50
Vistara,12/06/2019,Banglore,Delhi,BLR → DEL,21:00,23:50,2:50,0,No Info,4668,12,06,2019,21,00,23,50,2,50
Jet Airways,9/05/2019,Kolkata,Banglore,CCU → BOM → BLR,06:30,04:40,22:10,1,No Info,13941,9,05,2019,06,30,04,40,22,10
Vistara,12/05/2019,Kolkata,Banglore,CCU → DEL → BLR,07:10,18:50,11:40,1,No Info,8820,12,05,2019,07,10,18,50,11,40
Air India,9/03/2019,Delhi,Cochin,DEL → BLR → COK,17:45,23:00,5:15,1,No Info,9064,9,03,2019,17,45,23,00,5,15
Jet Airways,6/06/2019,Kolkata,Banglore,CCU → BOM → BLR,08:25,19:50,11:25,1,In-flight meal not included,10844,6,06,2019,08,25,19,50,11,25
Jet Airways,18/05/2019,Delhi,Cochin,DEL → JAI → BOM → COK,05:30,19:00,13:30,2,No Info,15129,18,05,2019,05,30,19,00,13,30
Multiple carriers,9/05/2019,Delhi,Cochin,DEL → HYD → COK,07:10,16:10,9h,1,No Info,6513,9,05,2019,07,10,16,10,9h,
Jet Airways,9/06/2019,Kolkata,Banglore,CCU → DEL → BLR,17:00,23:35,6:35,1,No Info,14676,9,06,2019,17,00,23,35,6,35
IndiGo,18/05/2019,Banglore,Delhi,BLR → DEL,07:10,10:05,2:55,0,No Info,4823,18,05,2019,07,10,10,05,2,55
IndiGo,12/04/2019,Kolkata,Banglore,CCU → BLR,15:15,17:45,2:30,0,No Info,4174,12,04,2019,15,15,17,45,2,30
Jet Airways,9/03/2019,Delhi,Cochin,DEL → DED → BOM → COK,15:55,04:25,12:30,2,No Info,19172,9,03,2019,15,55,04,25,12,30
SpiceJet,12/04/2019,Banglore,Delhi,BLR → DEL,05:55,08:35,2:40,0,No Info,4423,12,04,2019,05,55,08,35,2,40
SpiceJet,12/06/2019,Kolkata,Banglore,CCU → BLR,06:55,09:30,2:35,0,No Info,3873,12,06,2019,06,55,09,30,2,35
IndiGo,3/06/2019,Delhi,Cochin,DEL → LKO → COK,21:50,03:35,5:45,1,No Info,7189,3,06,2019,21,50,03,35,5,45
Jet Airways,6/06/2019,Kolkata,Banglore,CCU → BOM → BLR,06:30,04:40,22:10,1,No Info,13731,6,06,2019,06,30,04,40,22,10
Jet Airways,12/05/2019,Kolkata,Banglore,CCU → DEL → BLR,09:35,10:55,25:20,1,No Info,14151,12,05,2019,09,35,10,55,25,20
Air India,21/05/2019,Chennai,Kolkata,MAA → CCU,11:40,13:55,2:15,0,No Info,4667,21,05,2019,11,40,13,55,2,15
Jet Airways,21/03/2019,Delhi,Cochin,DEL → AMD → BOM → COK,19:10,04:25,33:15,2,In-flight meal not included,8834,21,03,2019,19,10,04,25,33,15
Jet Airways,1/05/2019,Kolkata,Banglore,CCU → DEL → BLR,20:25,19:10,22:45,1,No Info,11467,1,05,2019,20,25,19,10,22,45
Vistara,6/03/2019,Mumbai,Hyderabad,BOM → DEL → HYD,08:45,16:45,8h,1,No Info,12395,6,03,2019,08,45,16,45,8h,
Multiple carriers,21/05/2019,Delhi,Cochin,DEL → HYD → COK,17:15,00:55,7:40,1,No Info,7858,21,05,2019,17,15,00,55,7,40
IndiGo,24/05/2019,Kolkata,Banglore,CCU → BLR,20:20,22:55,2:35,0,No Info,4804,24,05,2019,20,20,22,55,2,35
Jet Airways,9/06/2019,Kolkata,Banglore,CCU → DEL → BLR,20:25,09:45,13:20,1,In-flight meal not included,13469,9,06,2019,20,25,09,45,13,20
IndiGo,6/03/2019,Delhi,Cochin,DEL → COK,14:30,17:35,3:5,0,No Info,7673,6,03,2019,14,30,17,35,3,5
Jet Airways,9/06/2019,Kolkata,Banglore,CCU → DEL → BLR,17:00,18:00,25h,1,No Info,14151,9,06,2019,17,00,18,00,25h,
Jet Airways,24/06/2019,Delhi,Cochin,DEL → BOM → COK,15:00,12:35,21:35,1,In-flight meal not included,10262,24,06,2019,15,00,12,35,21,35
Jet Airways,24/06/2019,Delhi,Cochin,DEL → JAI → BOM → COK,09:40,12:35,26:55,2,No Info,13014,24,06,2019,09,40,12,35,26,55
Jet Airways,9/05/2019,Delhi,Cochin,DEL → BOM → COK,13:00,19:00,6h,1,In-flight meal not included,12373,9,05,2019,13,00,19,00,6h,
Jet Airways,18/05/2019,Delhi,Cochin,DEL → BOM → COK,10:00,19:00,9h,1,In-flight meal not included,11399,18,05,2019,10,00,19,00,9h,
SpiceJet,6/05/2019,Banglore,Delhi,BLR → DEL,09:30,12:20,2:50,0,No Info,3971,6,05,2019,09,30,12,20,2,50
Multiple carriers,27/06/2019,Delhi,Cochin,DEL → BOM → COK,06:00,21:00,15h,1,In-flight meal not included,6007,27,06,2019,06,00,21,00,15h,
Air India,15/03/2019,Banglore,New Delhi,BLR → VGA → DEL,10:30,22:55,12:25,1,No Info,6383,15,03,2019,10,30,22,55,12,25
IndiGo,12/05/2019,Banglore,Delhi,BLR → DEL,08:30,11:20,2:50,0,No Info,5740,12,05,2019,08,30,11,20,2,50
SpiceJet,15/06/2019,Mumbai,Hyderabad,BOM → HYD,13:15,14:45,1:30,0,No check-in baggage included,1965,15,06,2019,13,15,14,45,1,30
Multiple carriers,21/03/2019,Delhi,Cochin,DEL → HYD → MAA → COK,07:10,21:20,14:10,2,In-flight meal not included,5935,21,03,2019,07,10,21,20,14,10
IndiGo,6/04/2019,Kolkata,Banglore,CCU → BLR,09:35,12:20,2:45,0,No Info,4174,6,04,2019,09,35,12,20,2,45
IndiGo,21/03/2019,Delhi,Cochin,DEL → BOM → COK,04:45,13:20,8:35,1,No Info,7738,21,03,2019,04,45,13,20,8,35
Air India,24/05/2019,Delhi,Cochin,DEL → GOI → BOM → COK,22:00,19:15,21:15,2,No Info,10441,24,05,2019,22,00,19,15,21,15
Air India,15/03/2019,Mumbai,Hyderabad,BOM → HYD,21:05,22:25,1:20,0,No Info,3100,15,03,2019,21,05,22,25,1,20
Jet Airways,6/06/2019,Delhi,Cochin,DEL → BOM → COK,17:30,19:00,25:30,1,No Info,14714,6,06,2019,17,30,19,00,25,30
Vistara,9/06/2019,Kolkata,Banglore,CCU → DEL → BLR,17:00,18:50,25:50,1,No Info,9135,9,06,2019,17,00,18,50,25,50
Air India,1/04/2019,Kolkata,Banglore,CCU → BOM → BLR,16:50,18:30,25:40,1,No Info,7893,1,04,2019,16,50,18,30,25,40
Jet Airways,6/05/2019,Kolkata,Banglore,CCU → DEL → BLR,17:00,23:35,6:35,1,No Info,12121,6,05,2019,17,00,23,35,6,35
Air India,9/06/2019,Delhi,Cochin,DEL → COK,14:10,17:10,3h,0,No Info,6094,9,06,2019,14,10,17,10,3h,
IndiGo,9/06/2019,Banglore,Delhi,BLR → DEL,10:10,13:00,2:50,0,No Info,4423,9,06,2019,10,10,13,00,2,50
Jet Airways,21/03/2019,Banglore,New Delhi,BLR → BOM → DEL,20:35,07:40,11:5,1,In-flight meal not included,7832,21,03,2019,20,35,07,40,11,5
Vistara,3/04/2019,Banglore,Delhi,BLR → DEL,11:30,14:20,2:50,0,No Info,5403,3,04,2019,11,30,14,20,2,50
SpiceJet,1/04/2019,Kolkata,Banglore,CCU → BLR,09:00,11:25,2:25,0,No check-in baggage included,3841,1,04,2019,09,00,11,25,2,25
Jet Airways,21/03/2019,Delhi,Cochin,DEL → BDQ → BOM → COK,10:45,04:25,17:40,2,No Info,11093,21,03,2019,10,45,04,25,17,40
Jet Airways,24/04/2019,Banglore,Delhi,BLR → DEL,19:50,22:50,3h,0,No Info,7229,24,04,2019,19,50,22,50,3h,
IndiGo,27/05/2019,Banglore,Delhi,BLR → DEL,16:55,19:55,3h,0,No Info,4823,27,05,2019,16,55,19,55,3h,
Jet Airways,1/05/2019,Kolkata,Banglore,CCU → DEL → BLR,09:35,19:10,9:35,1,No Info,11467,1,05,2019,09,35,19,10,9,35
IndiGo,1/05/2019,Kolkata,Banglore,CCU → BBI → BLR,07:10,12:40,5:30,1,No Info,6111,1,05,2019,07,10,12,40,5,30
Jet Airways,9/05/2019,Kolkata,Banglore,CCU → DEL → BLR,17:00,10:55,17:55,1,In-flight meal not included,8066,9,05,2019,17,00,10,55,17,55
IndiGo,27/03/2019,Delhi,Cochin,DEL → BOM → COK,04:45,21:00,16:15,1,No Info,7258,27,03,2019,04,45,21,00,16,15
Air India,27/03/2019,Delhi,Cochin,DEL → COK,05:10,08:00,2:50,0,No Info,4729,27,03,2019,05,10,08,00,2,50
Multiple carriers,6/03/2019,Delhi,Cochin,DEL → BOM → COK,09:10,18:50,9:40,1,No Info,15135,6,03,2019,09,10,18,50,9,40
Air India,24/05/2019,Kolkata,Banglore,CCU → BOM → COK → BLR,09:25,01:20,15:55,2,No Info,12718,24,05,2019,09,25,01,20,15,55
Jet Airways,18/06/2019,Mumbai,Hyderabad,BOM → HYD,02:55,04:20,1:25,0,No Info,5678,18,06,2019,02,55,04,20,1,25
IndiGo,24/06/2019,Delhi,Cochin,DEL → HYD → COK,06:50,12:10,5:20,1,No Info,5298,24,06,2019,06,50,12,10,5,20
Jet Airways,06/03/2019,Banglore,New Delhi,BLR → BOM → DEL,11:40,00:45,13:5,1,No Info,14815,06,03,2019,11,40,00,45,13,5
Jet Airways,24/06/2019,Delhi,Cochin,DEL → JAI → BOM → COK,05:30,04:25,22:55,2,No Info,13014,24,06,2019,05,30,04,25,22,55
SpiceJet,18/05/2019,Kolkata,Banglore,CCU → BLR,09:00,11:25,2:25,0,No Info,4491,18,05,2019,09,00,11,25,2,25
Multiple carriers,27/03/2019,Delhi,Cochin,DEL → BOM → COK,10:20,18:50,8:30,1,No Info,11421,27,03,2019,10,20,18,50,8,30
Jet Airways,18/03/2019,Banglore,New Delhi,BLR → BOM → DEL,08:00,07:40,23:40,1,No Info,12284,18,03,2019,08,00,07,40,23,40
Jet Airways,12/05/2019,Banglore,Delhi,BLR → DEL,06:00,08:45,2:45,0,No Info,7229,12,05,2019,06,00,08,45,2,45
IndiGo,15/04/2019,Banglore,Delhi,BLR → DEL,07:10,10:05,2:55,0,No Info,4823,15,04,2019,07,10,10,05,2,55
Jet Airways,27/06/2019,Delhi,Cochin,DEL → BOM → COK,20:55,04:25,7:30,1,In-flight meal not included,12898,27,06,2019,20,55,04,25,7,30
Multiple carriers,27/06/2019,Delhi,Cochin,DEL → BOM → COK,07:05,21:00,13:55,1,No Info,13587,27,06,2019,07,05,21,00,13,55
Jet Airways,18/05/2019,Delhi,Cochin,DEL → BOM → COK,09:00,04:25,19:25,1,In-flight meal not included,12373,18,05,2019,09,00,04,25,19,25
Multiple carriers,21/03/2019,Delhi,Cochin,DEL → HYD → COK,07:10,22:20,15:10,1,In-flight meal not included,5999,21,03,2019,07,10,22,20,15,10
Air India,18/05/2019,Kolkata,Banglore,CCU → JAI → BOM → BLR,08:20,18:30,10:10,2,No Info,10907,18,05,2019,08,20,18,30,10,10
Jet Airways,6/06/2019,Kolkata,Banglore,CCU → DEL → BLR,09:35,21:05,11:30,1,No Info,14151,6,06,2019,09,35,21,05,11,30
IndiGo,12/05/2019,Banglore,Delhi,BLR → DEL,23:30,02:20,2:50,0,No Info,4591,12,05,2019,23,30,02,20,2,50
Jet Airways,06/03/2019,Banglore,New Delhi,BLR → BOM → DEL,14:05,20:20,6:15,1,No Info,19225,06,03,2019,14,05,20,20,6,15
Jet Airways,6/05/2019,Kolkata,Banglore,CCU → BOM → BLR,14:05,12:00,21:55,1,In-flight meal not included,9663,6,05,2019,14,05,12,00,21,55
Jet Airways,1/05/2019,Kolkata,Banglore,CCU → BOM → BLR,06:30,18:15,11:45,1,In-flight meal not included,10844,1,05,2019,06,30,18,15,11,45
Multiple carriers,9/05/2019,Delhi,Cochin,DEL → BOM → COK,13:00,21:00,8h,1,No Info,13727,9,05,2019,13,00,21,00,8h,
Jet Airways,18/05/2019,Kolkata,Banglore,CCU → DEL → BLR,09:35,21:05,11:30,1,No Info,14151,18,05,2019,09,35,21,05,11,30
Jet Airways,27/06/2019,Delhi,Cochin,DEL → BOM → COK,18:15,12:35,18:20,1,In-flight meal not included,10262,27,06,2019,18,15,12,35,18,20
SpiceJet,12/06/2019,Kolkata,Banglore,CCU → BLR,09:00,11:25,2:25,0,No Info,3873,12,06,2019,09,00,11,25,2,25
Jet Airways,24/06/2019,Delhi,Cochin,DEL → JAI → BOM → COK,19:30,04:25,8:55,2,No Info,13014,24,06,2019,19,30,04,25,8,55
Air India,21/06/2019,Kolkata,Banglore,CCU → BLR,14:15,16:45,2:30,0,No Info,5510,21,06,2019,14,15,16,45,2,30
Jet Airways,9/03/2019,Delhi,Cochin,DEL → BDQ → BOM → COK,10:45,04:25,17:40,2,No Info,17282,9,03,2019,10,45,04,25,17,40
Multiple carriers,27/03/2019,Delhi,Cochin,DEL → HYD → MAA → COK,09:45,21:20,11:35,2,No Info,6653,27,03,2019,09,45,21,20,11,35
IndiGo,3/03/2019,Delhi,Cochin,DEL → MAA → COK,09:55,15:10,5:15,1,No Info,12214,3,03,2019,09,55,15,10,5,15
Air India,1/05/2019,Mumbai,Hyderabad,BOM → HYD,13:55,15:25,1:30,0,No Info,3625,1,05,2019,13,55,15,25,1,30
IndiGo,03/03/2019,Banglore,New Delhi,BLR → DEL,08:30,11:30,3h,0,No Info,6860,03,03,2019,08,30,11,30,3h,
GoAir,24/06/2019,Delhi,Cochin,DEL → BOM → COK,10:35,19:35,9h,1,No Info,3876,24,06,2019,10,35,19,35,9h,
Vistara,27/04/2019,Banglore,Delhi,BLR → DEL,19:30,22:15,2:45,0,No Info,5613,27,04,2019,19,30,22,15,2,45
Air India,27/03/2019,Delhi,Cochin,DEL → NAG → BOM → COK,05:55,07:40,25:45,2,No Info,8971,27,03,2019,05,55,07,40,25,45
Jet Airways,21/05/2019,Banglore,Delhi,BLR → DEL,19:50,22:50,3h,0,In-flight meal not included,4030,21,05,2019,19,50,22,50,3h,
IndiGo,27/03/2019,Delhi,Cochin,DEL → BOM → COK,15:00,01:35,10:35,1,No Info,8075,27,03,2019,15,00,01,35,10,35
Multiple carriers,15/06/2019,Delhi,Cochin,DEL → BOM → COK,06:00,21:00,15h,1,No Info,7005,15,06,2019,06,00,21,00,15h,
IndiGo,6/03/2019,Kolkata,Banglore,CCU → BLR,22:10,00:55,2:45,0,No Info,4778,6,03,2019,22,10,00,55,2,45
Vistara,9/05/2019,Chennai,Kolkata,MAA → CCU,07:05,09:20,2:15,0,No Info,3687,9,05,2019,07,05,09,20,2,15
Jet Airways,9/06/2019,Delhi,Cochin,DEL → BOM → COK,11:30,04:25,16:55,1,In-flight meal not included,10262,9,06,2019,11,30,04,25,16,55
Air India,3/03/2019,Delhi,Cochin,DEL → BHO → BOM → COK,05:55,07:40,25:45,2,No Info,15113,3,03,2019,05,55,07,40,25,45
IndiGo,6/05/2019,Delhi,Cochin,DEL → BOM → COK,10:35,01:30,14:55,1,No Info,6979,6,05,2019,10,35,01,30,14,55
Multiple carriers,21/03/2019,Delhi,Cochin,DEL → HYD → COK,07:05,16:10,9:5,1,No Info,6717,21,03,2019,07,05,16,10,9,5
Jet Airways,06/03/2019,Banglore,New Delhi,BLR → BOM → DEL,08:55,23:00,14:5,1,No Info,16736,06,03,2019,08,55,23,00,14,5
Air India,15/03/2019,Banglore,New Delhi,BLR → MAA → DEL,11:50,19:50,8h,1,No Info,7192,15,03,2019,11,50,19,50,8h,
IndiGo,15/04/2019,Kolkata,Banglore,CCU → MAA → BLR,06:20,10:30,4:10,1,No Info,4226,15,04,2019,06,20,10,30,4,10
Multiple carriers,21/05/2019,Delhi,Cochin,DEL → BOM → COK,08:30,19:00,10:30,1,No Info,9627,21,05,2019,08,30,19,00,10,30
Jet Airways,3/04/2019,Delhi,Cochin,DEL → BOM → COK,02:15,19:00,16:45,1,In-flight meal not included,4757,3,04,2019,02,15,19,00,16,45
Jet Airways,24/05/2019,Kolkata,Banglore,CCU → BOM → BLR,14:05,22:35,8:30,1,No Info,14571,24,05,2019,14,05,22,35,8,30
Air Asia,1/04/2019,Kolkata,Banglore,CCU → BBI → BLR,06:50,10:30,3:40,1,No Info,5162,1,04,2019,06,50,10,30,3,40
Jet Airways,18/05/2019,Kolkata,Banglore,CCU → BOM → BLR,16:30,16:20,23:50,1,In-flight meal not included,10844,18,05,2019,16,30,16,20,23,50
SpiceJet,21/03/2019,Kolkata,Banglore,CCU → BLR,09:00,11:30,2:30,0,No check-in baggage included,3815,21,03,2019,09,00,11,30,2,30
Jet Airways,06/03/2019,Banglore,New Delhi,BLR → BOM → DEL,11:40,09:30,21:50,1,No Info,17261,06,03,2019,11,40,09,30,21,50
Jet Airways,06/03/2019,Banglore,New Delhi,BLR → BOM → DEL,21:25,07:40,10:15,1,No Info,16736,06,03,2019,21,25,07,40,10,15
SpiceJet,21/06/2019,Kolkata,Banglore,CCU → BLR,09:00,11:25,2:25,0,No check-in baggage included,3841,21,06,2019,09,00,11,25,2,25
Jet Airways,24/05/2019,Kolkata,Banglore,CCU → BOM → BLR,14:05,20:45,6:40,1,In-flight meal not included,10844,24,05,2019,14,05,20,45,6,40
IndiGo,21/03/2019,Delhi,Cochin,DEL → BOM → COK,10:45,21:00,10:15,1,No Info,6838,21,03,2019,10,45,21,00,10,15
Air India,12/05/2019,Kolkata,Banglore,CCU → BBI → BLR,12:00,13:15,25:15,1,No Info,6612,12,05,2019,12,00,13,15,25,15
Air India,09/03/2019,Banglore,New Delhi,BLR → DEL,13:20,16:10,2:50,0,No Info,8851,09,03,2019,13,20,16,10,2,50
Vistara,6/03/2019,Mumbai,Hyderabad,BOM → DEL → HYD,08:45,19:55,11:10,1,No Info,12395,6,03,2019,08,45,19,55,11,10
Air Asia,24/06/2019,Banglore,Delhi,BLR → DEL,04:55,07:45,2:50,0,No Info,4282,24,06,2019,04,55,07,45,2,50
Jet Airways,21/05/2019,Kolkata,Banglore,CCU → BOM → BLR,20:00,09:20,13:20,1,No Info,14781,21,05,2019,20,00,09,20,13,20
Multiple carriers,12/06/2019,Delhi,Cochin,DEL → HYD → COK,09:45,22:30,12:45,1,No Info,9646,12,06,2019,09,45,22,30,12,45
IndiGo,27/05/2019,Delhi,Cochin,DEL → BOM → COK,15:00,01:30,10:30,1,No Info,6628,27,05,2019,15,00,01,30,10,30
Vistara,18/06/2019,Banglore,Delhi,BLR → DEL,07:00,09:40,2:40,0,No Info,4668,18,06,2019,07,00,09,40,2,40
Multiple carriers,6/03/2019,Delhi,Cochin,DEL → BOM → COK,18:00,01:35,7:35,1,No Info,16863,6,03,2019,18,00,01,35,7,35
Multiple carriers,9/06/2019,Delhi,Cochin,DEL → BOM → COK,07:00,19:00,12h,1,No Info,12192,9,06,2019,07,00,19,00,12h,
Jet Airways,21/03/2019,Delhi,Cochin,DEL → BOM → COK,02:15,04:25,26:10,1,No Info,12719,21,03,2019,02,15,04,25,26,10
Jet Airways,21/05/2019,Delhi,Cochin,DEL → BOM → COK,21:50,12:35,14:45,1,In-flight meal not included,12898,21,05,2019,21,50,12,35,14,45
Jet Airways,3/06/2019,Delhi,Cochin,DEL → BOM → COK,19:45,19:00,23:15,1,In-flight meal not included,10262,3,06,2019,19,45,19,00,23,15
SpiceJet,24/05/2019,Kolkata,Banglore,CCU → IXB → BLR,15:55,21:25,5:30,1,No Info,7804,24,05,2019,15,55,21,25,5,30
IndiGo,18/04/2019,Kolkata,Banglore,CCU → BLR,04:40,07:15,2:35,0,No Info,4174,18,04,2019,04,40,07,15,2,35
IndiGo,27/06/2019,Mumbai,Hyderabad,BOM → HYD,20:05,21:40,1:35,0,No Info,2227,27,06,2019,20,05,21,40,1,35
Jet Airways,18/03/2019,Banglore,New Delhi,BLR → BOM → DEL,22:50,09:00,10:10,1,In-flight meal not included,11087,18,03,2019,22,50,09,00,10,10
Multiple carriers,21/03/2019,Delhi,Cochin,DEL → BOM → COK,08:00,18:50,10:50,1,No Info,11667,21,03,2019,08,00,18,50,10,50
Air India,6/03/2019,Delhi,Cochin,DEL → COK,18:05,21:10,3:5,0,No Info,7931,6,03,2019,18,05,21,10,3,5
IndiGo,12/06/2019,Chennai,Kolkata,MAA → CCU,22:05,00:25,2:20,0,No Info,5277,12,06,2019,22,05,00,25,2,20
Jet Airways,12/06/2019,Kolkata,Banglore,CCU → BOM → BLR,06:30,18:15,11:45,1,No Info,13626,12,06,2019,06,30,18,15,11,45
Jet Airways,18/05/2019,Delhi,Cochin,DEL → BOM → COK,18:15,04:25,10:10,1,In-flight meal not included,12373,18,05,2019,18,15,04,25,10,10
Jet Airways,24/03/2019,Kolkata,Banglore,CCU → BOM → BLR,06:30,18:10,11:40,1,In-flight meal not included,10031,24,03,2019,06,30,18,10,11,40
Jet Airways,12/05/2019,Kolkata,Banglore,CCU → BOM → BLR,16:30,20:45,28:15,1,In-flight meal not included,10844,12,05,2019,16,30,20,45,28,15
GoAir,9/05/2019,Delhi,Cochin,DEL → BOM → COK,10:35,19:35,9h,1,No Info,6591,9,05,2019,10,35,19,35,9h,
Jet Airways,1/04/2019,Delhi,Cochin,DEL → BOM → COK,18:15,19:00,24:45,1,In-flight meal not included,5406,1,04,2019,18,15,19,00,24,45
Jet Airways,15/05/2019,Kolkata,Banglore,CCU → BOM → BLR,21:10,16:20,19:10,1,In-flight meal not included,10844,15,05,2019,21,10,16,20,19,10
SpiceJet,27/05/2019,Mumbai,Hyderabad,BOM → HYD,22:45,00:15,1:30,0,No Info,2017,27,05,2019,22,45,00,15,1,30
Jet Airways,9/05/2019,Delhi,Cochin,DEL → BOM → COK,10:00,12:35,26:35,1,In-flight meal not included,12373,9,05,2019,10,00,12,35,26,35
Air India,6/06/2019,Delhi,Cochin,DEL → BOM → COK,07:00,19:15,12:15,1,No Info,8669,6,06,2019,07,00,19,15,12,15
Air Asia,27/03/2019,Delhi,Cochin,DEL → BLR → COK,07:55,15:45,7:50,1,No Info,6151,27,03,2019,07,55,15,45,7,50
Multiple carriers,18/05/2019,Delhi,Cochin,DEL → HYD → COK,09:45,22:30,12:45,1,No Info,10348,18,05,2019,09,45,22,30,12,45
Jet Airways,24/03/2019,Banglore,New Delhi,BLR → DEL,19:55,22:35,2:40,0,No Info,8016,24,03,2019,19,55,22,35,2,40
IndiGo,12/06/2019,Banglore,Delhi,BLR → DEL,08:30,11:20,2:50,0,No Info,4823,12,06,2019,08,30,11,20,2,50
Air India,21/05/2019,Kolkata,Banglore,CCU → BLR,14:15,16:45,2:30,0,No Info,5510,21,05,2019,14,15,16,45,2,30
Air India,18/03/2019,Mumbai,Hyderabad,BOM → HYD,06:20,07:40,1:20,0,No Info,3100,18,03,2019,06,20,07,40,1,20
Jet Airways,27/06/2019,Delhi,Cochin,DEL → BOM → COK,18:15,19:00,24:45,1,In-flight meal not included,10262,27,06,2019,18,15,19,00,24,45
Jet Airways,1/06/2019,Delhi,Cochin,DEL → BOM → COK,11:30,19:00,7:30,1,No Info,14714,1,06,2019,11,30,19,00,7,30
Jet Airways,15/06/2019,Delhi,Cochin,DEL → BOM → COK,10:00,19:00,9h,1,In-flight meal not included,10262,15,06,2019,10,00,19,00,9h,
Air India,18/06/2019,Banglore,Delhi,BLR → DEL,17:00,19:50,2:50,0,No Info,6961,18,06,2019,17,00,19,50,2,50
IndiGo,27/05/2019,Delhi,Cochin,DEL → BOM → COK,17:30,01:30,8h,1,No Info,6206,27,05,2019,17,30,01,30,8h,
Air India,15/03/2019,Banglore,New Delhi,BLR → HYD → VGA → DEL,08:15,22:55,14:40,2,No Info,7904,15,03,2019,08,15,22,55,14,40
Jet Airways,27/06/2019,Delhi,Cochin,DEL → AMD → BOM → COK,19:10,12:35,17:25,2,No Info,12819,27,06,2019,19,10,12,35,17,25
Jet Airways,15/06/2019,Delhi,Cochin,DEL → BOM → COK,21:50,12:35,14:45,1,In-flight meal not included,10262,15,06,2019,21,50,12,35,14,45
IndiGo,21/04/2019,Banglore,Delhi,BLR → DEL,01:30,04:15,2:45,0,No Info,4591,21,04,2019,01,30,04,15,2,45
Jet Airways,24/06/2019,Delhi,Cochin,DEL → JAI → BOM → COK,09:40,12:35,26:55,2,In-flight meal not included,10368,24,06,2019,09,40,12,35,26,55
Multiple carriers,9/05/2019,Delhi,Cochin,DEL → BOM → COK,07:05,19:15,12:10,1,In-flight meal not included,11142,9,05,2019,07,05,19,15,12,10
Air India,6/04/2019,Delhi,Cochin,DEL → COK,05:10,08:00,2:50,0,No Info,4729,6,04,2019,05,10,08,00,2,50
Multiple carriers,9/05/2019,Delhi,Cochin,DEL → BOM → COK,13:00,01:30,12:30,1,No Info,9424,9,05,2019,13,00,01,30,12,30
Multiple carriers,6/03/2019,Delhi,Cochin,DEL → BOM → COK,09:00,15:30,6:30,1,In-flight meal not included,15136,6,03,2019,09,00,15,30,6,30
Air India,18/05/2019,Delhi,Cochin,DEL → HYD → BOM → COK,17:15,07:40,14:25,2,No Info,12199,18,05,2019,17,15,07,40,14,25
Jet Airways,12/06/2019,Delhi,Cochin,DEL → BOM → COK,11:30,04:25,16:55,1,In-flight meal not included,10262,12,06,2019,11,30,04,25,16,55
IndiGo,3/04/2019,Delhi,Cochin,DEL → COK,14:20,17:35,3:15,0,No Info,4729,3,04,2019,14,20,17,35,3,15
SpiceJet,9/06/2019,Kolkata,Banglore,CCU → BLR,17:10,19:40,2:30,0,No check-in baggage included,3841,9,06,2019,17,10,19,40,2,30
Jet Airways,18/05/2019,Kolkata,Banglore,CCU → BOM → BLR,18:55,09:20,14:25,1,No Info,14388,18,05,2019,18,55,09,20,14,25
IndiGo,27/06/2019,Mumbai,Hyderabad,BOM → HYD,02:35,04:05,1:30,0,No Info,2754,27,06,2019,02,35,04,05,1,30
Air India,03/03/2019,Banglore,New Delhi,BLR → BOM → NAG → DEL,08:50,10:35,25:45,2,No Info,12358,03,03,2019,08,50,10,35,25,45
Air India,15/05/2019,Kolkata,Banglore,CCU → BBI → HYD → BLR,09:10,04:40,19:30,2,No Info,6117,15,05,2019,09,10,04,40,19,30
Jet Airways,24/05/2019,Delhi,Cochin,DEL → JAI → BOM → COK,05:30,04:25,22:55,2,No Info,15129,24,05,2019,05,30,04,25,22,55
Jet Airways,15/05/2019,Kolkata,Banglore,CCU → BOM → BLR,21:10,08:15,11:5,1,No Info,14388,15,05,2019,21,10,08,15,11,5
Air India,24/06/2019,Delhi,Cochin,DEL → MAA → COK,12:30,09:25,20:55,1,No Info,7480,24,06,2019,12,30,09,25,20,55
Multiple carriers,27/06/2019,Delhi,Cochin,DEL → BOM → COK,06:00,12:35,6:35,1,In-flight meal not included,10791,27,06,2019,06,00,12,35,6,35
Jet Airways,27/03/2019,Delhi,Cochin,DEL → BOM → COK,07:05,04:25,21:20,1,No Info,12452,27,03,2019,07,05,04,25,21,20
IndiGo,21/05/2019,Kolkata,Banglore,CCU → BBI → BLR,19:55,23:50,3:55,1,No Info,4226,21,05,2019,19,55,23,50,3,55
Vistara,15/04/2019,Banglore,Delhi,BLR → DEL,21:00,23:50,2:50,0,No Info,5403,15,04,2019,21,00,23,50,2,50
Multiple carriers,1/06/2019,Delhi,Cochin,DEL → HYD → COK,09:45,22:30,12:45,1,No Info,9646,1,06,2019,09,45,22,30,12,45
Air Asia,3/06/2019,Banglore,Delhi,BLR → DEL,04:55,07:45,2:50,0,No Info,4282,3,06,2019,04,55,07,45,2,50
Multiple carriers,27/03/2019,Delhi,Cochin,DEL → BOM → COK,08:55,15:30,6:35,1,No Info,7845,27,03,2019,08,55,15,30,6,35
IndiGo,21/03/2019,Chennai,Kolkata,MAA → CCU,19:35,21:55,2:20,0,No Info,3384,21,03,2019,19,35,21,55,2,20
IndiGo,6/05/2019,Banglore,Delhi,BLR → DEL,18:55,21:50,2:55,0,No Info,4823,6,05,2019,18,55,21,50,2,55
IndiGo,15/06/2019,Chennai,Kolkata,MAA → CCU,19:35,21:55,2:20,0,No Info,3597,15,06,2019,19,35,21,55,2,20
Multiple carriers,15/06/2019,Delhi,Cochin,DEL → BOM → COK,09:00,21:00,12h,1,No Info,13587,15,06,2019,09,00,21,00,12h,
Air Asia,3/03/2019,Delhi,Cochin,DEL → BLR → COK,16:45,07:10,14:25,1,No Info,13474,3,03,2019,16,45,07,10,14,25
IndiGo,21/03/2019,Chennai,Kolkata,MAA → CCU,13:20,15:35,2:15,0,No Info,3384,21,03,2019,13,20,15,35,2,15
Jet Airways,27/05/2019,Delhi,Cochin,DEL → JAI → BOM → COK,05:30,19:00,13:30,2,No Info,15129,27,05,2019,05,30,19,00,13,30
Jet Airways,21/05/2019,Kolkata,Banglore,CCU → BOM → BLR,06:30,08:15,25:45,1,In-flight meal not included,8586,21,05,2019,06,30,08,15,25,45
IndiGo,9/06/2019,Banglore,Delhi,BLR → DEL,23:30,02:20,2:50,0,No Info,4591,9,06,2019,23,30,02,20,2,50
Jet Airways,27/06/2019,Delhi,Cochin,DEL → LKO → BOM → COK,11:45,12:35,24:50,2,No Info,13882,27,06,2019,11,45,12,35,24,50
Multiple carriers,3/03/2019,Delhi,Cochin,DEL → BOM → COK,13:00,01:35,12:35,1,No Info,18286,3,03,2019,13,00,01,35,12,35
Air Asia,15/05/2019,Kolkata,Banglore,CCU → DEL → BLR,07:35,19:25,11:50,1,No Info,5192,15,05,2019,07,35,19,25,11,50
Jet Airways,27/06/2019,Delhi,Cochin,DEL → JAI → BOM → COK,09:40,12:35,26:55,2,In-flight meal not included,11118,27,06,2019,09,40,12,35,26,55
IndiGo,3/03/2019,Delhi,Cochin,DEL → BOM → COK,06:40,15:30,8:50,1,No Info,14871,3,03,2019,06,40,15,30,8,50
Air India,24/05/2019,Kolkata,Banglore,CCU → DEL → AMD → BLR,10:00,05:25,19:25,2,No Info,15107,24,05,2019,10,00,05,25,19,25
Air India,12/06/2019,Delhi,Cochin,DEL → BOM → COK,07:00,19:15,12:15,1,No Info,8669,12,06,2019,07,00,19,15,12,15
GoAir,1/04/2019,Kolkata,Banglore,CCU → AMD → BLR,16:40,00:15,7:35,1,No Info,5171,1,04,2019,16,40,00,15,7,35
Jet Airways,12/06/2019,Kolkata,Banglore,CCU → BOM → BLR,16:30,12:00,19:30,1,In-flight meal not included,8529,12,06,2019,16,30,12,00,19,30
Jet Airways,27/03/2019,Delhi,Cochin,DEL → BOM → COK,23:05,04:25,5:20,1,In-flight meal not included,7438,27,03,2019,23,05,04,25,5,20
IndiGo,9/06/2019,Delhi,Cochin,DEL → BOM → COK,17:10,01:30,8:20,1,No Info,6206,9,06,2019,17,10,01,30,8,20
Air India,9/06/2019,Banglore,Delhi,BLR → DEL,17:00,19:45,2:45,0,No Info,7171,9,06,2019,17,00,19,45,2,45
Jet Airways,9/06/2019,Kolkata,Banglore,CCU → DEL → BLR,09:35,14:25,28:50,1,No Info,14151,9,06,2019,09,35,14,25,28,50
Jet Airways,9/06/2019,Kolkata,Banglore,CCU → BOM → BLR,18:55,08:15,13:20,1,No Info,14939,9,06,2019,18,55,08,15,13,20
Jet Airways,01/03/2019,Banglore,New Delhi,BLR → BOM → DEL,11:40,11:25,23:45,1,No Info,25735,01,03,2019,11,40,11,25,23,45
Jet Airways,12/06/2019,Delhi,Cochin,DEL → LKO → BOM → COK,09:25,04:25,19h,2,No Info,13882,12,06,2019,09,25,04,25,19h,
Vistara,18/05/2019,Kolkata,Banglore,CCU → DEL → BLR,20:20,18:50,22:30,1,No Info,9555,18,05,2019,20,20,18,50,22,30
IndiGo,27/04/2019,Kolkata,Banglore,CCU → BLR,20:20,22:55,2:35,0,No Info,4804,27,04,2019,20,20,22,55,2,35
Vistara,15/03/2019,Chennai,Kolkata,MAA → CCU,07:05,09:20,2:15,0,No Info,6627,15,03,2019,07,05,09,20,2,15
Jet Airways,12/05/2019,Kolkata,Banglore,CCU → BOM → BLR,06:30,12:00,5:30,1,In-flight meal not included,8586,12,05,2019,06,30,12,00,5,30
IndiGo,9/05/2019,Kolkata,Banglore,CCU → BLR,22:15,00:50,2:35,0,No Info,4804,9,05,2019,22,15,00,50,2,35
Air India,01/03/2019,Banglore,New Delhi,BLR → BOM → AMD → DEL,08:50,23:55,39:5,2,No Info,17135,01,03,2019,08,50,23,55,39,5
Jet Airways,9/05/2019,Delhi,Cochin,DEL → BOM → COK,10:00,19:00,9h,1,No Info,15554,9,05,2019,10,00,19,00,9h,
IndiGo,27/05/2019,Delhi,Cochin,DEL → BOM → COK,08:30,21:00,12:30,1,No Info,6838,27,05,2019,08,30,21,00,12,30
IndiGo,3/03/2019,Delhi,Cochin,DEL → HYD → COK,07:35,12:00,4:25,1,No Info,8258,3,03,2019,07,35,12,00,4,25
GoAir,6/03/2019,Delhi,Cochin,DEL → BOM → COK,10:25,19:20,8:55,1,No Info,8213,6,03,2019,10,25,19,20,8,55
Multiple carriers,6/06/2019,Delhi,Cochin,DEL → BOM → COK,07:00,19:00,12h,1,No Info,12192,6,06,2019,07,00,19,00,12h,
Multiple carriers,3/06/2019,Delhi,Cochin,DEL → BOM → COK,10:00,19:15,9:15,1,No Info,14848,3,06,2019,10,00,19,15,9,15
IndiGo,21/03/2019,Kolkata,Banglore,CCU → BLR,15:10,17:45,2:35,0,No Info,4148,21,03,2019,15,10,17,45,2,35
Jet Airways,6/06/2019,Kolkata,Banglore,CCU → BOM → BLR,20:00,12:00,16h,1,In-flight meal not included,10844,6,06,2019,20,00,12,00,16h,
Jet Airways,18/05/2019,Kolkata,Banglore,CCU → BOM → BLR,18:55,22:35,27:40,1,In-flight meal not included,10844,18,05,2019,18,55,22,35,27,40
Multiple carriers,24/06/2019,Delhi,Cochin,DEL → BOM → COK,19:00,01:30,6:30,1,No Info,6795,24,06,2019,19,00,01,30,6,30
Jet Airways,15/05/2019,Kolkata,Banglore,CCU → BOM → BLR,16:30,04:40,12:10,1,No Info,14781,15,05,2019,16,30,04,40,12,10
IndiGo,27/06/2019,Delhi,Cochin,DEL → MAA → COK,07:15,12:30,5:15,1,No Info,6582,27,06,2019,07,15,12,30,5,15
SpiceJet,24/04/2019,Banglore,Delhi,BLR → DEL,09:30,12:20,2:50,0,No check-in baggage included,3919,24,04,2019,09,30,12,20,2,50
Multiple carriers,27/06/2019,Delhi,Cochin,DEL → HYD → COK,09:45,22:30,12:45,1,No Info,9646,27,06,2019,09,45,22,30,12,45
SpiceJet,01/03/2019,Banglore,New Delhi,BLR → HYD → DEL,15:35,23:40,8:5,1,1 Long layover,7744,01,03,2019,15,35,23,40,8,5
Jet Airways,6/06/2019,Delhi,Cochin,DEL → JAI → BOM → COK,09:40,12:35,26:55,2,In-flight meal not included,11733,6,06,2019,09,40,12,35,26,55
Jet Airways,15/06/2019,Delhi,Cochin,DEL → BOM → COK,09:00,04:25,19:25,1,In-flight meal not included,10262,15,06,2019,09,00,04,25,19,25
Jet Airways,12/03/2019,Banglore,New Delhi,BLR → BOM → DEL,05:45,12:15,6:30,1,No Info,17524,12,03,2019,05,45,12,15,6,30
SpiceJet,9/03/2019,Mumbai,Hyderabad,BOM → HYD,22:45,00:10,1:25,0,No Info,3603,9,03,2019,22,45,00,10,1,25
Multiple carriers,18/05/2019,Delhi,Cochin,DEL → BOM → COK,07:30,19:15,11:45,1,No Info,7564,18,05,2019,07,30,19,15,11,45
Multiple carriers,9/06/2019,Delhi,Cochin,DEL → BOM → COK,10:20,21:00,10:40,1,No Info,7005,9,06,2019,10,20,21,00,10,40
IndiGo,3/03/2019,Delhi,Cochin,DEL → BOM → COK,09:10,01:35,16:25,1,No Info,14871,3,03,2019,09,10,01,35,16,25
Air Asia,18/04/2019,Banglore,Delhi,BLR → DEL,04:55,07:45,2:50,0,No Info,4282,18,04,2019,04,55,07,45,2,50
Jet Airways,27/05/2019,Delhi,Cochin,DEL → AMD → BOM → COK,23:05,12:35,13:30,2,No Info,15129,27,05,2019,23,05,12,35,13,30
Air Asia,24/06/2019,Delhi,Cochin,DEL → BLR → COK,16:45,22:25,5:40,1,No Info,6752,24,06,2019,16,45,22,25,5,40
Air India,21/05/2019,Delhi,Cochin,DEL → COK,14:05,17:55,3:50,0,No Info,6094,21,05,2019,14,05,17,55,3,50
IndiGo,1/05/2019,Mumbai,Hyderabad,BOM → HYD,16:55,18:25,1:30,0,No Info,3175,1,05,2019,16,55,18,25,1,30
Multiple carriers,27/06/2019,Delhi,Cochin,DEL → BOM → COK,08:45,19:15,10:30,1,No Info,8266,27,06,2019,08,45,19,15,10,30
GoAir,12/04/2019,Banglore,Delhi,BLR → DEL,20:55,23:40,2:45,0,No Info,6722,12,04,2019,20,55,23,40,2,45
SpiceJet,24/06/2019,Kolkata,Banglore,CCU → BLR,06:55,09:30,2:35,0,No Info,3873,24,06,2019,06,55,09,30,2,35
Air India,3/04/2019,Mumbai,Hyderabad,BOM → HYD,13:55,15:25,1:30,0,No Info,2575,3,04,2019,13,55,15,25,1,30
Multiple carriers,21/05/2019,Delhi,Cochin,DEL → BOM → COK,06:40,19:15,12:35,1,No Info,7787,21,05,2019,06,40,19,15,12,35
IndiGo,3/03/2019,Delhi,Cochin,DEL → BLR → COK,02:00,07:45,5:45,1,No Info,9257,3,03,2019,02,00,07,45,5,45
Jet Airways,12/05/2019,Banglore,Delhi,BLR → DEL,18:55,22:00,3:5,0,In-flight meal not included,4030,12,05,2019,18,55,22,00,3,5
SpiceJet,3/05/2019,Banglore,Delhi,BLR → DEL,21:10,00:05,2:55,0,No Info,4991,3,05,2019,21,10,00,05,2,55
IndiGo,21/03/2019,Delhi,Cochin,DEL → BOM → COK,07:30,13:20,5:50,1,No Info,9861,21,03,2019,07,30,13,20,5,50
IndiGo,15/03/2019,Banglore,New Delhi,BLR → NAG → DEL,16:50,21:35,4:45,1,No Info,10406,15,03,2019,16,50,21,35,4,45
Jet Airways,9/06/2019,Banglore,Delhi,BLR → DEL,15:15,18:10,2:55,0,In-flight meal not included,7229,9,06,2019,15,15,18,10,2,55
Multiple carriers,15/05/2019,Delhi,Cochin,DEL → BOM → COK,08:45,21:00,12:15,1,No Info,7670,15,05,2019,08,45,21,00,12,15
Jet Airways,24/06/2019,Delhi,Cochin,DEL → ATQ → BOM → COK,20:00,04:25,8:25,2,No Info,14300,24,06,2019,20,00,04,25,8,25
Vistara,15/05/2019,Kolkata,Banglore,CCU → DEL → BLR,07:10,10:45,27:35,1,No Info,8452,15,05,2019,07,10,10,45,27,35
SpiceJet,6/04/2019,Kolkata,Banglore,CCU → BLR,14:55,17:25,2:30,0,No Info,3873,6,04,2019,14,55,17,25,2,30
SpiceJet,9/06/2019,Kolkata,Banglore,CCU → PNQ → BLR,08:35,17:15,8:40,1,No Info,6853,9,06,2019,08,35,17,15,8,40
Jet Airways,6/04/2019,Banglore,Delhi,BLR → DEL,11:10,14:05,2:55,0,No Info,7229,6,04,2019,11,10,14,05,2,55
Jet Airways,15/04/2019,Banglore,Delhi,BLR → DEL,19:50,22:50,3h,0,No Info,7229,15,04,2019,19,50,22,50,3h,
Jet Airways,3/06/2019,Delhi,Cochin,DEL → BOM → COK,19:15,12:35,17:20,1,No Info,14714,3,06,2019,19,15,12,35,17,20
IndiGo,12/06/2019,Kolkata,Banglore,CCU → BLR,17:15,19:50,2:35,0,No Info,4804,12,06,2019,17,15,19,50,2,35
IndiGo,9/05/2019,Kolkata,Banglore,CCU → PAT → BLR,09:20,14:15,4:55,1,No Info,11465,9,05,2019,09,20,14,15,4,55
IndiGo,21/04/2019,Banglore,Delhi,BLR → DEL,23:30,02:20,2:50,0,No Info,4591,21,04,2019,23,30,02,20,2,50
IndiGo,9/06/2019,Delhi,Cochin,DEL → BOM → COK,09:15,01:30,16:15,1,No Info,6628,9,06,2019,09,15,01,30,16,15
IndiGo,6/03/2019,Delhi,Cochin,DEL → BLR → COK,02:00,07:45,5:45,1,No Info,8025,6,03,2019,02,00,07,45,5,45
Air Asia,12/06/2019,Delhi,Cochin,DEL → BLR → COK,07:55,15:45,7:50,1,No Info,6152,12,06,2019,07,55,15,45,7,50
IndiGo,3/04/2019,Banglore,Delhi,BLR → DEL,10:10,13:00,2:50,0,No Info,3943,3,04,2019,10,10,13,00,2,50
Vistara,6/06/2019,Kolkata,Banglore,CCU → DEL → BLR,07:10,10:45,27:35,1,No Info,9187,6,06,2019,07,10,10,45,27,35
Vistara,21/05/2019,Kolkata,Banglore,CCU → DEL → BLR,20:20,10:45,14:25,1,No Info,9187,21,05,2019,20,20,10,45,14,25
Air India,1/05/2019,Kolkata,Banglore,CCU → DEL → COK → BLR,10:00,13:45,27:45,2,No Info,15164,1,05,2019,10,00,13,45,27,45
Multiple carriers,6/03/2019,Delhi,Cochin,DEL → HYD → COK,09:45,16:10,6:25,1,No Info,10276,6,03,2019,09,45,16,10,6,25
Multiple carriers,1/06/2019,Delhi,Cochin,DEL → BOM → COK,03:50,19:00,15:10,1,No Info,12192,1,06,2019,03,50,19,00,15,10
Air Asia,24/03/2019,Kolkata,Banglore,CCU → BBI → BLR,19:55,23:30,3:35,1,No Info,5554,24,03,2019,19,55,23,30,3,35
Air India,27/03/2019,Delhi,Cochin,DEL → BOM → COK,07:00,19:15,12:15,1,No Info,6377,27,03,2019,07,00,19,15,12,15
IndiGo,21/03/2019,Delhi,Cochin,DEL → BOM → COK,20:30,01:35,5:5,1,No Info,6232,21,03,2019,20,30,01,35,5,5
IndiGo,9/05/2019,Delhi,Cochin,DEL → BLR → COK,05:10,10:05,4:55,1,No Info,6496,9,05,2019,05,10,10,05,4,55
IndiGo,24/06/2019,Banglore,Delhi,BLR → DEL,18:15,21:20,3:5,0,No Info,4823,24,06,2019,18,15,21,20,3,5
IndiGo,6/06/2019,Kolkata,Banglore,CCU → BBI → BLR,19:35,23:15,3:40,1,No Info,6116,6,06,2019,19,35,23,15,3,40
Jet Airways,9/05/2019,Kolkata,Banglore,CCU → BOM → BLR,20:00,18:15,22:15,1,In-flight meal not included,7757,9,05,2019,20,00,18,15,22,15
Multiple carriers,21/05/2019,Delhi,Cochin,DEL → BOM → COK,08:45,19:15,10:30,1,No Info,8266,21,05,2019,08,45,19,15,10,30
SpiceJet,21/05/2019,Kolkata,Banglore,CCU → BLR,06:55,09:30,2:35,0,No Info,3873,21,05,2019,06,55,09,30,2,35
Jet Airways,15/05/2019,Kolkata,Banglore,CCU → BOM → BLR,21:10,10:05,12:55,1,In-flight meal not included,11841,15,05,2019,21,10,10,05,12,55
IndiGo,24/05/2019,Kolkata,Banglore,CCU → BLR,15:30,18:05,2:35,0,No Info,4804,24,05,2019,15,30,18,05,2,35
IndiGo,1/06/2019,Banglore,Delhi,BLR → DEL,10:10,13:00,2:50,0,No Info,3943,1,06,2019,10,10,13,00,2,50
Multiple carriers,27/05/2019,Delhi,Cochin,DEL → BOM → COK,11:30,19:15,7:45,1,No Info,15898,27,05,2019,11,30,19,15,7,45
Jet Airways,15/05/2019,Kolkata,Banglore,CCU → DEL → BLR,17:00,21:05,28:5,1,No Info,14151,15,05,2019,17,00,21,05,28,5
Jet Airways,9/06/2019,Delhi,Cochin,DEL → BOM → COK,16:00,04:25,12:25,1,In-flight meal not included,10577,9,06,2019,16,00,04,25,12,25
Air India,3/04/2019,Banglore,Delhi,BLR → DEL,06:10,08:55,2:45,0,No Info,4441,3,04,2019,06,10,08,55,2,45
Jet Airways,6/04/2019,Delhi,Cochin,DEL → BOM → COK,11:30,12:35,25:5,1,In-flight meal not included,5177,6,04,2019,11,30,12,35,25,5
Air India,1/04/2019,Kolkata,Banglore,CCU → BLR,20:45,23:20,2:35,0,No Info,4460,1,04,2019,20,45,23,20,2,35
Multiple carriers,18/05/2019,Delhi,Cochin,DEL → BOM → COK,08:00,21:00,13h,1,No Info,13727,18,05,2019,08,00,21,00,13h,
Jet Airways,3/06/2019,Delhi,Cochin,DEL → BOM → COK,16:00,12:35,20:35,1,No Info,14714,3,06,2019,16,00,12,35,20,35
Jet Airways,6/06/2019,Delhi,Cochin,DEL → IDR → BOM → COK,21:25,19:00,21:35,2,In-flight meal not included,10588,6,06,2019,21,25,19,00,21,35
Jet Airways,21/03/2019,Delhi,Cochin,DEL → BOM → COK,09:00,18:50,9:50,1,In-flight meal not included,7438,21,03,2019,09,00,18,50,9,50
Air India,6/03/2019,Delhi,Cochin,DEL → MAA → COK,20:40,09:25,12:45,1,No Info,12677,6,03,2019,20,40,09,25,12,45
Jet Airways,6/06/2019,Delhi,Cochin,DEL → BOM → COK,18:15,19:00,24:45,1,No Info,14714,6,06,2019,18,15,19,00,24,45
IndiGo,24/06/2019,Mumbai,Hyderabad,BOM → HYD,12:00,13:30,1:30,0,No Info,2754,24,06,2019,12,00,13,30,1,30
IndiGo,21/03/2019,Delhi,Cochin,DEL → HYD → MAA → COK,07:35,21:20,13:45,2,No Info,6494,21,03,2019,07,35,21,20,13,45
IndiGo,15/03/2019,Banglore,New Delhi,BLR → HYD → DEL,16:15,20:35,4:20,1,No Info,5607,15,03,2019,16,15,20,35,4,20
Jet Airways,01/03/2019,Banglore,New Delhi,BLR → BOM → DEL,22:50,21:20,22:30,1,No Info,25735,01,03,2019,22,50,21,20,22,30
IndiGo,3/05/2019,Banglore,Delhi,BLR → DEL,07:10,10:05,2:55,0,No Info,4823,3,05,2019,07,10,10,05,2,55
Air India,21/03/2019,Mumbai,Hyderabad,BOM → HYD,21:05,22:25,1:20,0,No Info,2050,21,03,2019,21,05,22,25,1,20
Air India,12/03/2019,Banglore,New Delhi,BLR → BOM → DEL,08:50,23:15,14:25,1,No Info,12127,12,03,2019,08,50,23,15,14,25
Multiple carriers,12/06/2019,Delhi,Cochin,DEL → BOM → COK,18:15,01:30,7:15,1,No Info,13377,12,06,2019,18,15,01,30,7,15
Jet Airways,6/05/2019,Banglore,Delhi,BLR → DEL,19:50,22:50,3h,0,No Info,7229,6,05,2019,19,50,22,50,3h,
Vistara,24/04/2019,Delhi,Cochin,DEL → COK,06:00,09:10,3:10,0,No Info,6216,24,04,2019,06,00,09,10,3,10
Air India,9/06/2019,Delhi,Cochin,DEL → COK,18:05,21:10,3:5,0,No Info,8456,9,06,2019,18,05,21,10,3,5
Jet Airways,18/05/2019,Delhi,Cochin,DEL → AMD → BOM → COK,19:10,12:35,17:25,2,No Info,15129,18,05,2019,19,10,12,35,17,25
Jet Airways,12/03/2019,Banglore,New Delhi,BLR → BOM → DEL,16:55,07:40,14:45,1,No Info,13817,12,03,2019,16,55,07,40,14,45
GoAir,6/05/2019,Delhi,Cochin,DEL → AMD → COK,07:25,13:35,6:10,1,No Info,6296,6,05,2019,07,25,13,35,6,10
Air India,21/03/2019,Kolkata,Banglore,CCU → BLR,14:15,16:45,2:30,0,No Info,5170,21,03,2019,14,15,16,45,2,30
SpiceJet,24/05/2019,Banglore,Delhi,BLR → DEL,21:10,00:05,2:55,0,No check-in baggage included,3919,24,05,2019,21,10,00,05,2,55
IndiGo,3/04/2019,Banglore,Delhi,BLR → DEL,07:10,10:05,2:55,0,No Info,4823,3,04,2019,07,10,10,05,2,55
Jet Airways,24/06/2019,Delhi,Cochin,DEL → BOM → COK,10:00,04:25,18:25,1,In-flight meal not included,10262,24,06,2019,10,00,04,25,18,25
Jet Airways,9/06/2019,Delhi,Cochin,DEL → LKO → BOM → COK,14:05,12:35,22:30,2,No Info,13882,9,06,2019,14,05,12,35,22,30
Multiple carriers,6/06/2019,Delhi,Cochin,DEL → BOM → COK,13:00,21:00,8h,1,No Info,13587,6,06,2019,13,00,21,00,8h,
Jet Airways,9/03/2019,Delhi,Cochin,DEL → BOM → COK,00:20,04:25,28:5,1,In-flight meal not included,11848,9,03,2019,00,20,04,25,28,5
Air India,6/03/2019,Mumbai,Hyderabad,BOM → DEL → HYD,10:00,23:45,13:45,1,No Info,11678,6,03,2019,10,00,23,45,13,45
IndiGo,18/05/2019,Banglore,Delhi,BLR → DEL,18:25,21:20,2:55,0,No Info,4823,18,05,2019,18,25,21,20,2,55
SpiceJet,15/04/2019,Banglore,Delhi,BLR → DEL,21:10,00:05,2:55,0,No check-in baggage included,3919,15,04,2019,21,10,00,05,2,55
Vistara,12/06/2019,Chennai,Kolkata,MAA → CCU,17:45,20:05,2:20,0,No Info,11982,12,06,2019,17,45,20,05,2,20
Jet Airways,1/05/2019,Kolkata,Banglore,CCU → DEL → BLR,09:35,18:00,8:25,1,In-flight meal not included,10703,1,05,2019,09,35,18,00,8,25
Jet Airways,18/05/2019,Kolkata,Banglore,CCU → BOM → BLR,18:55,23:35,28:40,1,In-flight meal not included,10844,18,05,2019,18,55,23,35,28,40
Jet Airways,15/05/2019,Kolkata,Banglore,CCU → BOM → BLR,18:55,19:50,24:55,1,In-flight meal not included,10844,15,05,2019,18,55,19,50,24,55
IndiGo,27/06/2019,Mumbai,Hyderabad,BOM → HYD,16:55,18:25,1:30,0,No Info,3175,27,06,2019,16,55,18,25,1,30
Air India,1/06/2019,Delhi,Cochin,DEL → BOM → COK,08:00,19:15,11:15,1,No Info,9929,1,06,2019,08,00,19,15,11,15
Jet Airways,06/03/2019,Banglore,New Delhi,BLR → BOM → DEL,14:05,19:10,5:5,1,No Info,19225,06,03,2019,14,05,19,10,5,5
SpiceJet,24/05/2019,Mumbai,Hyderabad,BOM → HYD,05:45,07:15,1:30,0,No Info,2017,24,05,2019,05,45,07,15,1,30
Jet Airways,21/03/2019,Banglore,New Delhi,BLR → BOM → DEL,11:40,12:15,24:35,1,In-flight meal not included,7832,21,03,2019,11,40,12,15,24,35
Jet Airways,1/05/2019,Kolkata,Banglore,CCU → BOM → BLR,06:30,09:20,26:50,1,In-flight meal not included,9663,1,05,2019,06,30,09,20,26,50
Multiple carriers,9/06/2019,Delhi,Cochin,DEL → BOM → COK,11:40,21:00,9:20,1,No Info,7005,9,06,2019,11,40,21,00,9,20
IndiGo,12/05/2019,Mumbai,Hyderabad,BOM → HYD,02:35,04:05,1:30,0,No Info,3175,12,05,2019,02,35,04,05,1,30
Air India,1/04/2019,Kolkata,Banglore,CCU → MAA → BLR,14:35,15:20,24:45,1,No Info,5006,1,04,2019,14,35,15,20,24,45
Multiple carriers,15/06/2019,Delhi,Cochin,DEL → BOM → COK,08:45,19:15,10:30,1,No Info,9526,15,06,2019,08,45,19,15,10,30
Jet Airways,6/06/2019,Delhi,Cochin,DEL → IDR → BOM → COK,05:30,19:00,13:30,2,No Info,13292,6,06,2019,05,30,19,00,13,30
IndiGo,9/05/2019,Delhi,Cochin,DEL → LKO → COK,21:50,03:35,5:45,1,No Info,6058,9,05,2019,21,50,03,35,5,45
Air India,24/06/2019,Delhi,Cochin,DEL → RPR → NAG → BOM → COK,05:15,07:40,26:25,3,No Info,10493,24,06,2019,05,15,07,40,26,25
Jet Airways,9/06/2019,Kolkata,Banglore,CCU → BOM → BLR,16:30,22:35,6:5,1,In-flight meal not included,10844,9,06,2019,16,30,22,35,6,5
Jet Airways,1/04/2019,Kolkata,Banglore,CCU → DEL → BLR,09:35,21:05,11:30,1,No Info,10953,1,04,2019,09,35,21,05,11,30
Jet Airways,21/05/2019,Kolkata,Banglore,CCU → BOM → BLR,20:00,12:00,16h,1,In-flight meal not included,10844,21,05,2019,20,00,12,00,16h,
Jet Airways,6/06/2019,Kolkata,Banglore,CCU → DEL → BLR,20:25,09:45,13:20,1,In-flight meal not included,10539,6,06,2019,20,25,09,45,13,20
Jet Airways,15/06/2019,Delhi,Cochin,DEL → IDR → BOM → COK,05:30,04:25,22:55,2,No Info,13292,15,06,2019,05,30,04,25,22,55
Vistara,18/05/2019,Delhi,Cochin,DEL → COK,06:00,09:10,3:10,0,No Info,6741,18,05,2019,06,00,09,10,3,10
Jet Airways,6/06/2019,Kolkata,Banglore,CCU → BOM → BLR,20:00,09:20,13:20,1,No Info,14571,6,06,2019,20,00,09,20,13,20
Jet Airways,9/05/2019,Kolkata,Banglore,CCU → BOM → BLR,08:25,18:15,9:50,1,No Info,14781,9,05,2019,08,25,18,15,9,50
IndiGo,18/05/2019,Mumbai,Hyderabad,BOM → HYD,16:55,18:25,1:30,0,No Info,3838,18,05,2019,16,55,18,25,1,30
Air India,18/06/2019,Delhi,Cochin,DEL → COK,14:05,17:55,3:50,0,No Info,5201,18,06,2019,14,05,17,55,3,50
Air Asia,9/06/2019,Delhi,Cochin,DEL → BLR → COK,07:55,15:45,7:50,1,No Info,8759,9,06,2019,07,55,15,45,7,50
GoAir,24/04/2019,Delhi,Cochin,DEL → BOM → COK,07:00,12:55,5:55,1,No Info,6195,24,04,2019,07,00,12,55,5,55
Air India,15/03/2019,Mumbai,Hyderabad,BOM → HYD,19:30,20:45,1:15,0,No Info,3100,15,03,2019,19,30,20,45,1,15
SpiceJet,18/05/2019,Delhi,Cochin,DEL → BLR → COK,17:55,22:50,4:55,1,No Info,5975,18,05,2019,17,55,22,50,4,55
Jet Airways,9/06/2019,Kolkata,Banglore,CCU → BOM → BLR,14:05,23:35,9:30,1,In-flight meal not included,10844,9,06,2019,14,05,23,35,9,30
Jet Airways,27/05/2019,Delhi,Cochin,DEL → BOM → COK,20:55,04:25,7:30,1,No Info,16079,27,05,2019,20,55,04,25,7,30
SpiceJet,27/05/2019,Chennai,Kolkata,MAA → CCU,08:20,10:35,2:15,0,No check-in baggage included,3543,27,05,2019,08,20,10,35,2,15
SpiceJet,3/05/2019,Kolkata,Banglore,CCU → BLR,17:10,19:40,2:30,0,No check-in baggage included,3841,3,05,2019,17,10,19,40,2,30
Jet Airways,15/06/2019,Delhi,Cochin,DEL → BOM → COK,19:15,12:35,17:20,1,In-flight meal not included,10262,15,06,2019,19,15,12,35,17,20
Jet Airways,12/06/2019,Kolkata,Banglore,CCU → DEL → BLR,09:35,23:35,14h,1,No Info,12692,12,06,2019,09,35,23,35,14h,
IndiGo,1/06/2019,Chennai,Kolkata,MAA → CCU,07:55,10:15,2:20,0,No Info,3850,1,06,2019,07,55,10,15,2,20
Jet Airways,18/05/2019,Delhi,Cochin,DEL → BOM → COK,08:00,04:25,20:25,1,In-flight meal not included,12373,18,05,2019,08,00,04,25,20,25
Air India,21/03/2019,Mumbai,Hyderabad,BOM → HYD,13:55,15:25,1:30,0,No Info,3100,21,03,2019,13,55,15,25,1,30
Vistara,18/05/2019,Banglore,Delhi,BLR → DEL,19:30,22:15,2:45,0,No Info,4878,18,05,2019,19,30,22,15,2,45
Jet Airways,9/05/2019,Delhi,Cochin,DEL → AMD → BOM → COK,19:10,19:00,23:50,2,No Info,15129,9,05,2019,19,10,19,00,23,50
Multiple carriers Premium economy,21/03/2019,Delhi,Cochin,DEL → BOM → COK,08:55,21:00,12:5,1,No Info,9845,21,03,2019,08,55,21,00,12,5
IndiGo,1/05/2019,Banglore,Delhi,BLR → DEL,01:30,04:15,2:45,0,No Info,4077,1,05,2019,01,30,04,15,2,45
Multiple carriers,21/05/2019,Delhi,Cochin,DEL → BOM → COK,07:30,19:00,11:30,1,No Info,9315,21,05,2019,07,30,19,00,11,30
Jet Airways,9/05/2019,Kolkata,Banglore,CCU → BOM → BLR,14:05,23:35,9:30,1,No Info,14781,9,05,2019,14,05,23,35,9,30
Air India,6/03/2019,Mumbai,Hyderabad,BOM → GOI → PNQ → HYD,16:50,16:55,5,2,No Info,17327,6,03,2019,16,50,16,55,5,
Air India,09/03/2019,Banglore,New Delhi,BLR → DEL,17:00,19:50,2:50,0,No Info,9481,09,03,2019,17,00,19,50,2,50
Jet Airways,27/03/2019,Delhi,Cochin,DEL → MAA → BOM → COK,05:10,19:45,38:35,2,In-flight meal not included,8938,27,03,2019,05,10,19,45,38,35
Jet Airways,9/05/2019,Kolkata,Banglore,CCU → BOM → BLR,06:30,12:00,5:30,1,No Info,14388,9,05,2019,06,30,12,00,5,30
Air India,21/03/2019,Delhi,Cochin,DEL → BLR → COK,20:30,23:00,26:30,1,No Info,5704,21,03,2019,20,30,23,00,26,30
GoAir,9/06/2019,Banglore,Delhi,BLR → DEL,07:45,10:40,2:55,0,No Info,3898,9,06,2019,07,45,10,40,2,55
Jet Airways,27/03/2019,Mumbai,Hyderabad,BOM → HYD,02:55,04:25,1:30,0,No Info,5678,27,03,2019,02,55,04,25,1,30
IndiGo,9/03/2019,Delhi,Cochin,DEL → HYD → COK,07:35,12:00,4:25,1,No Info,6937,9,03,2019,07,35,12,00,4,25
IndiGo,21/03/2019,Mumbai,Hyderabad,BOM → HYD,19:05,20:30,1:25,0,No Info,2754,21,03,2019,19,05,20,30,1,25
SpiceJet,15/03/2019,Mumbai,Hyderabad,BOM → HYD,22:45,00:10,1:25,0,No check-in baggage included,2647,15,03,2019,22,45,00,10,1,25
IndiGo,21/05/2019,Kolkata,Banglore,CCU → MAA → BLR,06:20,10:20,4h,1,No Info,4226,21,05,2019,06,20,10,20,4h,
GoAir,18/05/2019,Banglore,Delhi,BLR → DEL,07:45,10:40,2:55,0,No Info,4239,18,05,2019,07,45,10,40,2,55
IndiGo,27/06/2019,Delhi,Cochin,DEL → PNQ → COK,23:30,04:35,5:5,1,No Info,9165,27,06,2019,23,30,04,35,5,5
Jet Airways,01/03/2019,Banglore,New Delhi,BLR → DEL,19:55,22:35,2:40,0,No Info,18308,01,03,2019,19,55,22,35,2,40
Multiple carriers,21/03/2019,Delhi,Cochin,DEL → BOM → COK,07:05,15:30,8:25,1,No Info,14486,21,03,2019,07,05,15,30,8,25
Air Asia,9/04/2019,Banglore,Delhi,BLR → DEL,04:55,07:45,2:50,0,No Info,4282,9,04,2019,04,55,07,45,2,50
Multiple carriers,27/06/2019,Delhi,Cochin,DEL → BOM → COK,08:00,21:00,13h,1,No Info,13587,27,06,2019,08,00,21,00,13h,
Multiple carriers,3/06/2019,Delhi,Cochin,DEL → BOM → COK,11:30,21:00,9:30,1,No Info,13587,3,06,2019,11,30,21,00,9,30
Jet Airways,27/03/2019,Delhi,Cochin,DEL → BOM → COK,08:00,04:25,20:25,1,In-flight meal not included,6645,27,03,2019,08,00,04,25,20,25
SpiceJet,15/04/2019,Banglore,Delhi,BLR → DEL,05:55,08:35,2:40,0,No Info,4423,15,04,2019,05,55,08,35,2,40
Air India,18/03/2019,Banglore,New Delhi,BLR → BOM → BHO → DEL,17:25,23:25,30h,2,No Info,11518,18,03,2019,17,25,23,25,30h,
Jet Airways,24/03/2019,Kolkata,Banglore,CCU → BOM → BLR,13:55,04:45,14:50,1,No Info,13759,24,03,2019,13,55,04,45,14,50
SpiceJet,18/06/2019,Banglore,Delhi,BLR → DEL,05:55,08:35,2:40,0,No Info,3625,18,06,2019,05,55,08,35,2,40
IndiGo,15/03/2019,Kolkata,Banglore,CCU → BLR,05:30,08:20,2:50,0,No Info,4148,15,03,2019,05,30,08,20,2,50
Vistara,24/04/2019,Banglore,Delhi,BLR → DEL,17:00,19:35,2:35,0,No Info,5613,24,04,2019,17,00,19,35,2,35
Air India,6/05/2019,Kolkata,Banglore,CCU → DEL → VGA → BLR,10:00,10:00,24h,2,No Info,14298,6,05,2019,10,00,10,00,24h,
Jet Airways,21/03/2019,Banglore,New Delhi,BLR → BOM → DEL,08:00,21:20,13:20,1,In-flight meal not included,7832,21,03,2019,08,00,21,20,13,20
IndiGo,21/05/2019,Delhi,Cochin,DEL → HYD → COK,08:35,18:10,9:35,1,No Info,6442,21,05,2019,08,35,18,10,9,35
Jet Airways,1/04/2019,Mumbai,Hyderabad,BOM → HYD,02:55,04:20,1:25,0,No Info,5678,1,04,2019,02,55,04,20,1,25
Jet Airways,1/04/2019,Kolkata,Banglore,CCU → BOM → BLR,18:55,04:40,9:45,1,In-flight meal not included,7064,1,04,2019,18,55,04,40,9,45
Jet Airways,18/05/2019,Kolkata,Banglore,CCU → DEL → BLR,17:00,09:45,16:45,1,No Info,14151,18,05,2019,17,00,09,45,16,45
GoAir,24/06/2019,Banglore,Delhi,BLR → DEL,20:55,23:40,2:45,0,No Info,3419,24,06,2019,20,55,23,40,2,45
Jet Airways,9/03/2019,Delhi,Cochin,DEL → BOM → COK,17:25,04:25,11h,1,No Info,15554,9,03,2019,17,25,04,25,11h,
Air India,18/03/2019,Banglore,New Delhi,BLR → AMD → DEL,00:30,08:45,8:15,1,No Info,13859,18,03,2019,00,30,08,45,8,15
SpiceJet,15/03/2019,Kolkata,Banglore,CCU → BLR,22:20,00:40,2:20,0,No Info,3847,15,03,2019,22,20,00,40,2,20
GoAir,09/03/2019,Banglore,New Delhi,BLR → GOI → DEL,15:50,20:15,4:25,1,No Info,7657,09,03,2019,15,50,20,15,4,25
Air India,9/05/2019,Delhi,Cochin,DEL → HYD → BOM → COK,07:05,07:40,24:35,2,No Info,13547,9,05,2019,07,05,07,40,24,35
Jet Airways,27/05/2019,Banglore,Delhi,BLR → DEL,07:10,10:10,3h,0,No Info,7229,27,05,2019,07,10,10,10,3h,
Jet Airways,15/06/2019,Delhi,Cochin,DEL → NAG → BOM → COK,06:45,04:25,21:40,2,No Info,13376,15,06,2019,06,45,04,25,21,40
IndiGo,18/06/2019,Mumbai,Hyderabad,BOM → HYD,20:05,21:40,1:35,0,No Info,2227,18,06,2019,20,05,21,40,1,35
SpiceJet,21/06/2019,Banglore,Delhi,BLR → DEL,05:55,08:35,2:40,0,No Info,3971,21,06,2019,05,55,08,35,2,40
IndiGo,27/06/2019,Delhi,Cochin,DEL → BOM → COK,09:15,01:30,16:15,1,No Info,6628,27,06,2019,09,15,01,30,16,15
Jet Airways,6/05/2019,Kolkata,Banglore,CCU → BOM → BLR,21:10,10:05,12:55,1,No Info,13584,6,05,2019,21,10,10,05,12,55
SpiceJet,21/03/2019,Kolkata,Banglore,CCU → BLR,06:55,09:35,2:40,0,No Info,4148,21,03,2019,06,55,09,35,2,40
Jet Airways,9/06/2019,Kolkata,Banglore,CCU → BOM → BLR,06:30,18:15,11:45,1,No Info,14571,9,06,2019,06,30,18,15,11,45
SpiceJet,21/05/2019,Kolkata,Banglore,CCU → BLR,22:20,00:40,2:20,0,No check-in baggage included,3841,21,05,2019,22,20,00,40,2,20
Jet Airways,12/04/2019,Banglore,Delhi,BLR → DEL,06:00,08:45,2:45,0,In-flight meal not included,5198,12,04,2019,06,00,08,45,2,45
Air Asia,24/04/2019,Banglore,Delhi,BLR → DEL,04:55,07:45,2:50,0,No Info,3383,24,04,2019,04,55,07,45,2,50
Jet Airways,6/06/2019,Delhi,Cochin,DEL → COK,11:00,14:15,3:15,0,In-flight meal not included,7202,6,06,2019,11,00,14,15,3,15
IndiGo,3/04/2019,Delhi,Cochin,DEL → COK,21:05,00:20,3:15,0,No Info,5021,3,04,2019,21,05,00,20,3,15
GoAir,3/05/2019,Banglore,Delhi,BLR → DEL,20:55,23:40,2:45,0,No Info,4239,3,05,2019,20,55,23,40,2,45
Jet Airways,27/05/2019,Delhi,Cochin,DEL → JAI → BOM → COK,19:30,12:35,17:5,2,No Info,15129,27,05,2019,19,30,12,35,17,5
Vistara,01/03/2019,Banglore,New Delhi,BLR → DEL,07:00,09:40,2:40,0,No Info,21520,01,03,2019,07,00,09,40,2,40
IndiGo,3/03/2019,Delhi,Cochin,DEL → COK,05:35,08:50,3:15,0,No Info,7673,3,03,2019,05,35,08,50,3,15
IndiGo,18/06/2019,Banglore,Delhi,BLR → DEL,20:00,22:50,2:50,0,No Info,4823,18,06,2019,20,00,22,50,2,50
Jet Airways,1/06/2019,Delhi,Cochin,DEL → BOM → COK,07:05,19:00,11:55,1,In-flight meal not included,15190,1,06,2019,07,05,19,00,11,55
Jet Airways,18/05/2019,Kolkata,Banglore,CCU → BOM → BLR,08:25,22:35,14:10,1,No Info,14781,18,05,2019,08,25,22,35,14,10
IndiGo,18/05/2019,Kolkata,Banglore,CCU → BLR,15:30,18:05,2:35,0,No Info,4804,18,05,2019,15,30,18,05,2,35
Jet Airways,1/06/2019,Delhi,Cochin,DEL → BOM → COK,13:00,12:35,23:35,1,In-flight meal not included,10262,1,06,2019,13,00,12,35,23,35
IndiGo,15/05/2019,Delhi,Cochin,DEL → BOM → COK,09:15,21:00,11:45,1,No Info,7503,15,05,2019,09,15,21,00,11,45
Jet Airways,15/06/2019,Banglore,Delhi,BLR → DEL,11:10,14:05,2:55,0,No Info,8016,15,06,2019,11,10,14,05,2,55
IndiGo,9/06/2019,Mumbai,Hyderabad,BOM → HYD,06:25,07:55,1:30,0,No Info,4049,9,06,2019,06,25,07,55,1,30
Air India,03/03/2019,Banglore,New Delhi,BLR → CCU → DEL,05:50,12:55,7:5,1,No Info,12389,03,03,2019,05,50,12,55,7,5
SpiceJet,12/05/2019,Chennai,Kolkata,MAA → CCU,17:45,20:05,2:20,0,No Info,3597,12,05,2019,17,45,20,05,2,20
Multiple carriers,15/05/2019,Delhi,Cochin,DEL → BOM → COK,11:30,01:30,14h,1,No Info,13727,15,05,2019,11,30,01,30,14h,
Jet Airways,1/05/2019,Mumbai,Hyderabad,BOM → HYD,02:55,04:20,1:25,0,No Info,5678,1,05,2019,02,55,04,20,1,25
Multiple carriers,9/05/2019,Delhi,Cochin,DEL → BOM → COK,10:20,21:00,10:40,1,No Info,7670,9,05,2019,10,20,21,00,10,40
Jet Airways,18/05/2019,Kolkata,Banglore,CCU → BOM → BLR,14:05,23:35,9:30,1,In-flight meal not included,10844,18,05,2019,14,05,23,35,9,30
Jet Airways,1/04/2019,Kolkata,Banglore,CCU → BOM → BLR,16:30,18:15,25:45,1,In-flight meal not included,7064,1,04,2019,16,30,18,15,25,45
Multiple carriers,3/06/2019,Delhi,Cochin,DEL → BOM → COK,09:00,21:00,12h,1,No Info,8930,3,06,2019,09,00,21,00,12h,
Air Asia,1/04/2019,Banglore,Delhi,BLR → DEL,04:55,07:45,2:50,0,No Info,4282,1,04,2019,04,55,07,45,2,50
IndiGo,21/06/2019,Banglore,Delhi,BLR → DEL,08:30,11:20,2:50,0,No Info,4823,21,06,2019,08,30,11,20,2,50
Jet Airways,9/05/2019,Delhi,Cochin,DEL → BOM → COK,07:05,04:25,21:20,1,In-flight meal not included,12373,9,05,2019,07,05,04,25,21,20
Jet Airways,09/03/2019,Banglore,New Delhi,BLR → BOM → DEL,07:00,20:20,13:20,1,In-flight meal not included,11087,09,03,2019,07,00,20,20,13,20
Jet Airways,3/06/2019,Delhi,Cochin,DEL → BOM → COK,21:50,04:25,6:35,1,No Info,16079,3,06,2019,21,50,04,25,6,35
IndiGo,12/06/2019,Delhi,Cochin,DEL → COK,05:35,08:50,3:15,0,No Info,5601,12,06,2019,05,35,08,50,3,15
SpiceJet,9/06/2019,Mumbai,Hyderabad,BOM → HYD,05:45,07:15,1:30,0,No Info,2753,9,06,2019,05,45,07,15,1,30
Jet Airways,27/06/2019,Delhi,Cochin,DEL → BOM → COK,22:50,04:25,5:35,1,In-flight meal not included,12898,27,06,2019,22,50,04,25,5,35
Multiple carriers,6/03/2019,Delhi,Cochin,DEL → BOM → COK,13:00,21:00,8h,1,No Info,15603,6,03,2019,13,00,21,00,8h,
IndiGo,12/04/2019,Kolkata,Banglore,CCU → BLR,09:35,12:20,2:45,0,No Info,4174,12,04,2019,09,35,12,20,2,45
IndiGo,24/03/2019,Banglore,New Delhi,BLR → DEL,20:00,22:55,2:55,0,No Info,6144,24,03,2019,20,00,22,55,2,55
Jet Airways,6/05/2019,Kolkata,Banglore,CCU → BOM → BLR,08:25,18:15,9:50,1,No Info,14781,6,05,2019,08,25,18,15,9,50
IndiGo,15/06/2019,Delhi,Cochin,DEL → LKO → COK,21:50,03:35,5:45,1,No Info,6195,15,06,2019,21,50,03,35,5,45
Jet Airways,6/05/2019,Kolkata,Banglore,CCU → BOM → BLR,06:30,08:15,25:45,1,In-flight meal not included,8586,6,05,2019,06,30,08,15,25,45
IndiGo,01/03/2019,Banglore,New Delhi,BLR → DEL,22:20,01:10,2:50,0,No Info,11934,01,03,2019,22,20,01,10,2,50
Air India,15/05/2019,Kolkata,Banglore,CCU → DEL → AMD → BLR,07:00,05:25,22:25,2,No Info,14424,15,05,2019,07,00,05,25,22,25
Jet Airways,24/06/2019,Delhi,Cochin,DEL → BOM → COK,07:05,19:00,11:55,1,No Info,18581,24,06,2019,07,05,19,00,11,55
Jet Airways,12/05/2019,Kolkata,Banglore,CCU → BOM → BLR,21:10,04:40,7:30,1,No Info,13941,12,05,2019,21,10,04,40,7,30
Jet Airways,6/05/2019,Banglore,Delhi,BLR → DEL,18:55,22:00,3:5,0,No Info,7229,6,05,2019,18,55,22,00,3,5
SpiceJet,15/05/2019,Kolkata,Banglore,CCU → BLR,06:55,09:30,2:35,0,No Info,3873,15,05,2019,06,55,09,30,2,35
Jet Airways,12/06/2019,Delhi,Cochin,DEL → BOM → COK,11:30,19:00,7:30,1,No Info,14714,12,06,2019,11,30,19,00,7,30
Air Asia,24/03/2019,Kolkata,Banglore,CCU → IXR → DEL → BLR,15:25,22:55,7:30,2,No Info,11245,24,03,2019,15,25,22,55,7,30
IndiGo,27/05/2019,Delhi,Cochin,DEL → BOM → COK,11:25,01:30,14:5,1,No Info,6104,27,05,2019,11,25,01,30,14,5
IndiGo,6/03/2019,Delhi,Cochin,DEL → HYD → COK,07:35,22:20,14:45,1,No Info,7094,6,03,2019,07,35,22,20,14,45
Jet Airways,24/03/2019,Kolkata,Banglore,CCU → BOM → BLR,06:30,04:45,22:15,1,In-flight meal not included,10031,24,03,2019,06,30,04,45,22,15
Jet Airways,18/05/2019,Kolkata,Banglore,CCU → BOM → BLR,05:45,12:00,6:15,1,No Info,13941,18,05,2019,05,45,12,00,6,15
Multiple carriers,24/06/2019,Delhi,Cochin,DEL → BOM → COK,19:00,01:30,6:30,1,No Info,7198,24,06,2019,19,00,01,30,6,30
SpiceJet,24/03/2019,Banglore,New Delhi,BLR → DEL,09:35,12:30,2:55,0,No check-in baggage included,3873,24,03,2019,09,35,12,30,2,55
Air India,12/03/2019,Kolkata,Banglore,CCU → BLR,14:15,16:45,2:30,0,No Info,5747,12,03,2019,14,15,16,45,2,30
Air India,15/06/2019,Mumbai,Hyderabad,BOM → HYD,19:30,20:45,1:15,0,No Info,3100,15,06,2019,19,30,20,45,1,15
Air India,6/05/2019,Kolkata,Banglore,CCU → BBI → BLR,09:10,13:15,4:5,1,No Info,8996,6,05,2019,09,10,13,15,4,5
Multiple carriers,15/05/2019,Delhi,Cochin,DEL → BOM → COK,10:35,19:00,8:25,1,No Info,9103,15,05,2019,10,35,19,00,8,25
Jet Airways,01/03/2019,Banglore,New Delhi,BLR → BOM → DEL,18:40,09:30,14:50,1,1 Long layover,31825,01,03,2019,18,40,09,30,14,50
Jet Airways,15/05/2019,Kolkata,Banglore,CCU → BOM → BLR,16:30,10:05,17:35,1,No Info,14781,15,05,2019,16,30,10,05,17,35
Jet Airways,18/05/2019,Banglore,Delhi,BLR → DEL,08:20,11:20,3h,0,No Info,7229,18,05,2019,08,20,11,20,3h,
IndiGo,01/03/2019,Banglore,New Delhi,BLR → DEL,23:30,02:20,2:50,0,No Info,10067,01,03,2019,23,30,02,20,2,50
Jet Airways,9/04/2019,Delhi,Cochin,DEL → JAI → BOM → COK,09:40,04:25,18:45,2,No Info,10909,9,04,2019,09,40,04,25,18,45
IndiGo,27/04/2019,Kolkata,Banglore,CCU → BLR,15:30,18:05,2:35,0,No Info,4804,27,04,2019,15,30,18,05,2,35
Jet Airways,1/06/2019,Mumbai,Hyderabad,BOM → HYD,02:55,04:20,1:25,0,In-flight meal not included,4050,1,06,2019,02,55,04,20,1,25
Jet Airways,15/05/2019,Kolkata,Banglore,CCU → DEL → BLR,20:25,23:35,27:10,1,No Info,14151,15,05,2019,20,25,23,35,27,10
SpiceJet,1/06/2019,Kolkata,Banglore,CCU → BLR,06:55,09:30,2:35,0,No check-in baggage included,3841,1,06,2019,06,55,09,30,2,35
Jet Airways,9/05/2019,Kolkata,Banglore,CCU → BOM → BLR,14:05,19:50,5:45,1,No Info,14781,9,05,2019,14,05,19,50,5,45
Vistara,9/06/2019,Kolkata,Banglore,CCU → DEL → BLR,17:00,23:25,6:25,1,No Info,9870,9,06,2019,17,00,23,25,6,25
Air India,27/05/2019,Delhi,Cochin,DEL → BLR → COK,13:30,23:00,9:30,1,No Info,8907,27,05,2019,13,30,23,00,9,30
Jet Airways,01/03/2019,Banglore,New Delhi,BLR → BOM → DEL,22:50,07:40,8:50,1,No Info,26890,01,03,2019,22,50,07,40,8,50
GoAir,15/04/2019,Delhi,Cochin,DEL → BOM → COK,07:00,12:55,5:55,1,No Info,6195,15,04,2019,07,00,12,55,5,55
Jet Airways,21/03/2019,Banglore,New Delhi,BLR → BOM → DEL,14:05,19:10,5:5,1,In-flight meal not included,7832,21,03,2019,14,05,19,10,5,5
Multiple carriers Premium economy,21/03/2019,Delhi,Cochin,DEL → BOM → COK,08:55,15:30,6:35,1,No Info,11269,21,03,2019,08,55,15,30,6,35
Vistara,24/03/2019,Banglore,New Delhi,BLR → DEL,16:00,18:35,2:35,0,No Info,5613,24,03,2019,16,00,18,35,2,35
IndiGo,1/05/2019,Banglore,Delhi,BLR → DEL,00:30,03:25,2:55,0,No Info,4284,1,05,2019,00,30,03,25,2,55
Vistara,6/05/2019,Banglore,Delhi,BLR → DEL,21:00,23:50,2:50,0,No Info,4668,6,05,2019,21,00,23,50,2,50
Air India,3/03/2019,Delhi,Cochin,DEL → BOM → COK,08:00,19:15,11:15,1,No Info,15197,3,03,2019,08,00,19,15,11,15
Jet Airways,12/06/2019,Kolkata,Banglore,CCU → BOM → BLR,08:25,16:20,7:55,1,In-flight meal not included,9899,12,06,2019,08,25,16,20,7,55
GoAir,27/06/2019,Delhi,Cochin,DEL → BOM → COK,10:35,19:35,9h,1,No Info,3948,27,06,2019,10,35,19,35,9h,
Jet Airways,15/03/2019,Banglore,New Delhi,BLR → BOM → DEL,08:55,08:15,23:20,1,In-flight meal not included,10405,15,03,2019,08,55,08,15,23,20
Multiple carriers,9/06/2019,Delhi,Cochin,DEL → GWL → IDR → BOM → COK,11:35,01:30,13:55,3,No Info,15419,9,06,2019,11,35,01,30,13,55
Multiple carriers,3/03/2019,Delhi,Cochin,DEL → BOM → COK,08:25,18:50,10:25,1,No Info,15135,3,03,2019,08,25,18,50,10,25
Multiple carriers Premium economy,21/03/2019,Delhi,Cochin,DEL → BOM → COK,06:00,12:35,6:35,1,No Info,13369,21,03,2019,06,00,12,35,6,35
Jet Airways,27/06/2019,Delhi,Cochin,DEL → JDH → BOM → COK,11:40,19:00,7:20,2,No Info,18804,27,06,2019,11,40,19,00,7,20
Air Asia,9/05/2019,Delhi,Cochin,DEL → BLR → COK,20:45,07:10,10:25,1,No Info,6751,9,05,2019,20,45,07,10,10,25
Air India,9/05/2019,Kolkata,Banglore,CCU → DEL → BLR,20:30,08:55,12:25,1,No Info,10203,9,05,2019,20,30,08,55,12,25
Jet Airways,01/03/2019,Banglore,New Delhi,BLR → BOM → DEL,07:00,21:20,14:20,1,No Info,27992,01,03,2019,07,00,21,20,14,20
Air India,12/06/2019,Delhi,Cochin,DEL → LKO → BOM → COK,07:10,19:15,12:5,2,No Info,12488,12,06,2019,07,10,19,15,12,5
Jet Airways,12/04/2019,Banglore,Delhi,BLR → DEL,07:10,10:10,3h,0,In-flight meal not included,5198,12,04,2019,07,10,10,10,3h,
Jet Airways,1/05/2019,Banglore,Delhi,BLR → DEL,17:45,20:45,3h,0,No Info,7229,1,05,2019,17,45,20,45,3h,
Air India,12/06/2019,Kolkata,Banglore,CCU → IXR → DEL → BLR,05:50,23:15,17:25,2,No Info,12723,12,06,2019,05,50,23,15,17,25
Air India,6/03/2019,Mumbai,Hyderabad,BOM → BHO → DEL → HYD,06:00,09:10,27:10,2,No Info,13169,6,03,2019,06,00,09,10,27,10
Air India,15/05/2019,Kolkata,Banglore,CCU → BOM → HBX → BLR,09:25,18:20,8:55,2,No Info,8366,15,05,2019,09,25,18,20,8,55
Multiple carriers,9/05/2019,Delhi,Cochin,DEL → BOM → COK,06:00,21:00,15h,1,No Info,7670,9,05,2019,06,00,21,00,15h,
Jet Airways,1/04/2019,Banglore,Delhi,BLR → DEL,06:00,08:45,2:45,0,No Info,7229,1,04,2019,06,00,08,45,2,45
Vistara,1/06/2019,Banglore,Delhi,BLR → DEL,21:00,23:50,2:50,0,No Info,4668,1,06,2019,21,00,23,50,2,50
Air Asia,9/03/2019,Delhi,Cochin,DEL → BLR → COK,20:10,07:10,11h,1,No Info,8327,9,03,2019,20,10,07,10,11h,
Jet Airways,21/05/2019,Delhi,Cochin,DEL → BOM → COK,20:55,12:35,15:40,1,In-flight meal not included,12898,21,05,2019,20,55,12,35,15,40
IndiGo,6/05/2019,Kolkata,Banglore,CCU → MAA → BLR,06:20,10:20,4h,1,No Info,4226,6,05,2019,06,20,10,20,4h,
Jet Airways,27/06/2019,Delhi,Cochin,DEL → BOM → COK,19:15,19:00,23:45,1,In-flight meal not included,10262,27,06,2019,19,15,19,00,23,45
Multiple carriers,24/06/2019,Delhi,Cochin,DEL → BOM → COK,04:55,19:00,14:5,1,No Info,10678,24,06,2019,04,55,19,00,14,5
Air India,21/03/2019,Delhi,Cochin,DEL → HYD → BOM → COK,17:15,07:40,14:25,2,No Info,8052,21,03,2019,17,15,07,40,14,25
GoAir,24/03/2019,Banglore,New Delhi,BLR → DEL,11:40,14:35,2:55,0,No Info,3898,24,03,2019,11,40,14,35,2,55
Air Asia,12/06/2019,Kolkata,Banglore,CCU → BLR,10:20,12:55,2:35,0,No Info,3807,12,06,2019,10,20,12,55,2,35
IndiGo,3/06/2019,Delhi,Cochin,DEL → BOM → COK,09:15,21:00,11:45,1,No Info,6838,3,06,2019,09,15,21,00,11,45
Jet Airways,24/06/2019,Delhi,Cochin,DEL → JAI → BOM → COK,05:30,19:00,13:30,2,No Info,13014,24,06,2019,05,30,19,00,13,30
IndiGo,12/04/2019,Kolkata,Banglore,CCU → BLR,14:25,16:55,2:30,0,No Info,5224,12,04,2019,14,25,16,55,2,30
Multiple carriers,6/06/2019,Delhi,Cochin,DEL → BOM → COK,13:00,01:30,12:30,1,No Info,13377,6,06,2019,13,00,01,30,12,30
GoAir,21/05/2019,Delhi,Cochin,DEL → BOM → COK,07:00,12:55,5:55,1,No Info,6633,21,05,2019,07,00,12,55,5,55
Air Asia,24/05/2019,Kolkata,Banglore,CCU → DEL → BLR,07:35,23:30,15:55,1,No Info,5192,24,05,2019,07,35,23,30,15,55
IndiGo,18/04/2019,Banglore,Delhi,BLR → DEL,22:10,01:00,2:50,0,No Info,4591,18,04,2019,22,10,01,00,2,50
Air India,12/05/2019,Kolkata,Banglore,CCU → BLR,20:45,23:20,2:35,0,No Info,4880,12,05,2019,20,45,23,20,2,35
Jet Airways,27/04/2019,Banglore,Delhi,BLR → DEL,17:45,20:45,3h,0,No Info,7229,27,04,2019,17,45,20,45,3h,
Jet Airways,9/05/2019,Delhi,Cochin,DEL → BOM → COK,19:45,04:25,8:40,1,In-flight meal not included,12373,9,05,2019,19,45,04,25,8,40
Air India,27/04/2019,Delhi,Cochin,DEL → COK,14:10,17:10,3h,0,No Info,6094,27,04,2019,14,10,17,10,3h,
Jet Airways,12/06/2019,Delhi,Cochin,DEL → BOM → COK,20:55,12:35,15:40,1,In-flight meal not included,10262,12,06,2019,20,55,12,35,15,40
Jet Airways,9/04/2019,Delhi,Cochin,DEL → JDH → BOM → COK,11:40,19:00,7:20,2,No Info,15439,9,04,2019,11,40,19,00,7,20
IndiGo,6/05/2019,Banglore,Delhi,BLR → DEL,23:30,02:20,2:50,0,No Info,4077,6,05,2019,23,30,02,20,2,50
GoAir,18/05/2019,Banglore,Delhi,BLR → DEL,20:55,23:40,2:45,0,No Info,4632,18,05,2019,20,55,23,40,2,45
Jet Airways,6/06/2019,Kolkata,Banglore,CCU → DEL → BLR,09:35,18:00,8:25,1,No Info,12692,6,06,2019,09,35,18,00,8,25
IndiGo,24/04/2019,Kolkata,Banglore,CCU → HYD → BLR,19:20,23:45,4:25,1,No Info,3480,24,04,2019,19,20,23,45,4,25
Multiple carriers,18/05/2019,Delhi,Cochin,DEL → IXU → BOM → COK,17:50,01:30,7:40,2,No Info,19360,18,05,2019,17,50,01,30,7,40
Jet Airways,15/03/2019,Banglore,New Delhi,BLR → BOM → DEL,11:40,08:15,20:35,1,In-flight meal not included,9134,15,03,2019,11,40,08,15,20,35
Multiple carriers,24/06/2019,Delhi,Cochin,DEL → BOM → COK,14:00,21:00,7h,1,No Info,13587,24,06,2019,14,00,21,00,7h,
Jet Airways,9/05/2019,Delhi,Cochin,DEL → BOM → COK,17:30,19:00,25:30,1,No Info,15554,9,05,2019,17,30,19,00,25,30
Jet Airways,09/03/2019,Banglore,New Delhi,BLR → DEL,19:55,22:35,2:40,0,No Info,7229,09,03,2019,19,55,22,35,2,40
IndiGo,6/03/2019,Delhi,Cochin,DEL → HYD → COK,08:35,22:20,13:45,1,No Info,7514,6,03,2019,08,35,22,20,13,45
Multiple carriers,6/06/2019,Delhi,Cochin,DEL → BOM → COK,08:00,21:00,13h,1,No Info,13587,6,06,2019,08,00,21,00,13h,
Jet Airways,9/06/2019,Banglore,Delhi,BLR → DEL,07:10,10:10,3h,0,In-flight meal not included,7229,9,06,2019,07,10,10,10,3h,
Jet Airways,1/06/2019,Delhi,Cochin,DEL → BOM → COK,02:15,04:25,26:10,1,In-flight meal not included,10262,1,06,2019,02,15,04,25,26,10
IndiGo,3/03/2019,Delhi,Cochin,DEL → BOM → COK,07:30,21:00,13:30,1,No Info,14871,3,03,2019,07,30,21,00,13,30
Multiple carriers,27/05/2019,Delhi,Cochin,DEL → BOM → COK,08:45,19:00,10:15,1,No Info,10529,27,05,2019,08,45,19,00,10,15
IndiGo,12/06/2019,Delhi,Cochin,DEL → HYD → COK,07:35,22:30,14:55,1,No Info,6442,12,06,2019,07,35,22,30,14,55
IndiGo,21/05/2019,Kolkata,Banglore,CCU → HYD → BLR,15:15,20:05,4:50,1,No Info,5170,21,05,2019,15,15,20,05,4,50
IndiGo,15/05/2019,Delhi,Cochin,DEL → HYD → COK,07:35,22:30,14:55,1,No Info,6442,15,05,2019,07,35,22,30,14,55
IndiGo,27/05/2019,Banglore,Delhi,BLR → DEL,00:30,03:25,2:55,0,No Info,3419,27,05,2019,00,30,03,25,2,55
Jet Airways,06/03/2019,Banglore,New Delhi,BLR → BOM → DEL,20:35,10:25,13:50,1,No Info,17261,06,03,2019,20,35,10,25,13,50
SpiceJet,24/06/2019,Chennai,Kolkata,MAA → CCU,08:20,10:35,2:15,0,No check-in baggage included,3543,24,06,2019,08,20,10,35,2,15
Air Asia,12/05/2019,Banglore,Delhi,BLR → DEL,11:10,13:55,2:45,0,No Info,3383,12,05,2019,11,10,13,55,2,45
Air India,24/06/2019,Delhi,Cochin,DEL → GOI → BOM → COK,22:00,19:15,21:15,2,No Info,9181,24,06,2019,22,00,19,15,21,15
Jet Airways,12/03/2019,Banglore,New Delhi,BLR → BOM → DEL,18:55,11:25,16:30,1,In-flight meal not included,11087,12,03,2019,18,55,11,25,16,30
Jet Airways,18/04/2019,Banglore,Delhi,BLR → DEL,07:10,10:10,3h,0,No Info,7229,18,04,2019,07,10,10,10,3h,
Multiple carriers,9/03/2019,Delhi,Cochin,DEL → BOM → COK,04:45,19:15,14:30,1,No Info,11249,9,03,2019,04,45,19,15,14,30
Jet Airways,06/03/2019,Banglore,New Delhi,BLR → BOM → DEL,07:00,23:00,16h,1,No Info,16736,06,03,2019,07,00,23,00,16h,
Jet Airways,24/06/2019,Delhi,Cochin,DEL → BOM → COK,17:30,04:25,10:55,1,In-flight meal not included,10262,24,06,2019,17,30,04,25,10,55
Jet Airways,1/06/2019,Delhi,Cochin,DEL → BOM → COK,14:00,19:00,5h,1,In-flight meal not included,10262,1,06,2019,14,00,19,00,5h,
Jet Airways,15/05/2019,Mumbai,Hyderabad,BOM → HYD,02:55,04:20,1:25,0,No Info,5678,15,05,2019,02,55,04,20,1,25
Multiple carriers,21/03/2019,Delhi,Cochin,DEL → BOM → COK,09:00,15:30,6:30,1,No Info,8307,21,03,2019,09,00,15,30,6,30
Air India,18/05/2019,Delhi,Cochin,DEL → MAA → COK,17:20,09:25,16:5,1,No Info,7690,18,05,2019,17,20,09,25,16,5
Jet Airways,18/05/2019,Delhi,Cochin,DEL → AMD → BOM → COK,13:25,12:35,23:10,2,No Info,16704,18,05,2019,13,25,12,35,23,10
Air India,9/03/2019,Delhi,Cochin,DEL → BOM → COK,04:00,07:40,27:40,1,No Info,10315,9,03,2019,04,00,07,40,27,40
Jet Airways,27/05/2019,Delhi,Cochin,DEL → JAI → BOM → COK,09:40,12:35,26:55,2,No Info,15129,27,05,2019,09,40,12,35,26,55
Air India,24/03/2019,Kolkata,Banglore,CCU → DEL → BLR,07:00,08:55,25:55,1,No Info,12173,24,03,2019,07,00,08,55,25,55
Air India,3/04/2019,Kolkata,Banglore,CCU → HYD → BLR,19:00,11:05,16:5,1,No Info,4227,3,04,2019,19,00,11,05,16,5
IndiGo,12/06/2019,Banglore,Delhi,BLR → DEL,06:05,08:50,2:45,0,No Info,3943,12,06,2019,06,05,08,50,2,45
Jet Airways,1/06/2019,Banglore,Delhi,BLR → DEL,11:10,14:05,2:55,0,In-flight meal not included,7229,1,06,2019,11,10,14,05,2,55
Vistara,15/05/2019,Kolkata,Banglore,CCU → DEL → BLR,07:10,20:20,13:10,1,No Info,8610,15,05,2019,07,10,20,20,13,10
IndiGo,09/03/2019,Banglore,New Delhi,BLR → DEL,07:10,10:05,2:55,0,No Info,7303,09,03,2019,07,10,10,05,2,55
Jet Airways,18/03/2019,Banglore,New Delhi,BLR → BOM → DEL,18:40,07:40,13h,1,In-flight meal not included,10972,18,03,2019,18,40,07,40,13h,
Multiple carriers,18/05/2019,Delhi,Cochin,DEL → BOM → COK,10:20,21:00,10:40,1,No Info,7670,18,05,2019,10,20,21,00,10,40
Air India,15/05/2019,Delhi,Cochin,DEL → BOM → COK,10:00,19:15,9:15,1,No Info,8372,15,05,2019,10,00,19,15,9,15
IndiGo,1/06/2019,Delhi,Cochin,DEL → BOM → COK,15:00,01:30,10:30,1,No Info,6628,1,06,2019,15,00,01,30,10,30
Jet Airways,9/06/2019,Delhi,Cochin,DEL → BOM → COK,13:00,12:35,23:35,1,In-flight meal not included,10262,9,06,2019,13,00,12,35,23,35
Jet Airways,24/05/2019,Kolkata,Banglore,CCU → BOM → BLR,16:30,09:20,16:50,1,No Info,14178,24,05,2019,16,30,09,20,16,50
Jet Airways,27/03/2019,Delhi,Cochin,DEL → MAA → BOM → COK,05:10,18:50,13:40,2,In-flight meal not included,8518,27,03,2019,05,10,18,50,13,40
Jet Airways,24/06/2019,Delhi,Cochin,DEL → NAG → BOM → COK,14:35,12:35,22h,2,No Info,13376,24,06,2019,14,35,12,35,22h,
Vistara,12/06/2019,Kolkata,Banglore,CCU → DEL → BLR,17:00,10:45,17:45,1,No Info,8452,12,06,2019,17,00,10,45,17,45
Jet Airways,24/06/2019,Delhi,Cochin,DEL → BOM → COK,02:15,12:35,10:20,1,No Info,18371,24,06,2019,02,15,12,35,10,20
SpiceJet,3/04/2019,Mumbai,Hyderabad,BOM → HYD,13:15,14:45,1:30,0,No check-in baggage included,1965,3,04,2019,13,15,14,45,1,30
Jet Airways,1/06/2019,Delhi,Cochin,DEL → JAI → BOM → COK,19:30,12:35,17:5,2,In-flight meal not included,10368,1,06,2019,19,30,12,35,17,5
Jet Airways,6/05/2019,Kolkata,Banglore,CCU → DEL → BLR,20:25,18:00,21:35,1,No Info,11467,6,05,2019,20,25,18,00,21,35
Jet Airways,9/05/2019,Kolkata,Banglore,CCU → BOM → BLR,16:30,04:40,12:10,1,No Info,14781,9,05,2019,16,30,04,40,12,10
Air India,6/03/2019,Mumbai,Hyderabad,BOM → BLR → HYD,20:15,09:15,13h,1,No Info,9535,6,03,2019,20,15,09,15,13h,
Air India,3/04/2019,Mumbai,Hyderabad,BOM → HYD,21:05,22:25,1:20,0,No Info,2050,3,04,2019,21,05,22,25,1,20
Jet Airways,12/06/2019,Delhi,Cochin,DEL → JAI → BOM → COK,19:30,04:25,8:55,2,In-flight meal not included,10368,12,06,2019,19,30,04,25,8,55
Jet Airways,24/03/2019,Kolkata,Banglore,CCU → BOM → BLR,08:25,22:35,14:10,1,In-flight meal not included,10031,24,03,2019,08,25,22,35,14,10
SpiceJet,21/04/2019,Kolkata,Banglore,CCU → BLR,09:00,11:25,2:25,0,No Info,4491,21,04,2019,09,00,11,25,2,25
Jet Airways,15/05/2019,Banglore,Delhi,BLR → DEL,17:45,20:45,3h,0,No Info,7229,15,05,2019,17,45,20,45,3h,
SpiceJet,03/03/2019,Banglore,New Delhi,BLR → PNQ → DEL,10:20,18:15,7:55,1,No Info,11401,03,03,2019,10,20,18,15,7,55
IndiGo,27/06/2019,Chennai,Kolkata,MAA → CCU,14:45,17:05,2:20,0,No Info,3597,27,06,2019,14,45,17,05,2,20
Vistara,12/06/2019,Kolkata,Banglore,CCU → DEL → BLR,17:00,09:05,16:5,1,No Info,7927,12,06,2019,17,00,09,05,16,5
SpiceJet,1/05/2019,Kolkata,Banglore,CCU → BLR,09:00,11:25,2:25,0,No Info,4174,1,05,2019,09,00,11,25,2,25
Air India,1/05/2019,Kolkata,Banglore,CCU → DEL → BLR,07:00,16:15,9:15,1,No Info,10203,1,05,2019,07,00,16,15,9,15
Vistara,9/05/2019,Kolkata,Banglore,CCU → DEL → BLR,07:10,20:20,13:10,1,No Info,8610,9,05,2019,07,10,20,20,13,10
Jet Airways,12/06/2019,Banglore,Delhi,BLR → DEL,15:15,18:10,2:55,0,In-flight meal not included,5769,12,06,2019,15,15,18,10,2,55
IndiGo,1/05/2019,Kolkata,Banglore,CCU → BLR,11:30,14:05,2:35,0,No Info,5644,1,05,2019,11,30,14,05,2,35
Jet Airways,3/06/2019,Banglore,Delhi,BLR → DEL,07:10,10:10,3h,0,In-flight meal not included,5769,3,06,2019,07,10,10,10,3h,
Jet Airways,15/05/2019,Banglore,Delhi,BLR → DEL,06:00,08:45,2:45,0,No Info,7229,15,05,2019,06,00,08,45,2,45
IndiGo,9/06/2019,Kolkata,Banglore,CCU → MAA → BLR,06:20,10:20,4h,1,No Info,4226,9,06,2019,06,20,10,20,4h,
IndiGo,09/03/2019,Banglore,New Delhi,BLR → HYD → DEL,12:05,17:05,5h,1,No Info,4588,09,03,2019,12,05,17,05,5h,
Jet Airways,21/05/2019,Mumbai,Hyderabad,BOM → HYD,10:20,11:50,1:30,0,In-flight meal not included,4995,21,05,2019,10,20,11,50,1,30
Jet Airways,1/04/2019,Delhi,Cochin,DEL → BOM → COK,17:30,12:35,19:5,1,In-flight meal not included,5406,1,04,2019,17,30,12,35,19,5
SpiceJet,24/06/2019,Kolkata,Banglore,CCU → BLR,17:10,19:40,2:30,0,No Info,3873,24,06,2019,17,10,19,40,2,30
Jet Airways,6/03/2019,Delhi,Cochin,DEL → BOM → COK,11:30,18:50,7:20,1,No Info,17024,6,03,2019,11,30,18,50,7,20
SpiceJet,9/06/2019,Delhi,Cochin,DEL → PNQ → COK,08:45,13:15,4:30,1,No check-in baggage included,5158,9,06,2019,08,45,13,15,4,30
Jet Airways,1/05/2019,Mumbai,Hyderabad,BOM → HYD,10:20,11:50,1:30,0,No Info,8040,1,05,2019,10,20,11,50,1,30
Jet Airways,18/05/2019,Kolkata,Banglore,CCU → BOM → BLR,05:45,16:20,10:35,1,In-flight meal not included,10844,18,05,2019,05,45,16,20,10,35
Air India,12/05/2019,Chennai,Kolkata,MAA → CCU,11:40,13:55,2:15,0,No Info,4667,12,05,2019,11,40,13,55,2,15
Jet Airways,3/04/2019,Mumbai,Hyderabad,BOM → HYD,19:35,21:05,1:30,0,No Info,5678,3,04,2019,19,35,21,05,1,30
Air India,12/05/2019,Kolkata,Banglore,CCU → IXR → DEL → BLR,05:50,20:25,14:35,2,No Info,12513,12,05,2019,05,50,20,25,14,35
Jet Airways,27/06/2019,Banglore,Delhi,BLR → DEL,07:10,10:10,3h,0,No Info,8016,27,06,2019,07,10,10,10,3h,
SpiceJet,1/06/2019,Chennai,Kolkata,MAA → CCU,17:45,20:05,2:20,0,No check-in baggage included,3543,1,06,2019,17,45,20,05,2,20
Jet Airways,21/03/2019,Delhi,Cochin,DEL → BOM → COK,17:30,04:25,10:55,1,In-flight meal not included,5963,21,03,2019,17,30,04,25,10,55
Jet Airways,18/05/2019,Kolkata,Banglore,CCU → BOM → BLR,08:25,16:20,7:55,1,No Info,14781,18,05,2019,08,25,16,20,7,55
Jet Airways,18/05/2019,Delhi,Cochin,DEL → BOM → COK,09:00,12:35,27:35,1,In-flight meal not included,12373,18,05,2019,09,00,12,35,27,35
Jet Airways,1/06/2019,Mumbai,Hyderabad,BOM → HYD,19:35,21:05,1:30,0,In-flight meal not included,3210,1,06,2019,19,35,21,05,1,30
Jet Airways,15/03/2019,Banglore,New Delhi,BLR → BOM → DEL,05:45,18:25,12:40,1,In-flight meal not included,9134,15,03,2019,05,45,18,25,12,40
Jet Airways,6/06/2019,Delhi,Cochin,DEL → NAG → BOM → COK,14:35,04:25,13:50,2,In-flight meal not included,10919,6,06,2019,14,35,04,25,13,50
IndiGo,1/05/2019,Mumbai,Hyderabad,BOM → HYD,09:10,10:40,1:30,0,No Info,4575,1,05,2019,09,10,10,40,1,30
IndiGo,15/06/2019,Delhi,Cochin,DEL → COK,05:35,08:50,3:15,0,No Info,5601,15,06,2019,05,35,08,50,3,15
Jet Airways,18/05/2019,Kolkata,Banglore,CCU → DEL → BLR,17:00,23:35,6:35,1,No Info,14151,18,05,2019,17,00,23,35,6,35
Air India,6/05/2019,Kolkata,Banglore,CCU → BBI → BOM → BLR,12:00,07:55,19:55,2,No Info,10151,6,05,2019,12,00,07,55,19,55
Vistara,18/04/2019,Banglore,Delhi,BLR → DEL,09:45,12:35,2:50,0,No Info,5403,18,04,2019,09,45,12,35,2,50
IndiGo,27/05/2019,Delhi,Cochin,DEL → BLR → COK,02:00,07:45,5:45,1,No Info,6147,27,05,2019,02,00,07,45,5,45
IndiGo,27/06/2019,Kolkata,Banglore,CCU → BLR,14:25,16:55,2:30,0,No Info,4804,27,06,2019,14,25,16,55,2,30
Multiple carriers,27/03/2019,Delhi,Cochin,DEL → BOM → COK,08:55,19:15,10:20,1,No Info,8371,27,03,2019,08,55,19,15,10,20
Jet Airways,9/06/2019,Delhi,Cochin,DEL → JAI → BOM → COK,19:30,04:25,8:55,2,No Info,13014,9,06,2019,19,30,04,25,8,55
Air Asia,24/05/2019,Banglore,Delhi,BLR → DEL,04:55,07:45,2:50,0,No Info,3383,24,05,2019,04,55,07,45,2,50
SpiceJet,6/03/2019,Chennai,Kolkata,MAA → CCU,17:45,20:05,2:20,0,No Info,7298,6,03,2019,17,45,20,05,2,20
Jet Airways,3/04/2019,Banglore,Delhi,BLR → DEL,07:10,10:10,3h,0,In-flight meal not included,4544,3,04,2019,07,10,10,10,3h,
Multiple carriers,6/03/2019,Delhi,Cochin,DEL → BOM → COK,08:55,15:30,6:35,1,No Info,15147,6,03,2019,08,55,15,30,6,35
Multiple carriers,9/03/2019,Delhi,Cochin,DEL → BOM → COK,04:45,19:45,15h,1,No Info,10782,9,03,2019,04,45,19,45,15h,
IndiGo,15/05/2019,Delhi,Cochin,DEL → BLR → COK,15:10,20:00,4:50,1,No Info,6027,15,05,2019,15,10,20,00,4,50
Jet Airways,6/06/2019,Delhi,Cochin,DEL → NAG → BOM → COK,14:35,04:25,13:50,2,In-flight meal not included,10919,6,06,2019,14,35,04,25,13,50
Air India,27/03/2019,Delhi,Cochin,DEL → BLR → COK,06:10,08:15,26:5,1,No Info,6681,27,03,2019,06,10,08,15,26,5
IndiGo,24/06/2019,Banglore,Delhi,BLR → DEL,23:30,02:20,2:50,0,No Info,3943,24,06,2019,23,30,02,20,2,50
Jet Airways,27/05/2019,Delhi,Cochin,DEL → BOM → COK,21:50,12:35,14:45,1,In-flight meal not included,12898,27,05,2019,21,50,12,35,14,45
IndiGo,6/06/2019,Delhi,Cochin,DEL → BOM → COK,18:35,01:30,6:55,1,No Info,6628,6,06,2019,18,35,01,30,6,55
Air India,3/04/2019,Delhi,Cochin,DEL → BLR → COK,20:30,23:00,26:30,1,No Info,5022,3,04,2019,20,30,23,00,26,30
Air India,3/06/2019,Delhi,Cochin,DEL → LKO → BOM → COK,07:10,07:40,24:30,2,No Info,12698,3,06,2019,07,10,07,40,24,30
Air Asia,9/06/2019,Delhi,Cochin,DEL → BLR → COK,20:45,07:10,10:25,1,No Info,10794,9,06,2019,20,45,07,10,10,25
IndiGo,9/06/2019,Delhi,Cochin,DEL → BOM → COK,11:25,21:00,9:35,1,No Info,6416,9,06,2019,11,25,21,00,9,35
SpiceJet,9/03/2019,Kolkata,Banglore,CCU → BLR,22:20,00:40,2:20,0,No Info,4622,9,03,2019,22,20,00,40,2,20
IndiGo,27/05/2019,Banglore,Delhi,BLR → DEL,13:00,15:50,2:50,0,No Info,3943,27,05,2019,13,00,15,50,2,50
Air Asia,6/06/2019,Kolkata,Banglore,CCU → BLR,19:55,22:25,2:30,0,No Info,4508,6,06,2019,19,55,22,25,2,30
Vistara,12/06/2019,Kolkata,Banglore,CCU → DEL → BLR,07:10,22:40,15:30,1,No Info,8452,12,06,2019,07,10,22,40,15,30
Air India,12/05/2019,Kolkata,Banglore,CCU → GAU → DEL → BLR,16:45,08:55,16:10,2,No Info,13437,12,05,2019,16,45,08,55,16,10
Vistara,18/05/2019,Chennai,Kolkata,MAA → CCU,17:45,20:05,2:20,0,No Info,11982,18,05,2019,17,45,20,05,2,20
Jet Airways,24/05/2019,Kolkata,Banglore,CCU → BOM → BLR,18:55,12:00,17:5,1,In-flight meal not included,10844,24,05,2019,18,55,12,00,17,5
Jet Airways,9/05/2019,Delhi,Cochin,DEL → JAI → BOM → COK,09:40,04:25,18:45,2,No Info,15129,9,05,2019,09,40,04,25,18,45
Jet Airways,27/06/2019,Delhi,Cochin,DEL → BOM → COK,14:00,19:00,5h,1,No Info,14714,27,06,2019,14,00,19,00,5h,
IndiGo,27/06/2019,Delhi,Cochin,DEL → BOM → COK,06:40,21:00,14:20,1,No Info,6093,27,06,2019,06,40,21,00,14,20
IndiGo,6/04/2019,Delhi,Cochin,DEL → BOM → COK,04:55,13:20,8:25,1,No Info,5307,6,04,2019,04,55,13,20,8,25
GoAir,15/05/2019,Delhi,Cochin,DEL → BOM → COK,14:25,19:35,5:10,1,No Info,10188,15,05,2019,14,25,19,35,5,10
Jet Airways,6/06/2019,Kolkata,Banglore,CCU → BOM → BLR,20:00,08:15,12:15,1,No Info,14571,6,06,2019,20,00,08,15,12,15
Jet Airways,27/03/2019,Delhi,Cochin,DEL → AMD → BOM → COK,19:10,04:25,9:15,2,No Info,10976,27,03,2019,19,10,04,25,9,15
Jet Airways,24/05/2019,Kolkata,Banglore,CCU → BOM → BLR,06:30,16:20,9:50,1,In-flight meal not included,10844,24,05,2019,06,30,16,20,9,50
IndiGo,9/04/2019,Kolkata,Banglore,CCU → BLR,20:20,22:55,2:35,0,No Info,4488,9,04,2019,20,20,22,55,2,35
Air India,24/05/2019,Delhi,Cochin,DEL → BOM → COK,23:00,19:15,20:15,1,No Info,8582,24,05,2019,23,00,19,15,20,15
Jet Airways,24/06/2019,Delhi,Cochin,DEL → BOM → COK,19:45,12:35,16:50,1,In-flight meal not included,10262,24,06,2019,19,45,12,35,16,50
Vistara,6/05/2019,Kolkata,Banglore,CCU → DEL → BLR,17:00,10:45,17:45,1,No Info,8662,6,05,2019,17,00,10,45,17,45
IndiGo,24/03/2019,Banglore,New Delhi,BLR → DEL,06:00,08:45,2:45,0,No Info,4777,24,03,2019,06,00,08,45,2,45
Jet Airways,27/03/2019,Mumbai,Hyderabad,BOM → HYD,15:50,17:20,1:30,0,In-flight meal not included,2071,27,03,2019,15,50,17,20,1,30
Jet Airways,12/03/2019,Banglore,New Delhi,BLR → BOM → DEL,22:55,15:15,16:20,1,In-flight meal not included,11087,12,03,2019,22,55,15,15,16,20
Air India,18/04/2019,Banglore,Delhi,BLR → DEL,21:05,23:55,2:50,0,No Info,5228,18,04,2019,21,05,23,55,2,50
Jet Airways,1/04/2019,Kolkata,Banglore,CCU → BOM → BLR,06:30,16:20,9:50,1,No Info,12996,1,04,2019,06,30,16,20,9,50
Jet Airways,06/03/2019,Banglore,New Delhi,BLR → BOM → DEL,08:00,23:00,15h,1,No Info,16736,06,03,2019,08,00,23,00,15h,
Jet Airways,1/05/2019,Kolkata,Banglore,CCU → BOM → BLR,18:55,10:05,15:10,1,No Info,13941,1,05,2019,18,55,10,05,15,10
Air India,15/03/2019,Banglore,New Delhi,BLR → GAU → DEL,13:50,22:10,8:20,1,No Info,9166,15,03,2019,13,50,22,10,8,20
Air India,3/03/2019,Delhi,Cochin,DEL → TRV → COK,05:15,06:50,25:35,1,No Info,12677,3,03,2019,05,15,06,50,25,35
Air India,24/03/2019,Chennai,Kolkata,MAA → CCU,11:40,13:55,2:15,0,No Info,4405,24,03,2019,11,40,13,55,2,15
Jet Airways,6/05/2019,Kolkata,Banglore,CCU → DEL → BLR,09:35,23:35,14h,1,No Info,12121,6,05,2019,09,35,23,35,14h,
Air India,6/06/2019,Banglore,Delhi,BLR → DEL,21:05,23:55,2:50,0,No Info,6121,6,06,2019,21,05,23,55,2,50
Jet Airways,18/05/2019,Kolkata,Banglore,CCU → BOM → BLR,08:25,09:20,24:55,1,No Info,14388,18,05,2019,08,25,09,20,24,55
Jet Airways,1/04/2019,Kolkata,Banglore,CCU → DEL → BLR,20:25,10:55,14:30,1,No Info,11467,1,04,2019,20,25,10,55,14,30
Jet Airways,12/03/2019,Banglore,New Delhi,BLR → BOM → DEL,21:25,10:25,13h,1,No Info,13817,12,03,2019,21,25,10,25,13h,
Air India,6/05/2019,Mumbai,Hyderabad,BOM → HYD,19:30,20:45,1:15,0,No Info,3100,6,05,2019,19,30,20,45,1,15
Multiple carriers,21/05/2019,Delhi,Cochin,DEL → BOM → COK,11:40,19:15,7:35,1,No Info,8266,21,05,2019,11,40,19,15,7,35
Jet Airways,24/03/2019,Kolkata,Banglore,CCU → BOM → BLR,19:45,23:25,27:40,1,No Info,13759,24,03,2019,19,45,23,25,27,40
IndiGo,9/06/2019,Banglore,Delhi,BLR → DEL,00:25,03:15,2:50,0,No Info,3943,9,06,2019,00,25,03,15,2,50
Multiple carriers,27/03/2019,Delhi,Cochin,DEL → BOM → COK,18:15,01:35,7:20,1,No Info,12327,27,03,2019,18,15,01,35,7,20
IndiGo,12/06/2019,Mumbai,Hyderabad,BOM → HYD,06:25,07:55,1:30,0,No Info,4049,12,06,2019,06,25,07,55,1,30
SpiceJet,1/06/2019,Banglore,Delhi,BLR → DEL,21:10,00:05,2:55,0,No check-in baggage included,3573,1,06,2019,21,10,00,05,2,55
Air Asia,15/05/2019,Kolkata,Banglore,CCU → BLR,19:55,22:25,2:30,0,No Info,4409,15,05,2019,19,55,22,25,2,30
Air India,27/03/2019,Delhi,Cochin,DEL → HYD → MAA → COK,07:05,09:25,26:20,2,No Info,6565,27,03,2019,07,05,09,25,26,20
IndiGo,15/04/2019,Kolkata,Banglore,CCU → BLR,21:25,00:05,2:40,0,No Info,4174,15,04,2019,21,25,00,05,2,40
Jet Airways,24/05/2019,Banglore,Delhi,BLR → DEL,07:10,10:10,3h,0,In-flight meal not included,4030,24,05,2019,07,10,10,10,3h,
Air Asia,21/03/2019,Kolkata,Banglore,CCU → BLR,10:20,12:55,2:35,0,No Info,4082,21,03,2019,10,20,12,55,2,35
Air India,24/05/2019,Kolkata,Banglore,CCU → BBI → HYD → BLR,09:10,11:05,25:55,2,No Info,6117,24,05,2019,09,10,11,05,25,55
Jet Airways,21/03/2019,Banglore,New Delhi,BLR → BDQ → DEL,05:50,12:20,6:30,1,In-flight meal not included,6163,21,03,2019,05,50,12,20,6,30
Jet Airways,27/03/2019,Delhi,Cochin,DEL → BOM → COK,16:00,04:25,12:25,1,In-flight meal not included,6540,27,03,2019,16,00,04,25,12,25
SpiceJet,12/05/2019,Kolkata,Banglore,CCU → MAA → BLR,15:05,20:20,5:15,1,No Info,4649,12,05,2019,15,05,20,20,5,15
Jet Airways,9/06/2019,Delhi,Cochin,DEL → BOM → COK,21:50,19:00,21:10,1,In-flight meal not included,10262,9,06,2019,21,50,19,00,21,10
Vistara,6/04/2019,Banglore,Delhi,BLR → DEL,19:30,22:15,2:45,0,No Info,5613,6,04,2019,19,30,22,15,2,45
IndiGo,24/03/2019,Banglore,New Delhi,BLR → DEL,08:30,11:30,3h,0,No Info,6144,24,03,2019,08,30,11,30,3h,
Jet Airways,12/05/2019,Kolkata,Banglore,CCU → DEL → BLR,17:00,22:05,29:5,1,No Info,13067,12,05,2019,17,00,22,05,29,5
Vistara,03/03/2019,Banglore,New Delhi,BLR → DEL,21:10,00:05,2:55,0,No Info,7608,03,03,2019,21,10,00,05,2,55
Multiple carriers,9/06/2019,Delhi,Cochin,DEL → BOM → COK,10:00,01:30,15:30,1,No Info,7198,9,06,2019,10,00,01,30,15,30
Jet Airways,15/05/2019,Kolkata,Banglore,CCU → BOM → BLR,16:30,23:35,7:5,1,No Info,13941,15,05,2019,16,30,23,35,7,5
Jet Airways,9/06/2019,Delhi,Cochin,DEL → JAI → BOM → COK,09:40,04:25,18:45,2,In-flight meal not included,10368,9,06,2019,09,40,04,25,18,45
SpiceJet,27/06/2019,Chennai,Kolkata,MAA → CCU,08:20,10:35,2:15,0,No check-in baggage included,3543,27,06,2019,08,20,10,35,2,15
IndiGo,27/03/2019,Kolkata,Banglore,CCU → BLR,20:25,23:05,2:40,0,No Info,4462,27,03,2019,20,25,23,05,2,40
Air India,24/03/2019,Kolkata,Banglore,CCU → IXR → BBI → BLR,05:50,13:40,7:50,2,No Info,8005,24,03,2019,05,50,13,40,7,50
Jet Airways,1/04/2019,Kolkata,Banglore,CCU → BOM → BLR,18:55,22:35,27:40,1,In-flight meal not included,7064,1,04,2019,18,55,22,35,27,40
Jet Airways,1/05/2019,Kolkata,Banglore,CCU → DEL → BLR,20:25,21:05,24:40,1,No Info,12121,1,05,2019,20,25,21,05,24,40
Air India,9/05/2019,Delhi,Cochin,DEL → JAI → BOM → COK,12:00,19:15,7:15,2,No Info,8918,9,05,2019,12,00,19,15,7,15
Air India,12/05/2019,Kolkata,Banglore,CCU → BOM → BLR,09:25,21:50,12:25,1,No Info,8891,12,05,2019,09,25,21,50,12,25
Air India,1/05/2019,Kolkata,Banglore,CCU → DEL → BLR,10:00,16:15,6:15,1,No Info,10203,1,05,2019,10,00,16,15,6,15
Multiple carriers,15/05/2019,Delhi,Cochin,DEL → BOM → COK,13:00,21:00,8h,1,No Info,8073,15,05,2019,13,00,21,00,8h,
IndiGo,3/03/2019,Delhi,Cochin,DEL → HYD → COK,16:10,22:20,6:10,1,No Info,11237,3,03,2019,16,10,22,20,6,10
Jet Airways,12/06/2019,Delhi,Cochin,DEL → NAG → BOM → COK,06:45,04:25,21:40,2,No Info,13376,12,06,2019,06,45,04,25,21,40
Multiple carriers,9/06/2019,Delhi,Cochin,DEL → HYD → COK,07:10,22:30,15:20,1,No Info,6513,9,06,2019,07,10,22,30,15,20
Jet Airways,24/05/2019,Kolkata,Banglore,CCU → BOM → BLR,18:55,04:40,9:45,1,No Info,13731,24,05,2019,18,55,04,40,9,45
Jet Airways,1/04/2019,Kolkata,Banglore,CCU → BOM → BLR,20:00,19:50,23:50,1,In-flight meal not included,7064,1,04,2019,20,00,19,50,23,50
Jet Airways,06/03/2019,Banglore,New Delhi,BLR → BOM → DEL,05:45,19:10,13:25,1,No Info,16736,06,03,2019,05,45,19,10,13,25
Jet Airways,15/05/2019,Kolkata,Banglore,CCU → BOM → BLR,20:00,10:05,14:5,1,In-flight meal not included,8586,15,05,2019,20,00,10,05,14,5
Multiple carriers,15/06/2019,Delhi,Cochin,DEL → BOM → COK,06:00,19:00,13h,1,No Info,11789,15,06,2019,06,00,19,00,13h,
IndiGo,24/05/2019,Kolkata,Banglore,CCU → BLR,11:30,14:05,2:35,0,No Info,5224,24,05,2019,11,30,14,05,2,35
IndiGo,15/05/2019,Delhi,Cochin,DEL → COK,21:05,00:20,3:15,0,No Info,6834,15,05,2019,21,05,00,20,3,15
IndiGo,15/06/2019,Delhi,Cochin,DEL → BOM → COK,16:00,01:30,9:30,1,No Info,6316,15,06,2019,16,00,01,30,9,30
Jet Airways,21/03/2019,Delhi,Cochin,DEL → BDQ → BOM → COK,10:45,18:50,32:5,2,No Info,11869,21,03,2019,10,45,18,50,32,5
Air Asia,6/03/2019,Kolkata,Banglore,CCU → BLR,22:50,01:20,2:30,0,No Info,4384,6,03,2019,22,50,01,20,2,30
IndiGo,21/04/2019,Kolkata,Banglore,CCU → BLR,14:25,16:55,2:30,0,No Info,5644,21,04,2019,14,25,16,55,2,30
Air India,9/03/2019,Delhi,Cochin,DEL → CCU → BOM → COK,20:15,19:15,23h,2,No Info,19681,9,03,2019,20,15,19,15,23h,
Multiple carriers,6/06/2019,Delhi,Cochin,DEL → BOM → COK,10:00,01:30,15:30,1,No Info,13377,6,06,2019,10,00,01,30,15,30
Multiple carriers,9/03/2019,Delhi,Cochin,DEL → HYD → MAA → COK,09:45,21:20,11:35,2,No Info,10090,9,03,2019,09,45,21,20,11,35
Jet Airways,6/03/2019,Mumbai,Hyderabad,BOM → IDR → DEL → HYD,17:50,16:50,23h,2,No Info,20845,6,03,2019,17,50,16,50,23h,
Vistara,24/06/2019,Banglore,Delhi,BLR → DEL,17:00,19:35,2:35,0,No Info,4878,24,06,2019,17,00,19,35,2,35
IndiGo,1/06/2019,Mumbai,Hyderabad,BOM → HYD,21:20,22:50,1:30,0,No Info,2227,1,06,2019,21,20,22,50,1,30
IndiGo,18/05/2019,Delhi,Cochin,DEL → HYD → COK,07:35,16:10,8:35,1,No Info,6442,18,05,2019,07,35,16,10,8,35
SpiceJet,27/05/2019,Banglore,Delhi,BLR → DEL,21:10,00:05,2:55,0,No check-in baggage included,3257,27,05,2019,21,10,00,05,2,55
Jet Airways,15/06/2019,Banglore,Delhi,BLR → DEL,06:00,08:45,2:45,0,In-flight meal not included,7229,15,06,2019,06,00,08,45,2,45
Air India,1/05/2019,Kolkata,Banglore,CCU → DEL → COK → BLR,20:30,13:45,17:15,2,No Info,15164,1,05,2019,20,30,13,45,17,15
IndiGo,24/03/2019,Banglore,New Delhi,BLR → DEL,10:10,13:00,2:50,0,No Info,10067,24,03,2019,10,10,13,00,2,50
Air India,15/03/2019,Delhi,Cochin,DEL → COK,14:10,17:10,3h,0,No Info,5674,15,03,2019,14,10,17,10,3h,
Jet Airways,01/03/2019,Banglore,New Delhi,BLR → BOM → DEL,14:05,10:25,20:20,1,No Info,20800,01,03,2019,14,05,10,25,20,20
IndiGo,18/05/2019,Delhi,Cochin,DEL → HYD → COK,06:50,22:30,15:40,1,No Info,7144,18,05,2019,06,50,22,30,15,40
Air India,27/05/2019,Delhi,Cochin,DEL → COK,05:10,08:00,2:50,0,No Info,6094,27,05,2019,05,10,08,00,2,50
Jet Airways,18/05/2019,Mumbai,Hyderabad,BOM → HYD,10:20,11:50,1:30,0,In-flight meal not included,4050,18,05,2019,10,20,11,50,1,30
SpiceJet,24/06/2019,Chennai,Kolkata,MAA → CCU,09:45,12:00,2:15,0,No check-in baggage included,3859,24,06,2019,09,45,12,00,2,15
Jet Airways,21/03/2019,Delhi,Cochin,DEL → IDR → BOM → COK,10:20,18:50,32:30,2,No Info,11664,21,03,2019,10,20,18,50,32,30
Multiple carriers,6/03/2019,Delhi,Cochin,DEL → HYD → MAA → COK,07:10,21:20,14:10,2,In-flight meal not included,7731,6,03,2019,07,10,21,20,14,10
Jet Airways,12/06/2019,Kolkata,Banglore,CCU → DEL → BLR,09:35,19:10,9:35,1,No Info,12692,12,06,2019,09,35,19,10,9,35
Air India,18/05/2019,Delhi,Cochin,DEL → HYD → MAA → COK,13:15,09:25,20:10,2,No Info,11307,18,05,2019,13,15,09,25,20,10
Jet Airways,9/06/2019,Kolkata,Banglore,CCU → BOM → BLR,21:10,04:40,7:30,1,In-flight meal not included,8586,9,06,2019,21,10,04,40,7,30
IndiGo,21/03/2019,Banglore,New Delhi,BLR → STV → DEL,11:20,15:25,4:5,1,No Info,5746,21,03,2019,11,20,15,25,4,5
Multiple carriers,21/03/2019,Delhi,Cochin,DEL → BOM → COK,08:00,19:15,11:15,1,No Info,13378,21,03,2019,08,00,19,15,11,15
Air India,24/03/2019,Banglore,New Delhi,BLR → DEL,17:00,19:45,2:45,0,No Info,7486,24,03,2019,17,00,19,45,2,45
SpiceJet,6/03/2019,Chennai,Kolkata,MAA → CCU,09:30,12:05,2:35,0,No Info,7298,6,03,2019,09,30,12,05,2,35
Multiple carriers,12/06/2019,Delhi,Cochin,DEL → BOM → COK,11:40,21:00,9:20,1,No Info,7005,12,06,2019,11,40,21,00,9,20
IndiGo,12/05/2019,Kolkata,Banglore,CCU → BLR,17:15,19:50,2:35,0,No Info,4804,12,05,2019,17,15,19,50,2,35
IndiGo,9/03/2019,Delhi,Cochin,DEL → BOM → COK,04:45,12:55,8:10,1,No Info,16162,9,03,2019,04,45,12,55,8,10
IndiGo,24/04/2019,Banglore,Delhi,BLR → DEL,00:30,03:25,2:55,0,No Info,3419,24,04,2019,00,30,03,25,2,55
Air Asia,1/05/2019,Kolkata,Banglore,CCU → IXR → DEL → BLR,15:10,23:30,8:20,2,No Info,5192,1,05,2019,15,10,23,30,8,20
Air Asia,15/04/2019,Kolkata,Banglore,CCU → BLR,10:20,12:55,2:35,0,No Info,4409,15,04,2019,10,20,12,55,2,35
Jet Airways,18/04/2019,Banglore,Delhi,BLR → DEL,08:20,11:20,3h,0,No Info,7229,18,04,2019,08,20,11,20,3h,
IndiGo,15/03/2019,Banglore,New Delhi,BLR → HYD → DEL,16:55,21:50,4:55,1,No Info,5397,15,03,2019,16,55,21,50,4,55
Jet Airways,15/04/2019,Delhi,Cochin,DEL → BOM → COK,14:00,19:00,5h,1,In-flight meal not included,6542,15,04,2019,14,00,19,00,5h,
GoAir,27/03/2019,Delhi,Cochin,DEL → BOM → COK,10:25,19:20,8:55,1,No Info,5281,27,03,2019,10,25,19,20,8,55
Multiple carriers,6/06/2019,Delhi,Cochin,DEL → BOM → COK,12:50,19:15,6:25,1,No Info,8266,6,06,2019,12,50,19,15,6,25
Jet Airways,12/06/2019,Delhi,Cochin,DEL → BOM → COK,14:00,19:00,5h,1,In-flight meal not included,10262,12,06,2019,14,00,19,00,5h,
Vistara,24/03/2019,Kolkata,Banglore,CCU → DEL → BLR,20:20,20:25,24:5,1,No Info,11105,24,03,2019,20,20,20,25,24,5
Jet Airways,3/04/2019,Banglore,Delhi,BLR → DEL,08:20,11:20,3h,0,In-flight meal not included,4544,3,04,2019,08,20,11,20,3h,
Air India,6/03/2019,Kolkata,Banglore,CCU → BLR,14:15,16:45,2:30,0,No Info,4960,6,03,2019,14,15,16,45,2,30
Jet Airways,06/03/2019,Banglore,New Delhi,BLR → BOM → DEL,08:55,05:05,20:10,1,No Info,16736,06,03,2019,08,55,05,05,20,10
Multiple carriers,1/06/2019,Delhi,Cochin,DEL → BOM → COK,10:00,01:30,15:30,1,No Info,13377,1,06,2019,10,00,01,30,15,30
SpiceJet,18/05/2019,Mumbai,Hyderabad,BOM → HYD,13:15,14:45,1:30,0,No Info,2227,18,05,2019,13,15,14,45,1,30
Air India,15/03/2019,Mumbai,Hyderabad,BOM → HYD,06:20,07:40,1:20,0,No Info,3100,15,03,2019,06,20,07,40,1,20
Air India,9/06/2019,Mumbai,Hyderabad,BOM → HYD,21:05,22:25,1:20,0,No Info,3100,9,06,2019,21,05,22,25,1,20
SpiceJet,18/05/2019,Kolkata,Banglore,CCU → BLR,06:55,09:30,2:35,0,No Info,3873,18,05,2019,06,55,09,30,2,35
IndiGo,3/03/2019,Mumbai,Hyderabad,BOM → HYD,20:05,21:35,1:30,0,No Info,5232,3,03,2019,20,05,21,35,1,30
Jet Airways,27/05/2019,Banglore,Delhi,BLR → DEL,18:55,22:00,3:5,0,In-flight meal not included,3359,27,05,2019,18,55,22,00,3,5
IndiGo,24/03/2019,Banglore,New Delhi,BLR → DEL,07:10,10:05,2:55,0,No Info,6144,24,03,2019,07,10,10,05,2,55
IndiGo,6/03/2019,Delhi,Cochin,DEL → HYD → COK,07:35,12:00,4:25,1,No Info,7725,6,03,2019,07,35,12,00,4,25
Air India,24/03/2019,Banglore,New Delhi,BLR → DEL,21:05,23:55,2:50,0,No Info,4441,24,03,2019,21,05,23,55,2,50
Air India,27/06/2019,Delhi,Cochin,DEL → RPR → NAG → BOM → COK,05:15,19:15,38h,3,No Info,10703,27,06,2019,05,15,19,15,38h,
Jet Airways,12/06/2019,Kolkata,Banglore,CCU → BOM → BLR,21:10,10:05,12:55,1,In-flight meal not included,8529,12,06,2019,21,10,10,05,12,55
Multiple carriers,3/03/2019,Delhi,Cochin,DEL → BOM → COK,04:00,13:20,9:20,1,No Info,14973,3,03,2019,04,00,13,20,9,20
Jet Airways,24/05/2019,Kolkata,Banglore,CCU → BOM → BLR,08:25,19:50,11:25,1,No Info,14571,24,05,2019,08,25,19,50,11,25
SpiceJet,3/06/2019,Banglore,Delhi,BLR → DEL,21:10,00:05,2:55,0,No check-in baggage included,3257,3,06,2019,21,10,00,05,2,55
Jet Airways,18/03/2019,Banglore,New Delhi,BLR → BOM → DEL,16:55,23:00,6:5,1,In-flight meal not included,11087,18,03,2019,16,55,23,00,6,5
SpiceJet,1/04/2019,Kolkata,Banglore,CCU → BLR,06:55,09:30,2:35,0,No Info,3873,1,04,2019,06,55,09,30,2,35
SpiceJet,15/04/2019,Banglore,Delhi,BLR → DEL,09:30,12:20,2:50,0,No Info,4423,15,04,2019,09,30,12,20,2,50
Air India,3/06/2019,Delhi,Cochin,DEL → GOI → BOM → COK,10:55,07:40,20:45,2,No Info,11753,3,06,2019,10,55,07,40,20,45
Jet Airways,24/05/2019,Kolkata,Banglore,CCU → BOM → BLR,16:30,23:35,7:5,1,No Info,14571,24,05,2019,16,30,23,35,7,5
Multiple carriers,3/06/2019,Delhi,Cochin,DEL → BOM → COK,06:00,21:00,15h,1,No Info,8475,3,06,2019,06,00,21,00,15h,
Jet Airways,1/05/2019,Kolkata,Banglore,CCU → BOM → BLR,20:00,10:05,14:5,1,No Info,13941,1,05,2019,20,00,10,05,14,5
Jet Airways,21/05/2019,Delhi,Cochin,DEL → BOM → COK,19:45,19:00,23:15,1,No Info,16079,21,05,2019,19,45,19,00,23,15
Multiple carriers,6/03/2019,Delhi,Cochin,DEL → BOM → COK,04:00,18:50,14:50,1,No Info,13399,6,03,2019,04,00,18,50,14,50
Air India,6/06/2019,Delhi,Cochin,DEL → AMD → BOM → COK,16:40,19:15,26:35,2,No Info,9653,6,06,2019,16,40,19,15,26,35
Jet Airways,6/06/2019,Delhi,Cochin,DEL → BOM → COK,10:00,19:00,9h,1,No Info,14714,6,06,2019,10,00,19,00,9h,
Air Asia,18/06/2019,Banglore,Delhi,BLR → DEL,11:10,13:55,2:45,0,No Info,3383,18,06,2019,11,10,13,55,2,45
Jet Airways,01/03/2019,Banglore,New Delhi,BLR → BOM → DEL,14:05,08:15,18:10,1,No Info,22270,01,03,2019,14,05,08,15,18,10
Vistara,3/03/2019,Chennai,Kolkata,MAA → CCU,07:05,09:20,2:15,0,No Info,5944,3,03,2019,07,05,09,20,2,15
Jet Airways,12/05/2019,Kolkata,Banglore,CCU → BOM → BLR,18:55,08:15,13:20,1,In-flight meal not included,9663,12,05,2019,18,55,08,15,13,20
Multiple carriers,1/06/2019,Delhi,Cochin,DEL → BOM → COK,11:40,21:00,9:20,1,No Info,7740,1,06,2019,11,40,21,00,9,20
Air India,1/04/2019,Kolkata,Banglore,CCU → DEL → BLR,20:30,23:15,26:45,1,No Info,7211,1,04,2019,20,30,23,15,26,45
Jet Airways,1/04/2019,Banglore,Delhi,BLR → DEL,18:55,22:00,3:5,0,No Info,7229,1,04,2019,18,55,22,00,3,5
IndiGo,6/04/2019,Kolkata,Banglore,CCU → BLR,11:30,14:05,2:35,0,No Info,4174,6,04,2019,11,30,14,05,2,35
Air India,15/03/2019,Kolkata,Banglore,CCU → BLR,14:15,16:45,2:30,0,No Info,5170,15,03,2019,14,15,16,45,2,30
Multiple carriers,3/03/2019,Delhi,Cochin,DEL → BOM → COK,09:10,18:50,9:40,1,No Info,15135,3,03,2019,09,10,18,50,9,40
SpiceJet,9/04/2019,Kolkata,Banglore,CCU → MAA → BLR,15:05,20:20,5:15,1,No Info,4649,9,04,2019,15,05,20,20,5,15
Vistara,1/05/2019,Banglore,Delhi,BLR → DEL,07:00,09:40,2:40,0,No Info,4668,1,05,2019,07,00,09,40,2,40
Air India,12/06/2019,Delhi,Cochin,DEL → MAA → COK,20:40,09:25,12:45,1,No Info,7480,12,06,2019,20,40,09,25,12,45
Air India,18/04/2019,Banglore,Delhi,BLR → DEL,17:00,19:45,2:45,0,No Info,6121,18,04,2019,17,00,19,45,2,45
Jet Airways,27/05/2019,Delhi,Cochin,DEL → AMD → BOM → COK,23:05,19:00,19:55,2,No Info,15129,27,05,2019,23,05,19,00,19,55
Air India,6/05/2019,Kolkata,Banglore,CCU → GAU → BLR,09:50,21:05,11:15,1,No Info,7452,6,05,2019,09,50,21,05,11,15
Jet Airways,6/06/2019,Kolkata,Banglore,CCU → DEL → BLR,09:35,10:55,25:20,1,In-flight meal not included,10539,6,06,2019,09,35,10,55,25,20
IndiGo,03/03/2019,Banglore,New Delhi,BLR → DEL,22:20,01:10,2:50,0,No Info,7648,03,03,2019,22,20,01,10,2,50
SpiceJet,24/03/2019,Banglore,New Delhi,BLR → DEL,09:35,12:30,2:55,0,No Info,3925,24,03,2019,09,35,12,30,2,55
IndiGo,15/06/2019,Chennai,Kolkata,MAA → CCU,13:15,15:35,2:20,0,No Info,3597,15,06,2019,13,15,15,35,2,20
Jet Airways,1/05/2019,Kolkata,Banglore,CCU → BOM → BLR,18:55,10:05,15:10,1,In-flight meal not included,8586,1,05,2019,18,55,10,05,15,10
Air India,27/06/2019,Delhi,Cochin,DEL → CCU → BOM → COK,16:55,19:15,26:20,2,No Info,13591,27,06,2019,16,55,19,15,26,20
Multiple carriers,1/06/2019,Delhi,Cochin,DEL → HYD → COK,07:05,16:10,9:5,1,No Info,9646,1,06,2019,07,05,16,10,9,5
Vistara,6/05/2019,Banglore,Delhi,BLR → DEL,09:45,12:35,2:50,0,No Info,4668,6,05,2019,09,45,12,35,2,50
Air India,9/05/2019,Kolkata,Banglore,CCU → DEL → BLR,10:00,20:25,10:25,1,No Info,10203,9,05,2019,10,00,20,25,10,25
Air India,24/03/2019,Banglore,New Delhi,BLR → COK → DEL,06:55,13:20,6:25,1,No Info,7932,24,03,2019,06,55,13,20,6,25
Air India,1/04/2019,Kolkata,Banglore,CCU → BOM → BLR,16:50,07:55,15:5,1,No Info,7893,1,04,2019,16,50,07,55,15,5
Jet Airways,9/05/2019,Delhi,Cochin,DEL → JAI → BOM → COK,05:30,19:00,13:30,2,In-flight meal not included,13029,9,05,2019,05,30,19,00,13,30
Jet Airways,12/06/2019,Delhi,Cochin,DEL → BOM → COK,09:00,12:35,27:35,1,In-flight meal not included,10262,12,06,2019,09,00,12,35,27,35
IndiGo,12/06/2019,Kolkata,Banglore,CCU → HYD → BLR,19:20,23:45,4:25,1,No Info,3574,12,06,2019,19,20,23,45,4,25
Air Asia,3/06/2019,Delhi,Cochin,DEL → BLR → COK,07:55,22:25,14:30,1,No Info,8759,3,06,2019,07,55,22,25,14,30
Jet Airways,03/03/2019,Banglore,New Delhi,BLR → BOM → DEL,08:00,07:40,23:40,1,In-flight meal not included,13502,03,03,2019,08,00,07,40,23,40
Air India,18/05/2019,Kolkata,Banglore,CCU → MAA → BLR,14:35,14:35,24h,1,No Info,6528,18,05,2019,14,35,14,35,24h,
Jet Airways,27/03/2019,Delhi,Cochin,DEL → BOM → COK,15:05,04:25,13:20,1,In-flight meal not included,6017,27,03,2019,15,05,04,25,13,20
Vistara,9/04/2019,Banglore,Delhi,BLR → DEL,19:30,22:15,2:45,0,No Info,5613,9,04,2019,19,30,22,15,2,45
Jet Airways,27/06/2019,Mumbai,Hyderabad,BOM → HYD,08:45,10:15,1:30,0,No Info,8040,27,06,2019,08,45,10,15,1,30
IndiGo,24/03/2019,Banglore,New Delhi,BLR → DEL,04:00,06:50,2:50,0,No Info,5694,24,03,2019,04,00,06,50,2,50
Jet Airways,21/05/2019,Delhi,Cochin,DEL → BOM → COK,17:30,19:00,25:30,1,In-flight meal not included,12898,21,05,2019,17,30,19,00,25,30
Air Asia,12/06/2019,Kolkata,Banglore,CCU → DEL → BLR,07:35,19:25,11:50,1,No Info,5192,12,06,2019,07,35,19,25,11,50
Jet Airways,1/06/2019,Delhi,Cochin,DEL → BOM → COK,15:00,19:00,28h,1,No Info,14714,1,06,2019,15,00,19,00,28h,
Jet Airways,12/03/2019,Banglore,New Delhi,BLR → BOM → DEL,05:45,23:00,17:15,1,No Info,13817,12,03,2019,05,45,23,00,17,15
Jet Airways,15/06/2019,Delhi,Cochin,DEL → BOM → COK,09:00,19:00,10h,1,No Info,14714,15,06,2019,09,00,19,00,10h,
IndiGo,12/05/2019,Chennai,Kolkata,MAA → CCU,19:35,21:55,2:20,0,No Info,3597,12,05,2019,19,35,21,55,2,20
Air India,9/05/2019,Banglore,Delhi,BLR → DEL,13:20,16:10,2:50,0,No Info,6121,9,05,2019,13,20,16,10,2,50
Air India,9/06/2019,Kolkata,Banglore,CCU → BOM → GOI → BLR,16:50,05:35,12:45,2,No Info,11642,9,06,2019,16,50,05,35,12,45
Jet Airways,6/03/2019,Delhi,Cochin,DEL → BOM → COK,16:00,04:25,12:25,1,No Info,15764,6,03,2019,16,00,04,25,12,25
IndiGo,1/06/2019,Kolkata,Banglore,CCU → BLR,04:40,07:15,2:35,0,No Info,4804,1,06,2019,04,40,07,15,2,35
Air India,27/05/2019,Delhi,Cochin,DEL → GOI → BOM → COK,10:55,19:15,8:20,2,No Info,13223,27,05,2019,10,55,19,15,8,20
IndiGo,24/06/2019,Chennai,Kolkata,MAA → CCU,11:35,14:00,2:25,0,No Info,3858,24,06,2019,11,35,14,00,2,25
Multiple carriers,3/06/2019,Delhi,Cochin,DEL → BOM → COK,10:20,01:30,15:10,1,No Info,6795,3,06,2019,10,20,01,30,15,10
Air Asia,9/03/2019,Delhi,Cochin,DEL → BLR → COK,16:45,22:15,5:30,1,No Info,8327,9,03,2019,16,45,22,15,5,30
Air India,21/05/2019,Delhi,Cochin,DEL → BLR → COK,09:30,23:00,13:30,1,No Info,8907,21,05,2019,09,30,23,00,13,30
IndiGo,9/06/2019,Kolkata,Banglore,CCU → GAU → BLR,15:10,20:30,5:20,1,No Info,7095,9,06,2019,15,10,20,30,5,20
Air India,21/03/2019,Delhi,Cochin,DEL → BOM → COK,21:00,07:40,10:40,1,No Info,6902,21,03,2019,21,00,07,40,10,40
Jet Airways,21/05/2019,Delhi,Cochin,DEL → JAI → BOM → COK,19:30,12:35,17:5,2,In-flight meal not included,13029,21,05,2019,19,30,12,35,17,5
Air India,9/05/2019,Delhi,Cochin,DEL → BOM → COK,10:00,19:15,9:15,1,No Info,8372,9,05,2019,10,00,19,15,9,15
Jet Airways,24/05/2019,Kolkata,Banglore,CCU → BOM → BLR,08:25,19:50,11:25,1,In-flight meal not included,10844,24,05,2019,08,25,19,50,11,25
Air Asia,6/03/2019,Kolkata,Banglore,CCU → BLR,19:35,22:05,2:30,0,No Info,4384,6,03,2019,19,35,22,05,2,30
Jet Airways,15/05/2019,Kolkata,Banglore,CCU → DEL → BLR,09:35,22:05,12:30,1,No Info,12121,15,05,2019,09,35,22,05,12,30
Jet Airways,21/05/2019,Kolkata,Banglore,CCU → DEL → BLR,09:35,14:25,28:50,1,No Info,11467,21,05,2019,09,35,14,25,28,50
IndiGo,03/03/2019,Banglore,New Delhi,BLR → DEL,20:00,22:55,2:55,0,No Info,6860,03,03,2019,20,00,22,55,2,55
Air India,15/06/2019,Delhi,Cochin,DEL → BOM → COK,10:00,19:15,9:15,1,No Info,11241,15,06,2019,10,00,19,15,9,15
Jet Airways,24/03/2019,Kolkata,Banglore,CCU → BOM → BLR,19:45,20:40,24:55,1,No Info,13759,24,03,2019,19,45,20,40,24,55
IndiGo,1/05/2019,Kolkata,Banglore,CCU → BBI → BLR,19:35,23:15,3:40,1,No Info,4226,1,05,2019,19,35,23,15,3,40
IndiGo,9/05/2019,Delhi,Cochin,DEL → BOM → COK,16:00,01:30,9:30,1,No Info,9274,9,05,2019,16,00,01,30,9,30
Multiple carriers,27/06/2019,Delhi,Cochin,DEL → BOM → COK,08:00,19:00,11h,1,No Info,12192,27,06,2019,08,00,19,00,11h,
IndiGo,9/06/2019,Kolkata,Banglore,CCU → BLR,09:35,12:20,2:45,0,No Info,4804,9,06,2019,09,35,12,20,2,45
Jet Airways,27/06/2019,Delhi,Cochin,DEL → BOM → COK,11:30,12:35,25:5,1,In-flight meal not included,10262,27,06,2019,11,30,12,35,25,5
Jet Airways,15/06/2019,Delhi,Cochin,DEL → BOM → COK,13:00,12:35,23:35,1,In-flight meal not included,10262,15,06,2019,13,00,12,35,23,35
IndiGo,9/06/2019,Mumbai,Hyderabad,BOM → HYD,16:55,18:25,1:30,0,No Info,3175,9,06,2019,16,55,18,25,1,30
Jet Airways,27/05/2019,Delhi,Cochin,DEL → BOM → COK,17:30,12:35,19:5,1,In-flight meal not included,12898,27,05,2019,17,30,12,35,19,5
Jet Airways,21/06/2019,Delhi,Cochin,DEL → COK,11:00,14:15,3:15,0,No Info,9564,21,06,2019,11,00,14,15,3,15
Jet Airways,27/06/2019,Delhi,Cochin,DEL → AMD → BOM → COK,13:25,19:00,29:35,2,No Info,12819,27,06,2019,13,25,19,00,29,35
Air India,24/03/2019,Kolkata,Banglore,CCU → BBI → BOM → BLR,09:10,07:55,22:45,2,No Info,15187,24,03,2019,09,10,07,55,22,45
Air India,24/05/2019,Kolkata,Banglore,CCU → BOM → COK → BLR,09:25,13:45,28:20,2,No Info,12802,24,05,2019,09,25,13,45,28,20
IndiGo,3/06/2019,Kolkata,Banglore,CCU → BLR,09:35,12:10,2:35,0,No Info,4804,3,06,2019,09,35,12,10,2,35
SpiceJet,9/03/2019,Chennai,Kolkata,MAA → CCU,17:45,20:05,2:20,0,No Info,6300,9,03,2019,17,45,20,05,2,20
SpiceJet,27/05/2019,Kolkata,Banglore,CCU → BLR,17:10,19:40,2:30,0,No Info,3873,27,05,2019,17,10,19,40,2,30
IndiGo,1/06/2019,Kolkata,Banglore,CCU → BLR,17:15,19:50,2:35,0,No Info,5224,1,06,2019,17,15,19,50,2,35
Air India,15/04/2019,Banglore,Delhi,BLR → DEL,21:05,23:55,2:50,0,No Info,5228,15,04,2019,21,05,23,55,2,50
Air India,12/03/2019,Mumbai,Hyderabad,BOM → BLR → HYD,09:15,09:15,24h,1,No Info,8065,12,03,2019,09,15,09,15,24h,
Air India,3/04/2019,Banglore,Delhi,BLR → DEL,21:05,23:55,2:50,0,No Info,4441,3,04,2019,21,05,23,55,2,50
Multiple carriers,3/06/2019,Delhi,Cochin,DEL → BOM → COK,10:35,19:15,8:40,1,No Info,7354,3,06,2019,10,35,19,15,8,40
Air India,21/05/2019,Delhi,Cochin,DEL → COK,05:10,08:00,2:50,0,No Info,6094,21,05,2019,05,10,08,00,2,50
Jet Airways,1/04/2019,Kolkata,Banglore,CCU → BOM → BLR,20:00,12:00,16h,1,In-flight meal not included,7064,1,04,2019,20,00,12,00,16h,
Jet Airways,9/06/2019,Delhi,Cochin,DEL → IDR → BOM → COK,09:35,04:25,18:50,2,No Info,13292,9,06,2019,09,35,04,25,18,50
Jet Airways,12/06/2019,Delhi,Cochin,DEL → NAG → BOM → COK,14:35,12:35,22h,2,No Info,13376,12,06,2019,14,35,12,35,22h,
Jet Airways,21/03/2019,Delhi,Cochin,DEL → BDQ → BOM → COK,10:45,18:50,32:5,2,In-flight meal not included,7791,21,03,2019,10,45,18,50,32,5
Air India,12/06/2019,Delhi,Cochin,DEL → MAA → COK,12:30,09:25,20:55,1,No Info,7480,12,06,2019,12,30,09,25,20,55
IndiGo,15/05/2019,Kolkata,Banglore,CCU → MAA → BLR,08:10,13:00,4:50,1,No Info,5069,15,05,2019,08,10,13,00,4,50
SpiceJet,18/06/2019,Banglore,Delhi,BLR → DEL,09:30,12:20,2:50,0,No check-in baggage included,3257,18,06,2019,09,30,12,20,2,50
Multiple carriers,9/05/2019,Delhi,Cochin,DEL → BOM → COK,12:50,01:30,12:40,1,No Info,34273,9,05,2019,12,50,01,30,12,40
Jet Airways,18/05/2019,Delhi,Cochin,DEL → AMD → BOM → COK,19:10,19:00,23:50,2,No Info,16704,18,05,2019,19,10,19,00,23,50
Air India,9/05/2019,Kolkata,Banglore,CCU → JAI → DEL → BLR,08:20,23:15,14:55,2,No Info,11432,9,05,2019,08,20,23,15,14,55
Air India,12/03/2019,Mumbai,Hyderabad,BOM → HYD,21:05,22:25,1:20,0,No Info,4307,12,03,2019,21,05,22,25,1,20
Jet Airways,27/05/2019,Delhi,Cochin,DEL → JAI → BOM → COK,19:30,12:35,17:5,2,In-flight meal not included,13029,27,05,2019,19,30,12,35,17,5
Air India,21/05/2019,Mumbai,Hyderabad,BOM → HYD,15:00,16:25,1:25,0,No Info,3100,21,05,2019,15,00,16,25,1,25
Jet Airways,24/03/2019,Kolkata,Banglore,CCU → BOM → BLR,19:45,22:35,26:50,1,In-flight meal not included,10031,24,03,2019,19,45,22,35,26,50
SpiceJet,6/06/2019,Kolkata,Banglore,CCU → BLR,06:55,09:30,2:35,0,No check-in baggage included,3841,6,06,2019,06,55,09,30,2,35
Jet Airways,15/05/2019,Banglore,Delhi,BLR → DEL,19:50,22:50,3h,0,In-flight meal not included,4030,15,05,2019,19,50,22,50,3h,
Air India,15/06/2019,Delhi,Cochin,DEL → GOI → BOM → COK,22:00,19:15,21:15,2,No Info,10441,15,06,2019,22,00,19,15,21,15
Air India,24/03/2019,Kolkata,Banglore,CCU → BBI → IXR → DEL → BLR,12:00,23:15,35:15,3,No Info,14221,24,03,2019,12,00,23,15,35,15
Jet Airways,3/06/2019,Delhi,Cochin,DEL → BOM → COK,11:30,19:00,7:30,1,In-flight meal not included,10262,3,06,2019,11,30,19,00,7,30
Jet Airways,15/04/2019,Banglore,Delhi,BLR → DEL,11:10,14:05,2:55,0,No Info,7229,15,04,2019,11,10,14,05,2,55
IndiGo,24/03/2019,Banglore,New Delhi,BLR → DEL,13:00,15:50,2:50,0,No Info,8033,24,03,2019,13,00,15,50,2,50
IndiGo,15/06/2019,Delhi,Cochin,DEL → HYD → COK,05:05,12:10,7:5,1,No Info,6818,15,06,2019,05,05,12,10,7,5
Multiple carriers,21/05/2019,Delhi,Cochin,DEL → BOM → COK,08:45,21:00,12:15,1,No Info,7485,21,05,2019,08,45,21,00,12,15
SpiceJet,3/06/2019,Banglore,Delhi,BLR → DEL,09:30,12:20,2:50,0,No Info,3971,3,06,2019,09,30,12,20,2,50
SpiceJet,15/05/2019,Chennai,Kolkata,MAA → CCU,17:45,20:05,2:20,0,No Info,3597,15,05,2019,17,45,20,05,2,20
Jet Airways,18/03/2019,Mumbai,Hyderabad,BOM → HYD,02:55,04:25,1:30,0,No Info,5678,18,03,2019,02,55,04,25,1,30
Air India,24/05/2019,Kolkata,Banglore,CCU → BOM → BLR,09:25,07:55,22:30,1,No Info,8366,24,05,2019,09,25,07,55,22,30
Air India,6/06/2019,Delhi,Cochin,DEL → GOI → BOM → COK,10:55,19:15,8:20,2,No Info,11753,6,06,2019,10,55,19,15,8,20
SpiceJet,24/06/2019,Kolkata,Banglore,CCU → BLR,22:20,00:40,2:20,0,No check-in baggage included,3841,24,06,2019,22,20,00,40,2,20
Vistara,15/05/2019,Kolkata,Banglore,CCU → DEL → BLR,17:00,23:25,6:25,1,No Info,9345,15,05,2019,17,00,23,25,6,25
Air India,6/06/2019,Kolkata,Banglore,CCU → VNS → DEL → BLR,14:30,08:55,18:25,2,No Info,15107,6,06,2019,14,30,08,55,18,25
Multiple carriers,6/06/2019,Delhi,Cochin,DEL → HYD → COK,07:05,22:30,15:25,1,No Info,9646,6,06,2019,07,05,22,30,15,25
Jet Airways,9/06/2019,Delhi,Cochin,DEL → BOM → COK,07:05,04:25,21:20,1,In-flight meal not included,10262,9,06,2019,07,05,04,25,21,20
Jet Airways,27/03/2019,Delhi,Cochin,DEL → AMD → BOM → COK,19:10,04:25,9:15,2,In-flight meal not included,8456,27,03,2019,19,10,04,25,9,15
SpiceJet,9/06/2019,Kolkata,Banglore,CCU → BLR,22:20,00:40,2:20,0,No check-in baggage included,3841,9,06,2019,22,20,00,40,2,20
Multiple carriers,27/03/2019,Delhi,Cochin,DEL → BOM → COK,07:05,13:20,6:15,1,No Info,12537,27,03,2019,07,05,13,20,6,15
IndiGo,6/06/2019,Kolkata,Banglore,CCU → BLR,09:35,12:10,2:35,0,No Info,4804,6,06,2019,09,35,12,10,2,35
Multiple carriers,6/06/2019,Delhi,Cochin,DEL → BOM → COK,10:20,21:00,10:40,1,No Info,7005,6,06,2019,10,20,21,00,10,40
Multiple carriers,15/06/2019,Delhi,Cochin,DEL → BOM → COK,07:05,21:00,13:55,1,No Info,13587,15,06,2019,07,05,21,00,13,55
Jet Airways,12/05/2019,Mumbai,Hyderabad,BOM → HYD,07:05,08:30,1:25,0,In-flight meal not included,4050,12,05,2019,07,05,08,30,1,25
IndiGo,21/03/2019,Kolkata,Banglore,CCU → BLR,09:35,12:20,2:45,0,No Info,4148,21,03,2019,09,35,12,20,2,45
IndiGo,1/05/2019,Chennai,Kolkata,MAA → CCU,05:15,07:40,2:25,0,No Info,3850,1,05,2019,05,15,07,40,2,25
IndiGo,27/04/2019,Banglore,Delhi,BLR → DEL,01:30,04:15,2:45,0,No Info,4591,27,04,2019,01,30,04,15,2,45
Jet Airways,18/06/2019,Banglore,Delhi,BLR → DEL,17:45,20:45,3h,0,No Info,8016,18,06,2019,17,45,20,45,3h,
IndiGo,18/05/2019,Kolkata,Banglore,CCU → BLR,15:15,17:45,2:30,0,No Info,4804,18,05,2019,15,15,17,45,2,30
Jet Airways,18/05/2019,Kolkata,Banglore,CCU → BOM → BLR,05:45,08:15,26:30,1,No Info,13941,18,05,2019,05,45,08,15,26,30
IndiGo,21/05/2019,Delhi,Cochin,DEL → BOM → COK,06:40,21:00,14:20,1,No Info,7006,21,05,2019,06,40,21,00,14,20
Air India,12/05/2019,Kolkata,Banglore,CCU → GAU → IMF → DEL → BLR,09:50,23:15,13:25,3,No Info,14015,12,05,2019,09,50,23,15,13,25
Jet Airways,12/03/2019,Banglore,New Delhi,BLR → BOM → DEL,22:55,07:40,8:45,1,In-flight meal not included,11087,12,03,2019,22,55,07,40,8,45
IndiGo,9/03/2019,Delhi,Cochin,DEL → HYD → COK,06:40,12:00,5:20,1,No Info,5647,9,03,2019,06,40,12,00,5,20
IndiGo,21/05/2019,Delhi,Cochin,DEL → PNQ → COK,23:30,04:35,5:5,1,No Info,8745,21,05,2019,23,30,04,35,5,5
Jet Airways,1/06/2019,Banglore,Delhi,BLR → DEL,06:00,08:45,2:45,0,No Info,8016,1,06,2019,06,00,08,45,2,45
Jet Airways,9/06/2019,Delhi,Cochin,DEL → COK,11:00,14:15,3:15,0,In-flight meal not included,7202,9,06,2019,11,00,14,15,3,15
Jet Airways,21/03/2019,Delhi,Cochin,DEL → BOM → COK,16:00,18:50,26:50,1,In-flight meal not included,5963,21,03,2019,16,00,18,50,26,50
Multiple carriers,6/06/2019,Delhi,Cochin,DEL → HYD → COK,09:45,22:30,12:45,1,No Info,9646,6,06,2019,09,45,22,30,12,45
Air India,21/06/2019,Mumbai,Hyderabad,BOM → HYD,13:55,15:25,1:30,0,No Info,3100,21,06,2019,13,55,15,25,1,30
IndiGo,9/03/2019,Kolkata,Banglore,CCU → BLR,15:20,17:55,2:35,0,No Info,4148,9,03,2019,15,20,17,55,2,35
IndiGo,1/05/2019,Banglore,Delhi,BLR → DEL,18:25,21:20,2:55,0,No Info,4823,1,05,2019,18,25,21,20,2,55
SpiceJet,6/04/2019,Kolkata,Banglore,CCU → BLR,17:10,19:40,2:30,0,No check-in baggage included,3841,6,04,2019,17,10,19,40,2,30
Jet Airways,3/06/2019,Delhi,Cochin,DEL → JAI → BOM → COK,09:40,19:00,9:20,2,No Info,13014,3,06,2019,09,40,19,00,9,20
Jet Airways,9/06/2019,Delhi,Cochin,DEL → BOM → COK,02:15,04:25,26:10,1,In-flight meal not included,10262,9,06,2019,02,15,04,25,26,10
Air India,27/03/2019,Mumbai,Hyderabad,BOM → HYD,21:05,22:25,1:20,0,No Info,2575,27,03,2019,21,05,22,25,1,20
Jet Airways,06/03/2019,Banglore,New Delhi,BLR → BOM → DEL,08:00,15:15,7:15,1,No Info,19225,06,03,2019,08,00,15,15,7,15
IndiGo,6/04/2019,Kolkata,Banglore,CCU → BLR,20:20,22:55,2:35,0,No Info,4174,6,04,2019,20,20,22,55,2,35
GoAir,6/06/2019,Delhi,Cochin,DEL → BOM → COK,14:25,19:35,5:10,1,No Info,7870,6,06,2019,14,25,19,35,5,10
Air India,21/03/2019,Delhi,Cochin,DEL → BOM → COK,13:00,19:15,6:15,1,No Info,7934,21,03,2019,13,00,19,15,6,15
Jet Airways,21/03/2019,Delhi,Cochin,DEL → BDQ → BOM → COK,10:45,18:50,8:5,2,No Info,11360,21,03,2019,10,45,18,50,8,5
IndiGo,27/06/2019,Delhi,Cochin,DEL → HYD → COK,06:50,16:10,9:20,1,No Info,6442,27,06,2019,06,50,16,10,9,20
Jet Airways,3/06/2019,Delhi,Cochin,DEL → BOM → COK,20:55,04:25,7:30,1,In-flight meal not included,10262,3,06,2019,20,55,04,25,7,30
Multiple carriers,27/03/2019,Delhi,Cochin,DEL → BOM → COK,11:30,19:15,7:45,1,No Info,6732,27,03,2019,11,30,19,15,7,45
Vistara,9/06/2019,Banglore,Delhi,BLR → DEL,09:45,12:35,2:50,0,No Info,4668,9,06,2019,09,45,12,35,2,50
IndiGo,21/04/2019,Delhi,Cochin,DEL → BLR → COK,02:00,07:45,5:45,1,No Info,6258,21,04,2019,02,00,07,45,5,45
Multiple carriers,15/06/2019,Delhi,Cochin,DEL → BOM → COK,07:05,19:15,12:10,1,No Info,16108,15,06,2019,07,05,19,15,12,10
IndiGo,6/03/2019,Delhi,Cochin,DEL → BOM → COK,06:40,13:20,6:40,1,No Info,14871,6,03,2019,06,40,13,20,6,40
Air Asia,9/04/2019,Banglore,Delhi,BLR → DEL,23:55,02:45,2:50,0,No Info,4483,9,04,2019,23,55,02,45,2,50
Jet Airways,12/05/2019,Kolkata,Banglore,CCU → DEL → BLR,20:25,23:35,27:10,1,In-flight meal not included,8066,12,05,2019,20,25,23,35,27,10
SpiceJet,9/06/2019,Kolkata,Banglore,CCU → IXB → BLR,11:15,18:30,7:15,1,No Info,9946,9,06,2019,11,15,18,30,7,15
IndiGo,21/05/2019,Delhi,Cochin,DEL → BLR → COK,15:10,20:50,5:40,1,No Info,6027,21,05,2019,15,10,20,50,5,40
Jet Airways,9/06/2019,Delhi,Cochin,DEL → BOM → COK,22:50,12:35,13:45,1,In-flight meal not included,10262,9,06,2019,22,50,12,35,13,45
Jet Airways,9/06/2019,Kolkata,Banglore,CCU → BOM → BLR,21:10,18:15,21:5,1,In-flight meal not included,10844,9,06,2019,21,10,18,15,21,5
Jet Airways,15/05/2019,Kolkata,Banglore,CCU → BOM → BLR,16:30,23:35,7:5,1,In-flight meal not included,8586,15,05,2019,16,30,23,35,7,5
IndiGo,27/05/2019,Delhi,Cochin,DEL → COK,14:25,17:40,3:15,0,No Info,6015,27,05,2019,14,25,17,40,3,15
IndiGo,18/04/2019,Banglore,Delhi,BLR → DEL,13:00,15:50,2:50,0,No Info,4990,18,04,2019,13,00,15,50,2,50
Jet Airways,12/05/2019,Kolkata,Banglore,CCU → BOM → BLR,21:10,16:20,19:10,1,In-flight meal not included,10844,12,05,2019,21,10,16,20,19,10
Multiple carriers,6/06/2019,Delhi,Cochin,DEL → BOM → COK,11:30,01:30,14h,1,No Info,13377,6,06,2019,11,30,01,30,14h,
Air India,9/06/2019,Delhi,Cochin,DEL → JAI → BOM → COK,18:45,19:15,24:30,2,No Info,12257,9,06,2019,18,45,19,15,24,30
IndiGo,27/05/2019,Kolkata,Banglore,CCU → BLR,17:15,19:50,2:35,0,No Info,4804,27,05,2019,17,15,19,50,2,35
Vistara,09/03/2019,Banglore,New Delhi,BLR → AMD → DEL,06:40,21:55,15:15,1,No Info,10008,09,03,2019,06,40,21,55,15,15
IndiGo,1/05/2019,Chennai,Kolkata,MAA → CCU,19:35,21:55,2:20,0,No Info,3597,1,05,2019,19,35,21,55,2,20
IndiGo,6/05/2019,Banglore,Delhi,BLR → DEL,22:10,01:00,2:50,0,No Info,3419,6,05,2019,22,10,01,00,2,50
Jet Airways,27/05/2019,Delhi,Cochin,DEL → BOM → COK,07:05,19:00,11:55,1,No Info,16289,27,05,2019,07,05,19,00,11,55
Jet Airways,18/05/2019,Kolkata,Banglore,CCU → BOM → BLR,16:30,12:00,19:30,1,In-flight meal not included,10844,18,05,2019,16,30,12,00,19,30
Multiple carriers,1/06/2019,Delhi,Cochin,DEL → BOM → COK,10:20,19:15,8:55,1,No Info,9526,1,06,2019,10,20,19,15,8,55
Jet Airways,1/04/2019,Kolkata,Banglore,CCU → BOM → BLR,21:10,09:20,12:10,1,In-flight meal not included,8849,1,04,2019,21,10,09,20,12,10
Air India,6/05/2019,Banglore,Delhi,BLR → DEL,06:10,08:55,2:45,0,No Info,6121,6,05,2019,06,10,08,55,2,45
Jet Airways,21/03/2019,Delhi,Cochin,DEL → BDQ → BOM → COK,18:25,18:50,24:25,2,No Info,12347,21,03,2019,18,25,18,50,24,25
Vistara,18/04/2019,Banglore,Delhi,BLR → DEL,21:00,23:50,2:50,0,No Info,5613,18,04,2019,21,00,23,50,2,50
Jet Airways,3/03/2019,Delhi,Cochin,DEL → BOM → COK,23:05,18:50,19:45,1,No Info,18253,3,03,2019,23,05,18,50,19,45
Multiple carriers,21/05/2019,Delhi,Cochin,DEL → BOM → COK,10:00,19:15,9:15,1,No Info,14848,21,05,2019,10,00,19,15,9,15
Jet Airways,15/05/2019,Mumbai,Hyderabad,BOM → HYD,10:20,11:50,1:30,0,In-flight meal not included,4995,15,05,2019,10,20,11,50,1,30
IndiGo,6/06/2019,Banglore,Delhi,BLR → DEL,23:30,02:20,2:50,0,No Info,4591,6,06,2019,23,30,02,20,2,50
IndiGo,18/03/2019,Kolkata,Banglore,CCU → BLR,20:25,23:05,2:40,0,No Info,4462,18,03,2019,20,25,23,05,2,40
Jet Airways,21/05/2019,Delhi,Cochin,DEL → BOM → COK,22:50,19:00,20:10,1,In-flight meal not included,12898,21,05,2019,22,50,19,00,20,10
Jet Airways,27/03/2019,Delhi,Cochin,DEL → BOM → COK,09:00,18:50,9:50,1,No Info,12032,27,03,2019,09,00,18,50,9,50
Jet Airways,9/05/2019,Delhi,Cochin,DEL → JAI → BOM → COK,09:40,04:25,18:45,2,In-flight meal not included,13029,9,05,2019,09,40,04,25,18,45
SpiceJet,3/06/2019,Chennai,Kolkata,MAA → CCU,17:45,20:05,2:20,0,No check-in baggage included,3543,3,06,2019,17,45,20,05,2,20
Air India,03/03/2019,Banglore,New Delhi,BLR → DEL,06:10,08:55,2:45,0,No Info,8851,03,03,2019,06,10,08,55,2,45
Jet Airways,6/06/2019,Delhi,Cochin,DEL → BOM → COK,22:50,04:25,5:35,1,No Info,14714,6,06,2019,22,50,04,25,5,35
SpiceJet,24/04/2019,Kolkata,Banglore,CCU → BLR,06:55,09:30,2:35,0,No check-in baggage included,3841,24,04,2019,06,55,09,30,2,35
Multiple carriers,21/03/2019,Delhi,Cochin,DEL → BOM → COK,11:40,19:15,7:35,1,No Info,7531,21,03,2019,11,40,19,15,7,35
Multiple carriers,27/03/2019,Delhi,Cochin,DEL → BOM → COK,06:00,13:20,7:20,1,No Info,7845,27,03,2019,06,00,13,20,7,20
Jet Airways,9/05/2019,Kolkata,Banglore,CCU → BOM → BLR,06:30,12:00,5:30,1,In-flight meal not included,9663,9,05,2019,06,30,12,00,5,30
Jet Airways,6/05/2019,Mumbai,Hyderabad,BOM → HYD,02:55,04:20,1:25,0,No Info,5678,6,05,2019,02,55,04,20,1,25
IndiGo,18/05/2019,Banglore,Delhi,BLR → DEL,01:30,04:15,2:45,0,No Info,5780,18,05,2019,01,30,04,15,2,45
SpiceJet,9/04/2019,Kolkata,Banglore,CCU → BLR,09:00,11:25,2:25,0,No check-in baggage included,3841,9,04,2019,09,00,11,25,2,25
Air India,24/06/2019,Delhi,Cochin,DEL → BLR → COK,17:40,23:00,5:20,1,No Info,7174,24,06,2019,17,40,23,00,5,20
Air India,18/05/2019,Kolkata,Banglore,CCU → BOM → HBX → BLR,09:25,17:20,31:55,2,No Info,13616,18,05,2019,09,25,17,20,31,55
Multiple carriers,27/05/2019,Delhi,Cochin,DEL → IXU → BOM → COK,17:50,01:30,7:40,2,No Info,18275,27,05,2019,17,50,01,30,7,40
Air India,15/05/2019,Kolkata,Banglore,CCU → BOM → COK → BLR,09:25,13:45,28:20,2,No Info,14482,15,05,2019,09,25,13,45,28,20
Air India,6/05/2019,Kolkata,Banglore,CCU → IXR → BBI → BLR,05:50,13:15,7:25,2,No Info,7662,6,05,2019,05,50,13,15,7,25
Air India,15/05/2019,Delhi,Cochin,DEL → GOI → BOM → COK,22:00,19:15,21:15,2,No Info,11281,15,05,2019,22,00,19,15,21,15
Air India,21/05/2019,Kolkata,Banglore,CCU → HYD → BLR,19:00,11:05,16:5,1,No Info,6117,21,05,2019,19,00,11,05,16,5
SpiceJet,6/04/2019,Banglore,Delhi,BLR → DEL,05:55,08:35,2:40,0,No Info,4423,6,04,2019,05,55,08,35,2,40
Air India,6/06/2019,Kolkata,Banglore,CCU → BBI → BOM → BLR,12:00,21:50,9:50,2,No Info,9416,6,06,2019,12,00,21,50,9,50
Air India,21/06/2019,Banglore,Delhi,BLR → DEL,10:00,12:45,2:45,0,No Info,6961,21,06,2019,10,00,12,45,2,45
Jet Airways,1/06/2019,Delhi,Cochin,DEL → NAG → BOM → COK,06:45,04:25,21:40,2,No Info,13376,1,06,2019,06,45,04,25,21,40
GoAir,24/03/2019,Banglore,New Delhi,BLR → DEL,07:45,10:40,2:55,0,No Info,4239,24,03,2019,07,45,10,40,2,55
Multiple carriers,15/05/2019,Delhi,Cochin,DEL → BOM → COK,10:00,21:00,11h,1,No Info,13727,15,05,2019,10,00,21,00,11h,
Jet Airways,18/05/2019,Kolkata,Banglore,CCU → DEL → BLR,17:00,14:25,21:25,1,No Info,13067,18,05,2019,17,00,14,25,21,25
Air India,21/06/2019,Banglore,Delhi,BLR → DEL,13:20,16:10,2:50,0,No Info,6961,21,06,2019,13,20,16,10,2,50
Jet Airways,1/04/2019,Kolkata,Banglore,CCU → BOM → BLR,18:55,23:35,28:40,1,In-flight meal not included,7064,1,04,2019,18,55,23,35,28,40
IndiGo,21/03/2019,Delhi,Cochin,DEL → BOM → COK,06:40,21:00,14:20,1,No Info,8784,21,03,2019,06,40,21,00,14,20
Jet Airways,1/05/2019,Kolkata,Banglore,CCU → BOM → BLR,08:25,04:40,20:15,1,No Info,13941,1,05,2019,08,25,04,40,20,15
Multiple carriers,24/06/2019,Delhi,Cochin,DEL → BOM → COK,07:05,19:15,12:10,1,No Info,15058,24,06,2019,07,05,19,15,12,10
Air Asia,27/06/2019,Delhi,Cochin,DEL → BLR → COK,20:45,07:10,10:25,1,No Info,6451,27,06,2019,20,45,07,10,10,25
Jet Airways,6/06/2019,Delhi,Cochin,DEL → JAI → BOM → COK,05:30,19:00,13:30,2,No Info,13014,6,06,2019,05,30,19,00,13,30
GoAir,3/03/2019,Delhi,Cochin,DEL → BOM → COK,14:10,19:20,5:10,1,No Info,22794,3,03,2019,14,10,19,20,5,10
GoAir,27/04/2019,Delhi,Cochin,DEL → BOM → COK,10:35,19:35,9h,1,No Info,6922,27,04,2019,10,35,19,35,9h,
Jet Airways,12/04/2019,Banglore,Delhi,BLR → DEL,11:10,14:05,2:55,0,No Info,7229,12,04,2019,11,10,14,05,2,55
Multiple carriers,12/06/2019,Delhi,Cochin,DEL → BOM → COK,10:00,21:00,11h,1,No Info,13587,12,06,2019,10,00,21,00,11h,
Air India,21/03/2019,Delhi,Cochin,DEL → JDH → BOM → COK,12:55,19:15,30:20,2,No Info,11228,21,03,2019,12,55,19,15,30,20
Air Asia,1/05/2019,Banglore,Delhi,BLR → DEL,04:55,07:45,2:50,0,No Info,4282,1,05,2019,04,55,07,45,2,50
Jet Airways,18/03/2019,Banglore,New Delhi,BLR → BOM → DEL,05:45,10:25,4:40,1,No Info,12284,18,03,2019,05,45,10,25,4,40
Jet Airways,9/06/2019,Delhi,Cochin,DEL → BOM → COK,09:00,12:35,27:35,1,In-flight meal not included,10262,9,06,2019,09,00,12,35,27,35
Vistara,21/05/2019,Delhi,Cochin,DEL → COK,06:00,09:10,3:10,0,No Info,6741,21,05,2019,06,00,09,10,3,10
IndiGo,15/06/2019,Banglore,Delhi,BLR → DEL,10:30,13:20,2:50,0,No Info,3943,15,06,2019,10,30,13,20,2,50
Air India,12/05/2019,Kolkata,Banglore,CCU → GAU → BLR,16:45,21:05,28:20,1,No Info,7662,12,05,2019,16,45,21,05,28,20
Jet Airways,12/05/2019,Kolkata,Banglore,CCU → BOM → BLR,08:25,08:15,23:50,1,In-flight meal not included,8586,12,05,2019,08,25,08,15,23,50
Air India,27/03/2019,Delhi,Cochin,DEL → MAA → COK,20:40,09:25,12:45,1,No Info,5117,27,03,2019,20,40,09,25,12,45
Jet Airways,24/06/2019,Delhi,Cochin,DEL → NAG → BOM → COK,14:35,12:35,22h,2,No Info,13376,24,06,2019,14,35,12,35,22h,
IndiGo,15/05/2019,Delhi,Cochin,DEL → HYD → COK,06:50,12:10,5:20,1,No Info,5298,15,05,2019,06,50,12,10,5,20
GoAir,9/04/2019,Banglore,Delhi,BLR → DEL,07:45,10:40,2:55,0,No Info,4632,9,04,2019,07,45,10,40,2,55
Jet Airways,1/06/2019,Delhi,Cochin,DEL → JAI → BOM → COK,19:30,04:25,8:55,2,No Info,13014,1,06,2019,19,30,04,25,8,55
IndiGo,01/03/2019,Banglore,New Delhi,BLR → DEL,21:20,00:15,2:55,0,No Info,12649,01,03,2019,21,20,00,15,2,55
IndiGo,24/03/2019,Kolkata,Banglore,CCU → MAA → BLR,08:15,13:00,4:45,1,No Info,6303,24,03,2019,08,15,13,00,4,45
Multiple carriers,9/03/2019,Delhi,Cochin,DEL → HYD → MAA → COK,13:15,21:20,8:5,2,No Info,11560,9,03,2019,13,15,21,20,8,5
IndiGo,21/05/2019,Banglore,Delhi,BLR → DEL,08:30,11:20,2:50,0,No Info,4823,21,05,2019,08,30,11,20,2,50
GoAir,21/04/2019,Delhi,Cochin,DEL → BOM → COK,10:35,19:35,9h,1,No Info,7031,21,04,2019,10,35,19,35,9h,
SpiceJet,15/05/2019,Banglore,Delhi,BLR → DEL,09:30,12:20,2:50,0,No Info,4423,15,05,2019,09,30,12,20,2,50
Air India,12/06/2019,Delhi,Cochin,DEL → HYD → MAA → COK,09:45,09:25,23:40,2,No Info,10975,12,06,2019,09,45,09,25,23,40
SpiceJet,9/04/2019,Kolkata,Banglore,CCU → BLR,22:20,00:40,2:20,0,No Info,3873,9,04,2019,22,20,00,40,2,20
Air Asia,24/04/2019,Kolkata,Banglore,CCU → BLR,19:55,22:25,2:30,0,No Info,4107,24,04,2019,19,55,22,25,2,30
Jet Airways,18/03/2019,Banglore,New Delhi,BLR → BOM → DEL,16:55,10:25,17:30,1,In-flight meal not included,11087,18,03,2019,16,55,10,25,17,30
Multiple carriers,15/05/2019,Delhi,Cochin,DEL → BOM → COK,07:30,19:00,11:30,1,No Info,10529,15,05,2019,07,30,19,00,11,30
Vistara,15/03/2019,Banglore,New Delhi,BLR → DEL,07:00,09:40,2:40,0,No Info,6138,15,03,2019,07,00,09,40,2,40
Jet Airways,12/03/2019,Banglore,New Delhi,BLR → BOM → DEL,22:55,15:15,16:20,1,No Info,13817,12,03,2019,22,55,15,15,16,20
Multiple carriers,27/06/2019,Delhi,Cochin,DEL → HYD → COK,07:10,22:30,15:20,1,In-flight meal not included,6093,27,06,2019,07,10,22,30,15,20
Jet Airways,24/03/2019,Mumbai,Hyderabad,BOM → HYD,07:10,08:35,1:25,0,No Info,5678,24,03,2019,07,10,08,35,1,25
Air India,1/04/2019,Kolkata,Banglore,CCU → DEL → BLR,17:30,08:55,15:25,1,No Info,7893,1,04,2019,17,30,08,55,15,25
Air India,1/05/2019,Banglore,Delhi,BLR → DEL,13:20,16:10,2:50,0,No Info,6121,1,05,2019,13,20,16,10,2,50
Jet Airways,9/04/2019,Banglore,Delhi,BLR → DEL,17:45,20:45,3h,0,In-flight meal not included,4544,9,04,2019,17,45,20,45,3h,
Jet Airways,3/06/2019,Delhi,Cochin,DEL → BOM → COK,02:15,19:00,16:45,1,No Info,14714,3,06,2019,02,15,19,00,16,45
Jet Airways,18/05/2019,Kolkata,Banglore,CCU → BOM → BLR,14:05,08:15,18:10,1,No Info,14388,18,05,2019,14,05,08,15,18,10
Multiple carriers,1/06/2019,Delhi,Cochin,DEL → BOM → COK,08:00,19:15,11:15,1,No Info,16108,1,06,2019,08,00,19,15,11,15
Multiple carriers,3/06/2019,Delhi,Cochin,DEL → BOM → COK,07:00,19:00,12h,1,No Info,12402,3,06,2019,07,00,19,00,12h,
Jet Airways,1/05/2019,Kolkata,Banglore,CCU → DEL → BLR,09:35,21:05,11:30,1,In-flight meal not included,12384,1,05,2019,09,35,21,05,11,30
Air India,24/04/2019,Delhi,Cochin,DEL → COK,14:10,17:10,3h,0,No Info,6094,24,04,2019,14,10,17,10,3h,
IndiGo,9/06/2019,Kolkata,Banglore,CCU → BBI → BLR,19:35,23:15,3:40,1,No Info,5276,9,06,2019,19,35,23,15,3,40
IndiGo,24/06/2019,Kolkata,Banglore,CCU → BLR,04:40,07:15,2:35,0,No Info,4804,24,06,2019,04,40,07,15,2,35
Air India,1/05/2019,Delhi,Cochin,DEL → GOI → BOM → COK,22:00,19:15,21:15,2,No Info,11281,1,05,2019,22,00,19,15,21,15
Jet Airways,27/03/2019,Delhi,Cochin,DEL → BOM → COK,08:00,18:50,10:50,1,In-flight meal not included,6068,27,03,2019,08,00,18,50,10,50
Jet Airways,12/05/2019,Banglore,Delhi,BLR → DEL,07:10,10:10,3h,0,No Info,7229,12,05,2019,07,10,10,10,3h,
IndiGo,12/06/2019,Delhi,Cochin,DEL → BOM → COK,09:15,01:30,16:15,1,No Info,6628,12,06,2019,09,15,01,30,16,15
Jet Airways,06/03/2019,Banglore,New Delhi,BLR → BOM → DEL,14:05,07:40,17:35,1,In-flight meal not included,13502,06,03,2019,14,05,07,40,17,35
Multiple carriers,9/03/2019,Delhi,Cochin,DEL → BOM → COK,16:00,01:35,9:35,1,In-flight meal not included,14086,9,03,2019,16,00,01,35,9,35
GoAir,12/06/2019,Delhi,Cochin,DEL → BOM → COK,10:35,19:35,9h,1,No Info,4959,12,06,2019,10,35,19,35,9h,
Jet Airways,27/05/2019,Delhi,Cochin,DEL → BOM → COK,02:15,12:35,10:20,1,No Info,16376,27,05,2019,02,15,12,35,10,20
IndiGo,15/06/2019,Kolkata,Banglore,CCU → BLR,22:15,00:50,2:35,0,No Info,4804,15,06,2019,22,15,00,50,2,35
Jet Airways,12/03/2019,Banglore,New Delhi,BLR → BOM → DEL,22:55,16:10,17:15,1,No Info,13817,12,03,2019,22,55,16,10,17,15
Jet Airways,1/05/2019,Banglore,Delhi,BLR → DEL,15:15,18:10,2:55,0,No Info,7229,1,05,2019,15,15,18,10,2,55
SpiceJet,3/06/2019,Chennai,Kolkata,MAA → CCU,09:45,12:00,2:15,0,No check-in baggage included,3859,3,06,2019,09,45,12,00,2,15
Air India,21/05/2019,Kolkata,Banglore,CCU → DEL → AMD → BLR,10:00,05:25,19:25,2,No Info,13899,21,05,2019,10,00,05,25,19,25
IndiGo,24/06/2019,Delhi,Cochin,DEL → BOM → COK,09:15,01:30,16:15,1,No Info,6628,24,06,2019,09,15,01,30,16,15
IndiGo,15/05/2019,Delhi,Cochin,DEL → PNQ → COK,23:30,04:35,5:5,1,No Info,10123,15,05,2019,23,30,04,35,5,5
SpiceJet,3/04/2019,Kolkata,Banglore,CCU → BLR,06:55,09:30,2:35,0,No Info,3873,3,04,2019,06,55,09,30,2,35
Jet Airways,24/03/2019,Kolkata,Banglore,CCU → BOM → BLR,06:30,23:25,16:55,1,No Info,13339,24,03,2019,06,30,23,25,16,55
Jet Airways,6/06/2019,Delhi,Cochin,DEL → BOM → COK,19:45,04:25,8:40,1,No Info,14714,6,06,2019,19,45,04,25,8,40
Jet Airways,12/06/2019,Kolkata,Banglore,CCU → DEL → BLR,20:25,18:00,21:35,1,No Info,12692,12,06,2019,20,25,18,00,21,35
GoAir,15/06/2019,Delhi,Cochin,DEL → BOM → COK,07:00,12:55,5:55,1,No Info,5281,15,06,2019,07,00,12,55,5,55
Jet Airways,24/06/2019,Delhi,Cochin,DEL → JAI → BOM → COK,05:30,19:00,13:30,2,In-flight meal not included,10368,24,06,2019,05,30,19,00,13,30
Multiple carriers,27/05/2019,Delhi,Cochin,DEL → BOM → COK,16:00,01:30,9:30,1,No Info,13377,27,05,2019,16,00,01,30,9,30
Jet Airways,27/05/2019,Delhi,Cochin,DEL → AMD → BOM → COK,23:05,19:00,19:55,2,No Info,15129,27,05,2019,23,05,19,00,19,55
Air India,6/06/2019,Banglore,Delhi,BLR → DEL,10:00,12:45,2:45,0,No Info,6961,6,06,2019,10,00,12,45,2,45
Jet Airways,24/05/2019,Kolkata,Banglore,CCU → BOM → BLR,20:00,19:50,23:50,1,In-flight meal not included,10844,24,05,2019,20,00,19,50,23,50
Jet Airways,24/03/2019,Kolkata,Banglore,CCU → BOM → BLR,19:45,16:20,20:35,1,No Info,13759,24,03,2019,19,45,16,20,20,35
Air India,12/03/2019,Mumbai,Hyderabad,BOM → BHO → DEL → HYD,06:00,19:25,37:25,2,No Info,12119,12,03,2019,06,00,19,25,37,25
Air Asia,15/06/2019,Kolkata,Banglore,CCU → BLR,22:50,01:20,2:30,0,No Info,3807,15,06,2019,22,50,01,20,2,30
IndiGo,18/05/2019,Banglore,Delhi,BLR → DEL,22:10,01:00,2:50,0,No Info,3943,18,05,2019,22,10,01,00,2,50
Jet Airways,1/05/2019,Kolkata,Banglore,CCU → BOM → BLR,16:30,08:15,15:45,1,No Info,13941,1,05,2019,16,30,08,15,15,45
Jet Airways,24/05/2019,Kolkata,Banglore,CCU → BOM → BLR,20:00,10:05,14:5,1,In-flight meal not included,8586,24,05,2019,20,00,10,05,14,5
Air India,1/04/2019,Kolkata,Banglore,CCU → BLR,14:15,16:45,2:30,0,No Info,6245,1,04,2019,14,15,16,45,2,30
Jet Airways,6/05/2019,Kolkata,Banglore,CCU → DEL → BLR,09:35,18:00,8:25,1,No Info,13067,6,05,2019,09,35,18,00,8,25
IndiGo,6/03/2019,Delhi,Cochin,DEL → BOM → COK,08:25,15:30,7:5,1,No Info,14871,6,03,2019,08,25,15,30,7,5
Multiple carriers,24/06/2019,Delhi,Cochin,DEL → BOM → COK,14:00,01:30,11:30,1,No Info,13377,24,06,2019,14,00,01,30,11,30
Jet Airways,9/05/2019,Delhi,Cochin,DEL → BOM → COK,19:45,19:00,23:15,1,In-flight meal not included,12373,9,05,2019,19,45,19,00,23,15
Jet Airways,24/03/2019,Kolkata,Banglore,CCU → BOM → BLR,13:55,19:40,5:45,1,No Info,14231,24,03,2019,13,55,19,40,5,45
SpiceJet,1/05/2019,Mumbai,Hyderabad,BOM → HYD,22:45,00:15,1:30,0,No check-in baggage included,1965,1,05,2019,22,45,00,15,1,30
Jet Airways,3/06/2019,Delhi,Cochin,DEL → BOM → COK,07:05,12:35,5:30,1,No Info,14924,3,06,2019,07,05,12,35,5,30
IndiGo,1/04/2019,Kolkata,Banglore,CCU → BLR,15:30,18:05,2:35,0,No Info,4174,1,04,2019,15,30,18,05,2,35
GoAir,3/04/2019,Delhi,Cochin,DEL → BOM → COK,07:00,12:55,5:55,1,No Info,4725,3,04,2019,07,00,12,55,5,55
Multiple carriers,3/03/2019,Delhi,Cochin,DEL → BOM → COK,02:15,13:20,11:5,1,No Info,17057,3,03,2019,02,15,13,20,11,5
Air India,03/03/2019,Banglore,New Delhi,BLR → CCU → DEL,11:05,22:45,11:40,1,No Info,11444,03,03,2019,11,05,22,45,11,40
Jet Airways,12/06/2019,Delhi,Cochin,DEL → COK,11:00,14:15,3:15,0,In-flight meal not included,7202,12,06,2019,11,00,14,15,3,15
Jet Airways,15/05/2019,Banglore,Delhi,BLR → DEL,18:55,22:00,3:5,0,In-flight meal not included,4030,15,05,2019,18,55,22,00,3,5
Air India,6/03/2019,Mumbai,Hyderabad,BOM → BLR → HYD,09:15,09:15,24h,1,No Info,9535,6,03,2019,09,15,09,15,24h,
Jet Airways,1/05/2019,Kolkata,Banglore,CCU → BOM → BLR,16:30,10:05,17:35,1,In-flight meal not included,8586,1,05,2019,16,30,10,05,17,35
Jet Airways,18/05/2019,Kolkata,Banglore,CCU → BOM → BLR,05:45,04:40,22:55,1,In-flight meal not included,8586,18,05,2019,05,45,04,40,22,55
SpiceJet,18/05/2019,Banglore,Delhi,BLR → DEL,05:55,08:35,2:40,0,No Info,3625,18,05,2019,05,55,08,35,2,40
Multiple carriers,27/03/2019,Delhi,Cochin,DEL → BOM → COK,06:00,21:00,15h,1,No Info,8055,27,03,2019,06,00,21,00,15h,
Air India,21/03/2019,Mumbai,Hyderabad,BOM → HYD,06:20,07:40,1:20,0,No Info,3100,21,03,2019,06,20,07,40,1,20
IndiGo,9/06/2019,Kolkata,Banglore,CCU → MAA → BLR,17:35,22:15,4:40,1,No Info,5699,9,06,2019,17,35,22,15,4,40
Jet Airways,27/05/2019,Delhi,Cochin,DEL → JAI → BOM → COK,19:30,04:25,8:55,2,No Info,15129,27,05,2019,19,30,04,25,8,55
Vistara,9/05/2019,Kolkata,Banglore,CCU → DEL → BLR,17:00,09:05,16:5,1,No Info,9187,9,05,2019,17,00,09,05,16,5
Air India,24/06/2019,Delhi,Cochin,DEL → JAI → BOM → COK,18:45,19:15,24:30,2,No Info,11732,24,06,2019,18,45,19,15,24,30
SpiceJet,1/04/2019,Kolkata,Banglore,CCU → BLR,22:20,00:40,2:20,0,No check-in baggage included,3841,1,04,2019,22,20,00,40,2,20
Multiple carriers,6/05/2019,Delhi,Cochin,DEL → BOM → COK,10:20,19:00,8:40,1,No Info,9794,6,05,2019,10,20,19,00,8,40
IndiGo,18/05/2019,Kolkata,Banglore,CCU → PAT → BLR,09:20,14:15,4:55,1,No Info,12198,18,05,2019,09,20,14,15,4,55
Jet Airways,6/06/2019,Kolkata,Banglore,CCU → BOM → BLR,21:10,10:05,12:55,1,No Info,14571,6,06,2019,21,10,10,05,12,55
IndiGo,3/03/2019,Mumbai,Hyderabad,BOM → HYD,09:10,10:40,1:30,0,No Info,5755,3,03,2019,09,10,10,40,1,30
Jet Airways,6/06/2019,Kolkata,Banglore,CCU → DEL → BLR,09:35,22:05,12:30,1,No Info,14151,6,06,2019,09,35,22,05,12,30
Vistara,18/04/2019,Banglore,Delhi,BLR → DEL,17:00,19:35,2:35,0,No Info,5613,18,04,2019,17,00,19,35,2,35
Jet Airways,6/05/2019,Kolkata,Banglore,CCU → DEL → BLR,17:00,10:55,17:55,1,No Info,13067,6,05,2019,17,00,10,55,17,55
Jet Airways,21/03/2019,Delhi,Cochin,DEL → BOM → COK,18:15,18:50,24:35,1,No Info,12557,21,03,2019,18,15,18,50,24,35
Jet Airways,3/06/2019,Delhi,Cochin,DEL → BOM → COK,20:55,04:25,7:30,1,No Info,14714,3,06,2019,20,55,04,25,7,30
Jet Airways,3/05/2019,Banglore,Delhi,BLR → DEL,15:15,18:10,2:55,0,In-flight meal not included,4544,3,05,2019,15,15,18,10,2,55
Air India,1/06/2019,Delhi,Cochin,DEL → GOI → BOM → COK,22:00,19:15,21:15,2,No Info,10441,1,06,2019,22,00,19,15,21,15
Air Asia,1/04/2019,Kolkata,Banglore,CCU → BLR,22:50,01:20,2:30,0,No Info,4107,1,04,2019,22,50,01,20,2,30
IndiGo,18/04/2019,Banglore,Delhi,BLR → DEL,16:55,19:55,3h,0,No Info,4990,18,04,2019,16,55,19,55,3h,
Jet Airways,21/03/2019,Delhi,Cochin,DEL → JAI → BOM → COK,05:30,18:50,37:20,2,No Info,12341,21,03,2019,05,30,18,50,37,20
Air India,3/03/2019,Delhi,Cochin,DEL → AMD → BOM → COK,19:45,19:15,23:30,2,No Info,12856,3,03,2019,19,45,19,15,23,30
Air India,1/04/2019,Kolkata,Banglore,CCU → DEL → BLR,10:00,23:15,13:15,1,No Info,7893,1,04,2019,10,00,23,15,13,15
Vistara,15/03/2019,Delhi,Cochin,DEL → COK,14:55,17:50,2:55,0,No Info,6688,15,03,2019,14,55,17,50,2,55
Jet Airways,27/03/2019,Delhi,Cochin,DEL → BOM → COK,09:00,18:50,9:50,1,In-flight meal not included,5963,27,03,2019,09,00,18,50,9,50
IndiGo,24/05/2019,Banglore,Delhi,BLR → DEL,22:10,01:00,2:50,0,No Info,3419,24,05,2019,22,10,01,00,2,50
Jet Airways,21/03/2019,Mumbai,Hyderabad,BOM → HYD,19:35,21:05,1:30,0,In-flight meal not included,2228,21,03,2019,19,35,21,05,1,30
Air India,24/03/2019,Mumbai,Hyderabad,BOM → HYD,19:30,20:45,1:15,0,No Info,2575,24,03,2019,19,30,20,45,1,15
Jet Airways,24/06/2019,Delhi,Cochin,DEL → IDR → BOM → COK,21:25,19:00,21:35,2,No Info,13292,24,06,2019,21,25,19,00,21,35
IndiGo,9/05/2019,Banglore,Delhi,BLR → DEL,08:30,11:20,2:50,0,No Info,4823,9,05,2019,08,30,11,20,2,50
Jet Airways,12/06/2019,Kolkata,Banglore,CCU → BOM → BLR,14:05,20:45,6:40,1,In-flight meal not included,9899,12,06,2019,14,05,20,45,6,40
Air India,6/05/2019,Kolkata,Banglore,CCU → GAU → DEL → BLR,09:50,23:15,13:25,2,No Info,14120,6,05,2019,09,50,23,15,13,25
Air India,6/03/2019,Delhi,Cochin,DEL → BOM → COK,09:00,19:15,10:15,1,No Info,15284,6,03,2019,09,00,19,15,10,15
Multiple carriers,9/06/2019,Delhi,Cochin,DEL → BOM → COK,03:50,19:00,15:10,1,No Info,12192,9,06,2019,03,50,19,00,15,10
Air India,24/03/2019,Kolkata,Banglore,CCU → DEL → COK → BLR,07:00,01:20,18:20,2,No Info,13428,24,03,2019,07,00,01,20,18,20
SpiceJet,3/06/2019,Chennai,Kolkata,MAA → CCU,08:20,10:35,2:15,0,No check-in baggage included,3543,3,06,2019,08,20,10,35,2,15
Jet Airways,1/04/2019,Delhi,Cochin,DEL → BOM → COK,10:00,12:35,26:35,1,In-flight meal not included,5406,1,04,2019,10,00,12,35,26,35
Air India,1/06/2019,Delhi,Cochin,DEL → RPR → NAG → BOM → COK,05:15,07:40,26:25,3,No Info,12383,1,06,2019,05,15,07,40,26,25
Air India,24/06/2019,Delhi,Cochin,DEL → BOM → COK,13:00,19:15,6:15,1,No Info,8372,24,06,2019,13,00,19,15,6,15
IndiGo,03/03/2019,Banglore,New Delhi,BLR → DEL,21:20,00:15,2:55,0,No Info,6144,03,03,2019,21,20,00,15,2,55
Jet Airways,24/05/2019,Kolkata,Banglore,CCU → BOM → BLR,18:55,08:15,13:20,1,In-flight meal not included,8586,24,05,2019,18,55,08,15,13,20
Air Asia,9/05/2019,Banglore,Delhi,BLR → DEL,04:55,07:45,2:50,0,No Info,4282,9,05,2019,04,55,07,45,2,50
Jet Airways,21/05/2019,Delhi,Cochin,DEL → BOM → COK,11:30,19:00,7:30,1,No Info,16079,21,05,2019,11,30,19,00,7,30
IndiGo,15/03/2019,Mumbai,Hyderabad,BOM → HYD,16:55,18:25,1:30,0,No Info,3175,15,03,2019,16,55,18,25,1,30
Jet Airways,6/03/2019,Delhi,Cochin,DEL → BOM → COK,13:00,04:25,15:25,1,No Info,15764,6,03,2019,13,00,04,25,15,25
IndiGo,6/03/2019,Mumbai,Hyderabad,BOM → HYD,06:20,07:45,1:25,0,No Info,4784,6,03,2019,06,20,07,45,1,25
Multiple carriers,3/03/2019,Delhi,Cochin,DEL → BOM → COK,08:00,15:30,7:30,1,No Info,17057,3,03,2019,08,00,15,30,7,30
Jet Airways,15/06/2019,Delhi,Cochin,DEL → JAI → BOM → COK,05:30,04:25,22:55,2,No Info,13014,15,06,2019,05,30,04,25,22,55
Jet Airways,12/06/2019,Delhi,Cochin,DEL → BOM → COK,22:50,19:00,20:10,1,No Info,14714,12,06,2019,22,50,19,00,20,10
Jet Airways,21/05/2019,Delhi,Cochin,DEL → COK,09:50,13:05,3:15,0,No Info,9564,21,05,2019,09,50,13,05,3,15
Air India,12/06/2019,Delhi,Cochin,DEL → BLR → COK,20:30,08:15,11:45,1,No Info,8991,12,06,2019,20,30,08,15,11,45
IndiGo,15/06/2019,Kolkata,Banglore,CCU → BLR,15:15,17:45,2:30,0,No Info,4804,15,06,2019,15,15,17,45,2,30
Jet Airways,27/03/2019,Delhi,Cochin,DEL → BOM → COK,19:15,04:25,9:10,1,No Info,12242,27,03,2019,19,15,04,25,9,10
IndiGo,21/03/2019,Kolkata,Banglore,CCU → BLR,22:10,00:55,2:45,0,No Info,4148,21,03,2019,22,10,00,55,2,45
Jet Airways,18/05/2019,Kolkata,Banglore,CCU → BOM → BLR,16:30,08:15,15:45,1,In-flight meal not included,8586,18,05,2019,16,30,08,15,15,45
Jet Airways,3/06/2019,Delhi,Cochin,DEL → BOM → COK,10:00,04:25,18:25,1,In-flight meal not included,11627,3,06,2019,10,00,04,25,18,25
Jet Airways,1/04/2019,Kolkata,Banglore,CCU → BOM → BLR,08:25,19:50,11:25,1,In-flight meal not included,7064,1,04,2019,08,25,19,50,11,25
Vistara,03/03/2019,Banglore,New Delhi,BLR → AMD → DEL,06:40,10:25,27:45,1,No Info,12476,03,03,2019,06,40,10,25,27,45
Jet Airways,1/06/2019,Delhi,Cochin,DEL → BOM → COK,13:00,04:25,15:25,1,In-flight meal not included,10262,1,06,2019,13,00,04,25,15,25
Jet Airways,1/06/2019,Mumbai,Hyderabad,BOM → HYD,10:20,11:50,1:30,0,No Info,5678,1,06,2019,10,20,11,50,1,30
Air Asia,27/03/2019,Delhi,Cochin,DEL → BLR → COK,07:55,13:10,5:15,1,No Info,6151,27,03,2019,07,55,13,10,5,15
Multiple carriers,21/05/2019,Delhi,Cochin,DEL → BOM → COK,18:15,01:30,7:15,1,No Info,14067,21,05,2019,18,15,01,30,7,15
Air India,15/05/2019,Kolkata,Banglore,CCU → DEL → BLR,07:00,16:15,9:15,1,No Info,11936,15,05,2019,07,00,16,15,9,15
Air India,12/05/2019,Kolkata,Banglore,CCU → HYD → BLR,19:00,11:05,16:5,1,No Info,6327,12,05,2019,19,00,11,05,16,5
Jet Airways,12/06/2019,Kolkata,Banglore,CCU → BOM → BLR,08:25,10:05,25:40,1,In-flight meal not included,8529,12,06,2019,08,25,10,05,25,40
Air India,18/05/2019,Delhi,Cochin,DEL → AMD → BOM → COK,19:45,19:15,23:30,2,No Info,10651,18,05,2019,19,45,19,15,23,30
Vistara,1/06/2019,Banglore,Delhi,BLR → DEL,11:30,14:20,2:50,0,No Info,4668,1,06,2019,11,30,14,20,2,50
GoAir,24/04/2019,Delhi,Cochin,DEL → BOM → COK,10:35,19:35,9h,1,No Info,5430,24,04,2019,10,35,19,35,9h,
Jet Airways,1/06/2019,Banglore,Delhi,BLR → DEL,17:45,20:45,3h,0,In-flight meal not included,7229,1,06,2019,17,45,20,45,3h,
IndiGo,21/03/2019,Delhi,Cochin,DEL → BOM → COK,04:45,21:00,16:15,1,No Info,6314,21,03,2019,04,45,21,00,16,15
Air Asia,3/06/2019,Banglore,Delhi,BLR → DEL,23:55,02:45,2:50,0,No Info,7120,3,06,2019,23,55,02,45,2,50
Jet Airways,18/05/2019,Delhi,Cochin,DEL → AMD → BOM → COK,23:05,04:25,29:20,2,No Info,15129,18,05,2019,23,05,04,25,29,20
SpiceJet,6/05/2019,Kolkata,Banglore,CCU → BLR,09:00,11:25,2:25,0,No check-in baggage included,3841,6,05,2019,09,00,11,25,2,25
SpiceJet,27/04/2019,Kolkata,Banglore,CCU → BLR,14:55,17:25,2:30,0,No check-in baggage included,3841,27,04,2019,14,55,17,25,2,30
Air India,24/06/2019,Delhi,Cochin,DEL → MAA → COK,17:20,09:25,16:5,1,No Info,7480,24,06,2019,17,20,09,25,16,5
Air India,6/05/2019,Kolkata,Banglore,CCU → BBI → BOM → BLR,12:00,11:10,23:10,2,No Info,10676,6,05,2019,12,00,11,10,23,10
IndiGo,21/04/2019,Banglore,Delhi,BLR → DEL,06:05,08:50,2:45,0,No Info,4423,21,04,2019,06,05,08,50,2,45
IndiGo,21/03/2019,Delhi,Cochin,DEL → BOM → COK,09:10,15:30,6:20,1,No Info,9709,21,03,2019,09,10,15,30,6,20
Multiple carriers,27/06/2019,Delhi,Cochin,DEL → BOM → COK,10:00,01:30,15:30,1,No Info,7198,27,06,2019,10,00,01,30,15,30
Multiple carriers,6/06/2019,Delhi,Cochin,DEL → BOM → COK,07:05,19:15,12:10,1,No Info,14848,6,06,2019,07,05,19,15,12,10
SpiceJet,12/05/2019,Mumbai,Hyderabad,BOM → HYD,05:45,07:15,1:30,0,No check-in baggage included,1965,12,05,2019,05,45,07,15,1,30
Jet Airways,15/03/2019,Banglore,New Delhi,BLR → BOM → DEL,08:00,18:25,10:25,1,In-flight meal not included,9134,15,03,2019,08,00,18,25,10,25
Multiple carriers,21/05/2019,Delhi,Cochin,DEL → BOM → COK,12:50,01:30,12:40,1,No Info,7485,21,05,2019,12,50,01,30,12,40
IndiGo,12/06/2019,Delhi,Cochin,DEL → HYD → COK,07:35,16:10,8:35,1,No Info,6442,12,06,2019,07,35,16,10,8,35
Jet Airways,3/06/2019,Delhi,Cochin,DEL → JDH → BOM → COK,11:40,19:00,7:20,2,In-flight meal not included,15812,3,06,2019,11,40,19,00,7,20
Air India,9/06/2019,Delhi,Cochin,DEL → HYD → MAA → COK,09:45,09:25,23:40,2,No Info,11185,9,06,2019,09,45,09,25,23,40
IndiGo,15/03/2019,Mumbai,Hyderabad,BOM → HYD,12:00,13:25,1:25,0,No Info,3175,15,03,2019,12,00,13,25,1,25
Vistara,21/05/2019,Kolkata,Banglore,CCU → DEL → BLR,07:10,22:40,15:30,1,No Info,8452,21,05,2019,07,10,22,40,15,30
Jet Airways,15/06/2019,Delhi,Cochin,DEL → BOM → COK,19:45,12:35,16:50,1,In-flight meal not included,10262,15,06,2019,19,45,12,35,16,50
Air India,21/05/2019,Banglore,Delhi,BLR → DEL,21:05,23:55,2:50,0,No Info,5228,21,05,2019,21,05,23,55,2,50
Jet Airways,9/05/2019,Kolkata,Banglore,CCU → DEL → BLR,20:25,14:25,18h,1,In-flight meal not included,9314,9,05,2019,20,25,14,25,18h,
Jet Airways,1/06/2019,Delhi,Cochin,DEL → JDH → BOM → COK,11:40,19:00,7:20,2,In-flight meal not included,15812,1,06,2019,11,40,19,00,7,20
Jet Airways,12/05/2019,Kolkata,Banglore,CCU → DEL → BLR,17:00,10:55,17:55,1,No Info,14151,12,05,2019,17,00,10,55,17,55
SpiceJet,24/05/2019,Banglore,Delhi,BLR → DEL,09:30,12:20,2:50,0,No Info,3625,24,05,2019,09,30,12,20,2,50
Air India,3/03/2019,Delhi,Cochin,DEL → AMD → BOM → COK,05:00,19:15,38:15,2,No Info,10283,3,03,2019,05,00,19,15,38,15
Jet Airways,1/06/2019,Delhi,Cochin,DEL → BOM → COK,02:15,19:00,16:45,1,In-flight meal not included,10262,1,06,2019,02,15,19,00,16,45
Jet Airways,21/05/2019,Kolkata,Banglore,CCU → BOM → BLR,08:25,18:15,9:50,1,In-flight meal not included,10844,21,05,2019,08,25,18,15,9,50
Jet Airways,1/05/2019,Kolkata,Banglore,CCU → DEL → BLR,17:00,23:35,6:35,1,In-flight meal not included,12384,1,05,2019,17,00,23,35,6,35
Jet Airways,9/04/2019,Delhi,Cochin,DEL → BOM → COK,22:50,12:35,13:45,1,No Info,11822,9,04,2019,22,50,12,35,13,45
Vistara,09/03/2019,Banglore,New Delhi,BLR → AMD → DEL,06:40,10:25,27:45,1,No Info,10008,09,03,2019,06,40,10,25,27,45
IndiGo,18/05/2019,Delhi,Cochin,DEL → HYD → COK,16:10,22:30,6:20,1,No Info,7640,18,05,2019,16,10,22,30,6,20
Jet Airways,1/05/2019,Kolkata,Banglore,CCU → BOM → BLR,14:05,19:50,5:45,1,No Info,14781,1,05,2019,14,05,19,50,5,45
SpiceJet,24/03/2019,Banglore,New Delhi,BLR → DEL,09:35,12:30,2:55,0,No Info,4377,24,03,2019,09,35,12,30,2,55
IndiGo,15/06/2019,Delhi,Cochin,DEL → HYD → COK,06:50,12:10,5:20,1,No Info,5298,15,06,2019,06,50,12,10,5,20
IndiGo,24/03/2019,Mumbai,Hyderabad,BOM → HYD,20:05,21:35,1:30,0,No Info,2227,24,03,2019,20,05,21,35,1,30
Multiple carriers,27/05/2019,Delhi,Cochin,DEL → BOM → COK,07:00,19:00,12h,1,No Info,10407,27,05,2019,07,00,19,00,12h,
Jet Airways,27/06/2019,Delhi,Cochin,DEL → IDR → BOM → COK,21:25,12:35,15:10,2,In-flight meal not included,11507,27,06,2019,21,25,12,35,15,10
IndiGo,9/06/2019,Delhi,Cochin,DEL → BOM → COK,20:25,01:30,5:5,1,No Info,5458,9,06,2019,20,25,01,30,5,5
IndiGo,12/06/2019,Banglore,Delhi,BLR → DEL,23:30,02:20,2:50,0,No Info,3943,12,06,2019,23,30,02,20,2,50
Jet Airways,3/03/2019,Delhi,Cochin,DEL → BOM → COK,11:30,18:50,7:20,1,No Info,18550,3,03,2019,11,30,18,50,7,20
Vistara,9/06/2019,Kolkata,Banglore,CCU → DEL → BLR,20:20,10:45,14:25,1,No Info,9397,9,06,2019,20,20,10,45,14,25
SpiceJet,21/05/2019,Kolkata,Banglore,CCU → BLR,06:55,09:30,2:35,0,No check-in baggage included,3841,21,05,2019,06,55,09,30,2,35
Jet Airways,27/04/2019,Banglore,Delhi,BLR → DEL,07:10,10:10,3h,0,No Info,7229,27,04,2019,07,10,10,10,3h,
IndiGo,18/06/2019,Banglore,Delhi,BLR → DEL,18:55,21:50,2:55,0,No Info,4823,18,06,2019,18,55,21,50,2,55
Jet Airways,9/06/2019,Kolkata,Banglore,CCU → BOM → BLR,18:55,20:45,25:50,1,In-flight meal not included,10844,9,06,2019,18,55,20,45,25,50
Air India,9/05/2019,Delhi,Cochin,DEL → BLR → COK,06:10,23:00,16:50,1,No Info,7174,9,05,2019,06,10,23,00,16,50
IndiGo,3/03/2019,Kolkata,Banglore,CCU → BLR,15:10,17:45,2:35,0,No Info,6985,3,03,2019,15,10,17,45,2,35
Jet Airways,27/03/2019,Delhi,Cochin,DEL → IDR → BOM → COK,05:25,19:45,38:20,2,No Info,11664,27,03,2019,05,25,19,45,38,20
Multiple carriers,15/05/2019,Delhi,Cochin,DEL → BOM → COK,07:00,21:00,14h,1,No Info,8073,15,05,2019,07,00,21,00,14h,
Air India,12/06/2019,Delhi,Cochin,DEL → HYD → MAA → COK,17:15,09:25,16:10,2,No Info,9417,12,06,2019,17,15,09,25,16,10
Air India,27/06/2019,Delhi,Cochin,DEL → BOM → COK,08:00,19:15,11:15,1,No Info,8372,27,06,2019,08,00,19,15,11,15
Multiple carriers,9/03/2019,Delhi,Cochin,DEL → BOM → COK,06:00,19:15,13:15,1,No Info,14408,9,03,2019,06,00,19,15,13,15
Jet Airways,24/05/2019,Mumbai,Hyderabad,BOM → HYD,19:35,21:05,1:30,0,No Info,5678,24,05,2019,19,35,21,05,1,30
IndiGo,21/03/2019,Banglore,New Delhi,BLR → DEL,13:00,15:50,2:50,0,No Info,5694,21,03,2019,13,00,15,50,2,50
Jet Airways,12/05/2019,Kolkata,Banglore,CCU → BOM → BLR,21:10,04:40,7:30,1,In-flight meal not included,8586,12,05,2019,21,10,04,40,7,30
Jet Airways,18/03/2019,Banglore,New Delhi,BLR → BOM → DEL,22:50,08:15,9:25,1,In-flight meal not included,11087,18,03,2019,22,50,08,15,9,25
IndiGo,27/04/2019,Banglore,Delhi,BLR → DEL,16:55,19:55,3h,0,No Info,4823,27,04,2019,16,55,19,55,3h,
SpiceJet,3/06/2019,Delhi,Cochin,DEL → MAA → COK,06:05,11:20,5:15,1,No Info,5583,3,06,2019,06,05,11,20,5,15
Jet Airways,21/03/2019,Delhi,Cochin,DEL → BDQ → BOM → COK,18:25,18:50,24:25,2,No Info,11869,21,03,2019,18,25,18,50,24,25
IndiGo,24/06/2019,Banglore,Delhi,BLR → DEL,16:55,19:55,3h,0,No Info,4823,24,06,2019,16,55,19,55,3h,
Jet Airways,9/05/2019,Delhi,Cochin,DEL → BOM → COK,07:05,12:35,5:30,1,In-flight meal not included,12373,9,05,2019,07,05,12,35,5,30
Multiple carriers,24/06/2019,Delhi,Cochin,DEL → BOM → COK,10:20,19:15,8:55,1,In-flight meal not included,7268,24,06,2019,10,20,19,15,8,55
Jet Airways,06/03/2019,Banglore,New Delhi,BLR → BOM → DEL,16:55,11:25,18:30,1,No Info,17261,06,03,2019,16,55,11,25,18,30
Jet Airways,15/06/2019,Delhi,Cochin,DEL → JAI → BOM → COK,05:30,04:25,22:55,2,In-flight meal not included,10368,15,06,2019,05,30,04,25,22,55
IndiGo,27/03/2019,Chennai,Kolkata,MAA → CCU,13:20,15:35,2:15,0,No Info,3384,27,03,2019,13,20,15,35,2,15
SpiceJet,27/03/2019,Kolkata,Banglore,CCU → BLR,09:00,11:30,2:30,0,No Info,3847,27,03,2019,09,00,11,30,2,30
IndiGo,3/06/2019,Delhi,Cochin,DEL → BOM → COK,10:35,21:00,10:25,1,No Info,6093,3,06,2019,10,35,21,00,10,25
Air India,27/06/2019,Delhi,Cochin,DEL → HYD → BOM → COK,13:15,07:40,18:25,2,No Info,13547,27,06,2019,13,15,07,40,18,25
Air Asia,6/06/2019,Banglore,Delhi,BLR → DEL,23:55,02:45,2:50,0,No Info,7120,6,06,2019,23,55,02,45,2,50
Jet Airways Business,3/03/2019,Delhi,Cochin,DEL → ATQ → BOM → COK,20:05,04:25,8:20,2,No Info,46490,3,03,2019,20,05,04,25,8,20
Jet Airways,27/05/2019,Delhi,Cochin,DEL → IDR → BOM → COK,09:35,12:35,27h,2,In-flight meal not included,12872,27,05,2019,09,35,12,35,27h,
IndiGo,15/05/2019,Kolkata,Banglore,CCU → BBI → BLR,19:35,23:15,3:40,1,No Info,4226,15,05,2019,19,35,23,15,3,40
Jet Airways,24/05/2019,Kolkata,Banglore,CCU → BOM → BLR,18:55,09:20,14:25,1,In-flight meal not included,10844,24,05,2019,18,55,09,20,14,25
Vistara,9/06/2019,Banglore,Delhi,BLR → DEL,11:30,14:20,2:50,0,No Info,4668,9,06,2019,11,30,14,20,2,50
Multiple carriers,1/03/2019,Delhi,Cochin,DEL → BOM → COK,00:20,13:20,13h,1,No Info,29528,1,03,2019,00,20,13,20,13h,
SpiceJet,12/03/2019,Chennai,Kolkata,MAA → CCU,17:45,20:05,2:20,0,No Info,6300,12,03,2019,17,45,20,05,2,20
Jet Airways,9/06/2019,Delhi,Cochin,DEL → LKO → BOM → COK,11:45,04:25,16:40,2,No Info,13882,9,06,2019,11,45,04,25,16,40
Vistara,24/05/2019,Banglore,Delhi,BLR → DEL,07:00,09:40,2:40,0,No Info,4668,24,05,2019,07,00,09,40,2,40
IndiGo,1/04/2019,Kolkata,Banglore,CCU → BLR,17:15,19:50,2:35,0,No Info,4174,1,04,2019,17,15,19,50,2,35
IndiGo,15/05/2019,Mumbai,Hyderabad,BOM → HYD,12:00,13:30,1:30,0,No Info,2754,15,05,2019,12,00,13,30,1,30
IndiGo,21/05/2019,Mumbai,Hyderabad,BOM → HYD,12:00,13:30,1:30,0,No Info,2754,21,05,2019,12,00,13,30,1,30
Vistara,12/05/2019,Banglore,Delhi,BLR → DEL,09:45,12:35,2:50,0,No Info,4668,12,05,2019,09,45,12,35,2,50
IndiGo,12/06/2019,Kolkata,Banglore,CCU → BLR,15:30,18:05,2:35,0,No Info,4804,12,06,2019,15,30,18,05,2,35
Air India,9/06/2019,Delhi,Cochin,DEL → AMD → BOM → COK,05:00,07:40,26:40,2,No Info,10756,9,06,2019,05,00,07,40,26,40
Multiple carriers,1/06/2019,Delhi,Cochin,DEL → BOM → COK,18:00,01:30,7:30,1,No Info,7933,1,06,2019,18,00,01,30,7,30
SpiceJet,9/05/2019,Chennai,Kolkata,MAA → CCU,09:45,12:00,2:15,0,No check-in baggage included,3543,9,05,2019,09,45,12,00,2,15
Jet Airways,21/05/2019,Delhi,Cochin,DEL → JAI → BOM → COK,09:40,04:25,18:45,2,In-flight meal not included,13029,21,05,2019,09,40,04,25,18,45
Jet Airways,9/06/2019,Kolkata,Banglore,CCU → BOM → BLR,08:25,04:40,20:15,1,No Info,13731,9,06,2019,08,25,04,40,20,15
IndiGo,27/06/2019,Kolkata,Banglore,CCU → BLR,21:25,00:05,2:40,0,No Info,4804,27,06,2019,21,25,00,05,2,40
IndiGo,9/03/2019,Kolkata,Banglore,CCU → BLR,09:35,12:20,2:45,0,No Info,4148,9,03,2019,09,35,12,20,2,45
IndiGo,1/04/2019,Delhi,Cochin,DEL → MAA → COK,02:00,07:25,5:25,1,No Info,5164,1,04,2019,02,00,07,25,5,25
Multiple carriers,27/06/2019,Delhi,Cochin,DEL → BOM → COK,07:00,19:00,12h,1,No Info,12192,27,06,2019,07,00,19,00,12h,
Multiple carriers,6/03/2019,Delhi,Cochin,DEL → BOM → COK,09:00,21:00,12h,1,No Info,15078,6,03,2019,09,00,21,00,12h,
IndiGo,6/04/2019,Kolkata,Banglore,CCU → HYD → BLR,15:15,20:30,5:15,1,No Info,4268,6,04,2019,15,15,20,30,5,15
Jet Airways,24/06/2019,Banglore,Delhi,BLR → DEL,11:10,14:05,2:55,0,In-flight meal not included,5769,24,06,2019,11,10,14,05,2,55
Jet Airways,01/03/2019,Banglore,New Delhi,BLR → BOM → DEL,08:55,18:25,9:30,1,No Info,26890,01,03,2019,08,55,18,25,9,30
SpiceJet,15/03/2019,Kolkata,Banglore,CCU → BLR,17:15,19:45,2:30,0,No check-in baggage included,3815,15,03,2019,17,15,19,45,2,30
Jet Airways,24/05/2019,Kolkata,Banglore,CCU → BOM → BLR,14:05,09:20,19:15,1,In-flight meal not included,9663,24,05,2019,14,05,09,20,19,15
IndiGo,3/04/2019,Banglore,Delhi,BLR → DEL,18:25,21:20,2:55,0,No Info,4823,3,04,2019,18,25,21,20,2,55
IndiGo,6/03/2019,Delhi,Cochin,DEL → BOM → COK,07:30,13:20,5:50,1,No Info,13628,6,03,2019,07,30,13,20,5,50
GoAir,6/05/2019,Kolkata,Banglore,CCU → BOM → BLR,23:30,07:45,8:15,1,No Info,7451,6,05,2019,23,30,07,45,8,15
Jet Airways,1/04/2019,Banglore,Delhi,BLR → DEL,07:10,10:10,3h,0,No Info,7229,1,04,2019,07,10,10,10,3h,
Jet Airways,3/06/2019,Delhi,Cochin,DEL → JAI → BOM → COK,09:40,12:35,26:55,2,In-flight meal not included,10368,3,06,2019,09,40,12,35,26,55
IndiGo,1/06/2019,Chennai,Kolkata,MAA → CCU,11:35,14:00,2:25,0,No Info,3858,1,06,2019,11,35,14,00,2,25
Jet Airways,21/05/2019,Kolkata,Banglore,CCU → BOM → BLR,21:10,10:05,12:55,1,In-flight meal not included,8586,21,05,2019,21,10,10,05,12,55
Jet Airways,18/05/2019,Kolkata,Banglore,CCU → BOM → BLR,05:45,19:50,14:5,1,No Info,14781,18,05,2019,05,45,19,50,14,5
Air India,15/05/2019,Delhi,Cochin,DEL → HYD → BOM → COK,17:15,07:40,14:25,2,No Info,13039,15,05,2019,17,15,07,40,14,25
Vistara,21/06/2019,Banglore,Delhi,BLR → DEL,21:00,23:50,2:50,0,No Info,5613,21,06,2019,21,00,23,50,2,50
GoAir,09/03/2019,Banglore,New Delhi,BLR → DEL,11:40,14:35,2:55,0,No Info,7305,09,03,2019,11,40,14,35,2,55
Jet Airways,24/06/2019,Delhi,Cochin,DEL → BOM → COK,18:15,04:25,10:10,1,In-flight meal not included,10262,24,06,2019,18,15,04,25,10,10
Air India,1/03/2019,Mumbai,Hyderabad,BOM → HYD,19:30,20:45,1:15,0,No Info,15385,1,03,2019,19,30,20,45,1,15
Jet Airways,24/03/2019,Kolkata,Banglore,CCU → BOM → BLR,16:55,16:20,23:25,1,In-flight meal not included,11134,24,03,2019,16,55,16,20,23,25
Jet Airways,12/04/2019,Banglore,Delhi,BLR → DEL,18:55,22:00,3:5,0,No Info,7229,12,04,2019,18,55,22,00,3,5
SpiceJet,03/03/2019,Banglore,New Delhi,BLR → DEL,20:30,23:20,2:50,0,No Info,6860,03,03,2019,20,30,23,20,2,50
Jet Airways,9/03/2019,Delhi,Cochin,DEL → BOM → COK,19:45,04:25,8:40,1,No Info,15554,9,03,2019,19,45,04,25,8,40
Jet Airways,1/04/2019,Kolkata,Banglore,CCU → DEL → BLR,09:35,21:05,11:30,1,In-flight meal not included,8066,1,04,2019,09,35,21,05,11,30
IndiGo,3/06/2019,Delhi,Cochin,DEL → BLR → COK,15:10,20:00,4:50,1,No Info,6493,3,06,2019,15,10,20,00,4,50
Air India,15/03/2019,Banglore,New Delhi,BLR → HYD → VGA → DEL,17:00,22:55,29:55,2,No Info,8534,15,03,2019,17,00,22,55,29,55
Jet Airways,6/06/2019,Delhi,Cochin,DEL → BHO → BOM → COK,05:30,12:35,7:5,2,In-flight meal not included,13344,6,06,2019,05,30,12,35,7,5
Vistara,6/03/2019,Mumbai,Hyderabad,BOM → DEL → HYD,14:40,09:25,18:45,1,No Info,12395,6,03,2019,14,40,09,25,18,45
Air India,3/06/2019,Delhi,Cochin,DEL → JDH → BOM → COK,12:55,19:15,30:20,2,No Info,12436,3,06,2019,12,55,19,15,30,20
IndiGo,9/06/2019,Delhi,Cochin,DEL → HYD → COK,14:20,22:30,8:10,1,No Info,6938,9,06,2019,14,20,22,30,8,10
Air India,3/04/2019,Kolkata,Banglore,CCU → BLR,20:45,23:20,2:35,0,No Info,4460,3,04,2019,20,45,23,20,2,35
SpiceJet,24/03/2019,Kolkata,Banglore,CCU → BLR,17:15,19:45,2:30,0,No Info,6461,24,03,2019,17,15,19,45,2,30
GoAir,12/06/2019,Delhi,Cochin,DEL → BOM → COK,14:25,19:35,5:10,1,No Info,7870,12,06,2019,14,25,19,35,5,10
Vistara,6/03/2019,Mumbai,Hyderabad,BOM → DEL → HYD,11:55,22:55,11h,1,No Info,12395,6,03,2019,11,55,22,55,11h,
Air India,27/06/2019,Delhi,Cochin,DEL → BOM → COK,09:00,19:15,10:15,1,No Info,8372,27,06,2019,09,00,19,15,10,15
Jet Airways,12/06/2019,Kolkata,Banglore,CCU → BOM → BLR,14:05,18:15,28:10,1,In-flight meal not included,8529,12,06,2019,14,05,18,15,28,10
Air Asia,9/06/2019,Kolkata,Banglore,CCU → BBI → BLR,06:50,10:30,3:40,1,No Info,6857,9,06,2019,06,50,10,30,3,40
Vistara,1/05/2019,Banglore,Delhi,BLR → DEL,11:30,14:20,2:50,0,No Info,4668,1,05,2019,11,30,14,20,2,50
Air India,3/05/2019,Mumbai,Hyderabad,BOM → HYD,21:05,22:25,1:20,0,No Info,3100,3,05,2019,21,05,22,25,1,20
SpiceJet,27/04/2019,Banglore,Delhi,BLR → DEL,09:30,12:20,2:50,0,No Info,4991,27,04,2019,09,30,12,20,2,50
IndiGo,6/05/2019,Kolkata,Banglore,CCU → BLR,15:15,17:45,2:30,0,No Info,4804,6,05,2019,15,15,17,45,2,30
Jet Airways,24/03/2019,Kolkata,Banglore,CCU → BOM → BLR,08:25,20:40,12:15,1,In-flight meal not included,11134,24,03,2019,08,25,20,40,12,15
Multiple carriers,21/03/2019,Delhi,Cochin,DEL → BOM → COK,17:00,01:35,8:35,1,No Info,7363,21,03,2019,17,00,01,35,8,35
IndiGo,1/04/2019,Mumbai,Hyderabad,BOM → HYD,20:05,21:40,1:35,0,No Info,2227,1,04,2019,20,05,21,40,1,35
Jet Airways,21/05/2019,Delhi,Cochin,DEL → IDR → BOM → COK,09:35,12:35,27h,2,No Info,13559,21,05,2019,09,35,12,35,27h,
Multiple carriers,9/06/2019,Delhi,Cochin,DEL → HYD → COK,09:45,22:30,12:45,1,No Info,9646,9,06,2019,09,45,22,30,12,45
IndiGo,27/05/2019,Delhi,Cochin,DEL → BOM → COK,07:30,21:00,13:30,1,No Info,6526,27,05,2019,07,30,21,00,13,30
Jet Airways,24/06/2019,Mumbai,Hyderabad,BOM → HYD,08:45,10:15,1:30,0,No Info,8040,24,06,2019,08,45,10,15,1,30
Jet Airways,1/05/2019,Delhi,Cochin,DEL → JAI → BOM → COK,09:40,12:35,26:55,2,No Info,15129,1,05,2019,09,40,12,35,26,55
IndiGo,21/04/2019,Delhi,Cochin,DEL → MAA → COK,02:00,07:25,5:25,1,No Info,5636,21,04,2019,02,00,07,25,5,25
Jet Airways,15/06/2019,Mumbai,Hyderabad,BOM → HYD,02:55,04:20,1:25,0,No Info,5678,15,06,2019,02,55,04,20,1,25
Air India,01/03/2019,Banglore,New Delhi,BLR → GAU → DEL,13:50,18:40,28:50,1,No Info,17198,01,03,2019,13,50,18,40,28,50
Multiple carriers,9/03/2019,Delhi,Cochin,DEL → BOM → COK,08:00,19:45,11:45,1,No Info,16287,9,03,2019,08,00,19,45,11,45
IndiGo,9/03/2019,Delhi,Cochin,DEL → LKO → COK,05:35,10:10,4:35,1,No Info,9476,9,03,2019,05,35,10,10,4,35
Air India,9/06/2019,Kolkata,Banglore,CCU → BOM → AMD → BLR,09:25,05:25,20h,2,No Info,13007,9,06,2019,09,25,05,25,20h,
IndiGo,27/05/2019,Delhi,Cochin,DEL → HYD → COK,07:35,22:30,14:55,1,No Info,7514,27,05,2019,07,35,22,30,14,55
IndiGo,6/03/2019,Kolkata,Banglore,CCU → BLR,15:10,17:45,2:35,0,No Info,5618,6,03,2019,15,10,17,45,2,35
SpiceJet,6/05/2019,Chennai,Kolkata,MAA → CCU,08:20,10:35,2:15,0,No Info,3911,6,05,2019,08,20,10,35,2,15
IndiGo,18/05/2019,Banglore,Delhi,BLR → DEL,20:00,22:50,2:50,0,No Info,4823,18,05,2019,20,00,22,50,2,50
Air India,9/06/2019,Kolkata,Banglore,CCU → BOM → COK → BLR,09:25,13:45,28:20,2,No Info,11752,9,06,2019,09,25,13,45,28,20
Jet Airways,9/06/2019,Kolkata,Banglore,CCU → BOM → BLR,20:00,12:00,16h,1,No Info,14571,9,06,2019,20,00,12,00,16h,
Air India,9/06/2019,Delhi,Cochin,DEL → BOM → COK,20:00,19:15,23:15,1,No Info,8372,9,06,2019,20,00,19,15,23,15
SpiceJet,24/04/2019,Banglore,Delhi,BLR → DEL,05:55,08:35,2:40,0,No Info,3971,24,04,2019,05,55,08,35,2,40
Jet Airways,12/06/2019,Delhi,Cochin,DEL → BOM → COK,22:50,04:25,5:35,1,In-flight meal not included,10262,12,06,2019,22,50,04,25,5,35
IndiGo,6/05/2019,Chennai,Kolkata,MAA → CCU,13:15,15:35,2:20,0,No Info,3597,6,05,2019,13,15,15,35,2,20
Air India,9/06/2019,Delhi,Cochin,DEL → JDH → BOM → COK,12:55,19:15,30:20,2,No Info,12436,9,06,2019,12,55,19,15,30,20
Jet Airways,6/06/2019,Delhi,Cochin,DEL → BOM → COK,13:00,19:00,6h,1,No Info,14714,6,06,2019,13,00,19,00,6h,
Jet Airways,21/05/2019,Delhi,Cochin,DEL → BOM → COK,19:45,12:35,16:50,1,In-flight meal not included,12898,21,05,2019,19,45,12,35,16,50
SpiceJet,24/03/2019,Kolkata,Banglore,CCU → IXB → BLR,11:15,18:15,7h,1,No Info,12287,24,03,2019,11,15,18,15,7h,
IndiGo,21/05/2019,Delhi,Cochin,DEL → LKO → COK,21:50,03:35,5:45,1,No Info,7189,21,05,2019,21,50,03,35,5,45
Air India,21/05/2019,Banglore,Delhi,BLR → DEL,17:00,19:50,2:50,0,No Info,6961,21,05,2019,17,00,19,50,2,50
Air India,24/03/2019,Kolkata,Banglore,CCU → IXB → DEL → BLR,13:55,23:15,33:20,2,No Info,15292,24,03,2019,13,55,23,15,33,20
Jet Airways,1/06/2019,Delhi,Cochin,DEL → JAI → BOM → COK,05:30,19:00,13:30,2,In-flight meal not included,10368,1,06,2019,05,30,19,00,13,30
Jet Airways,6/06/2019,Delhi,Cochin,DEL → IDR → BOM → COK,21:25,19:00,21:35,2,No Info,13292,6,06,2019,21,25,19,00,21,35
Air India,9/03/2019,Delhi,Cochin,DEL → BLR → COK,06:10,23:00,16:50,1,No Info,9064,9,03,2019,06,10,23,00,16,50
Jet Airways,18/05/2019,Kolkata,Banglore,CCU → BOM → BLR,21:10,09:20,12:10,1,No Info,14388,18,05,2019,21,10,09,20,12,10
SpiceJet,12/06/2019,Banglore,Delhi,BLR → DEL,05:55,08:35,2:40,0,No Info,4423,12,06,2019,05,55,08,35,2,40
Air India,1/05/2019,Delhi,Cochin,DEL → HYD → MAA → COK,17:15,09:25,16:10,2,No Info,8839,1,05,2019,17,15,09,25,16,10
Vistara,24/05/2019,Kolkata,Banglore,CCU → DEL → BLR,17:00,23:25,6:25,1,No Info,9870,24,05,2019,17,00,23,25,6,25
Jet Airways,27/06/2019,Delhi,Cochin,DEL → AMD → BOM → COK,23:05,19:00,19:55,2,No Info,12819,27,06,2019,23,05,19,00,19,55
Multiple carriers,15/05/2019,Delhi,Cochin,DEL → BOM → COK,19:00,01:30,6:30,1,No Info,7670,15,05,2019,19,00,01,30,6,30
Jet Airways,9/05/2019,Kolkata,Banglore,CCU → DEL → BLR,20:25,10:55,14:30,1,In-flight meal not included,8066,9,05,2019,20,25,10,55,14,30
Air India,6/03/2019,Mumbai,Hyderabad,BOM → GOI → PNQ → HYD,05:05,16:55,11:50,2,No Info,16697,6,03,2019,05,05,16,55,11,50
IndiGo,12/06/2019,Delhi,Cochin,DEL → BOM → COK,15:00,01:30,10:30,1,No Info,5684,12,06,2019,15,00,01,30,10,30
Multiple carriers,1/06/2019,Delhi,Cochin,DEL → BOM → COK,11:25,19:00,7:35,1,No Info,11200,1,06,2019,11,25,19,00,7,35
Jet Airways,24/03/2019,Kolkata,Banglore,CCU → BOM → BLR,21:10,20:40,23:30,1,No Info,13759,24,03,2019,21,10,20,40,23,30
IndiGo,24/03/2019,Banglore,New Delhi,BLR → DEL,13:00,15:50,2:50,0,No Info,5694,24,03,2019,13,00,15,50,2,50
Vistara,01/03/2019,Banglore,New Delhi,BLR → AMD → DEL,06:40,10:25,27:45,1,No Info,12371,01,03,2019,06,40,10,25,27,45
IndiGo,9/04/2019,Delhi,Cochin,DEL → BOM → COK,16:00,01:30,9:30,1,No Info,6573,9,04,2019,16,00,01,30,9,30
GoAir,6/03/2019,Delhi,Cochin,DEL → AMD → COK,06:00,13:20,7:20,1,No Info,6393,6,03,2019,06,00,13,20,7,20
IndiGo,6/06/2019,Kolkata,Banglore,CCU → BLR,11:30,14:05,2:35,0,No Info,5224,6,06,2019,11,30,14,05,2,35
Jet Airways,9/05/2019,Banglore,Delhi,BLR → DEL,17:45,20:45,3h,0,In-flight meal not included,5198,9,05,2019,17,45,20,45,3h,
Jet Airways,21/05/2019,Kolkata,Banglore,CCU → BOM → BLR,21:10,04:40,7:30,1,No Info,13941,21,05,2019,21,10,04,40,7,30
SpiceJet,15/03/2019,Chennai,Kolkata,MAA → CCU,09:30,12:05,2:35,0,No Info,6300,15,03,2019,09,30,12,05,2,35
Jet Airways,24/06/2019,Delhi,Cochin,DEL → IDR → BOM → COK,09:35,12:35,27h,2,No Info,12609,24,06,2019,09,35,12,35,27h,
Multiple carriers,3/06/2019,Delhi,Cochin,DEL → BOM → COK,09:00,21:00,12h,1,No Info,13587,3,06,2019,09,00,21,00,12h,
Multiple carriers,24/06/2019,Delhi,Cochin,DEL → BOM → COK,13:00,21:00,8h,1,No Info,13587,24,06,2019,13,00,21,00,8h,
Jet Airways,27/06/2019,Delhi,Cochin,DEL → BOM → COK,10:00,12:35,26:35,1,In-flight meal not included,10262,27,06,2019,10,00,12,35,26,35
Air India,6/03/2019,Delhi,Cochin,DEL → BOM → COK,10:00,19:15,9:15,1,No Info,16439,6,03,2019,10,00,19,15,9,15
Jet Airways,21/05/2019,Kolkata,Banglore,CCU → BOM → BLR,14:05,22:35,8:30,1,No Info,14781,21,05,2019,14,05,22,35,8,30
Jet Airways,3/06/2019,Delhi,Cochin,DEL → BOM → COK,19:45,12:35,16:50,1,In-flight meal not included,10262,3,06,2019,19,45,12,35,16,50
Jet Airways,24/05/2019,Kolkata,Banglore,CCU → BOM → BLR,14:05,18:15,28:10,1,In-flight meal not included,10844,24,05,2019,14,05,18,15,28,10
IndiGo,15/06/2019,Banglore,Delhi,BLR → DEL,18:25,21:20,2:55,0,No Info,4823,15,06,2019,18,25,21,20,2,55
Air India,9/04/2019,Banglore,Delhi,BLR → DEL,17:00,19:50,2:50,0,No Info,5911,9,04,2019,17,00,19,50,2,50
Multiple carriers,24/06/2019,Delhi,Cochin,DEL → BOM → COK,13:00,01:30,12:30,1,No Info,13377,24,06,2019,13,00,01,30,12,30
Multiple carriers,27/03/2019,Delhi,Cochin,DEL → HYD → COK,07:10,22:20,15:10,1,No Info,6145,27,03,2019,07,10,22,20,15,10
SpiceJet,27/06/2019,Mumbai,Hyderabad,BOM → HYD,22:45,00:15,1:30,0,No check-in baggage included,1965,27,06,2019,22,45,00,15,1,30
IndiGo,27/03/2019,Delhi,Cochin,DEL → HYD → COK,07:35,16:10,8:35,1,No Info,6442,27,03,2019,07,35,16,10,8,35
Jet Airways,6/05/2019,Kolkata,Banglore,CCU → BOM → BLR,16:30,16:20,23:50,1,No Info,13941,6,05,2019,16,30,16,20,23,50
Air India,3/03/2019,Delhi,Cochin,DEL → BLR → COK,06:10,23:00,16:50,1,No Info,13002,3,03,2019,06,10,23,00,16,50
Air India,24/06/2019,Delhi,Cochin,DEL → BLR → COK,13:30,23:00,9:30,1,No Info,8907,24,06,2019,13,30,23,00,9,30
Jet Airways,27/05/2019,Delhi,Cochin,DEL → IDR → BOM → COK,09:35,12:35,27h,2,No Info,14657,27,05,2019,09,35,12,35,27h,
SpiceJet,6/05/2019,Kolkata,Banglore,CCU → BLR,22:20,00:40,2:20,0,No Info,3873,6,05,2019,22,20,00,40,2,20
Jet Airways,21/05/2019,Kolkata,Banglore,CCU → BOM → BLR,14:05,23:35,9:30,1,No Info,14781,21,05,2019,14,05,23,35,9,30
Air India,18/06/2019,Banglore,Delhi,BLR → DEL,21:05,23:55,2:50,0,No Info,5228,18,06,2019,21,05,23,55,2,50
Air Asia,09/03/2019,Banglore,New Delhi,BLR → DEL,05:50,08:40,2:50,0,No Info,7652,09,03,2019,05,50,08,40,2,50
Jet Airways,24/03/2019,Banglore,New Delhi,BLR → DEL,08:20,11:15,2:55,0,No Info,7229,24,03,2019,08,20,11,15,2,55
IndiGo,1/05/2019,Kolkata,Banglore,CCU → MAA → BLR,06:20,10:20,4h,1,No Info,4226,1,05,2019,06,20,10,20,4h,
Jet Airways,9/05/2019,Delhi,Cochin,DEL → BOM → COK,20:55,19:00,22:5,1,In-flight meal not included,12373,9,05,2019,20,55,19,00,22,5
IndiGo,15/03/2019,Banglore,New Delhi,BLR → DEL,08:30,11:30,3h,0,No Info,6860,15,03,2019,08,30,11,30,3h,
Jet Airways,24/05/2019,Kolkata,Banglore,CCU → BOM → BLR,16:30,12:00,19:30,1,In-flight meal not included,10844,24,05,2019,16,30,12,00,19,30
Jet Airways,18/05/2019,Delhi,Cochin,DEL → BOM → COK,15:00,12:35,21:35,1,In-flight meal not included,12373,18,05,2019,15,00,12,35,21,35
IndiGo,24/03/2019,Banglore,New Delhi,BLR → DEL,01:30,04:15,2:45,0,No Info,4238,24,03,2019,01,30,04,15,2,45
Jet Airways,03/03/2019,Banglore,New Delhi,BLR → BOM → DEL,08:00,05:05,21:5,1,In-flight meal not included,13502,03,03,2019,08,00,05,05,21,5
Jet Airways,6/05/2019,Kolkata,Banglore,CCU → DEL → BLR,20:25,23:35,27:10,1,No Info,10953,6,05,2019,20,25,23,35,27,10
Air Asia,21/03/2019,Kolkata,Banglore,CCU → BLR,22:50,01:20,2:30,0,No Info,3782,21,03,2019,22,50,01,20,2,30
Jet Airways,12/05/2019,Kolkata,Banglore,CCU → BOM → BLR,14:05,19:50,5:45,1,No Info,14781,12,05,2019,14,05,19,50,5,45
IndiGo,6/06/2019,Kolkata,Banglore,CCU → BLR,20:25,23:10,2:45,0,No Info,4804,6,06,2019,20,25,23,10,2,45
SpiceJet,03/03/2019,Banglore,New Delhi,BLR → DEL,20:30,23:20,2:50,0,No Info,6860,03,03,2019,20,30,23,20,2,50
Air India,24/05/2019,Kolkata,Banglore,CCU → BBI → HYD → BLR,09:10,04:40,19:30,2,No Info,6117,24,05,2019,09,10,04,40,19,30
Jet Airways,15/06/2019,Banglore,Delhi,BLR → DEL,15:15,18:10,2:55,0,No Info,8016,15,06,2019,15,15,18,10,2,55
Vistara,21/06/2019,Delhi,Cochin,DEL → COK,06:00,09:10,3:10,0,No Info,6216,21,06,2019,06,00,09,10,3,10
Jet Airways,12/06/2019,Banglore,Delhi,BLR → DEL,06:00,08:45,2:45,0,No Info,8016,12,06,2019,06,00,08,45,2,45
Jet Airways,18/03/2019,Banglore,New Delhi,BLR → BOM → DEL,22:50,10:25,11:35,1,In-flight meal not included,11087,18,03,2019,22,50,10,25,11,35
Jet Airways,18/05/2019,Mumbai,Hyderabad,BOM → HYD,07:05,08:30,1:25,0,No Info,5678,18,05,2019,07,05,08,30,1,25
Jet Airways,9/05/2019,Banglore,Delhi,BLR → DEL,11:10,14:05,2:55,0,No Info,7229,9,05,2019,11,10,14,05,2,55
IndiGo,03/03/2019,Banglore,New Delhi,BLR → DEL,07:10,10:05,2:55,0,No Info,6860,03,03,2019,07,10,10,05,2,55
Multiple carriers,27/05/2019,Delhi,Cochin,DEL → BOM → COK,08:00,19:00,11h,1,No Info,10407,27,05,2019,08,00,19,00,11h,
Multiple carriers,24/06/2019,Delhi,Cochin,DEL → BOM → COK,07:05,21:00,13:55,1,No Info,13797,24,06,2019,07,05,21,00,13,55
Air India,24/06/2019,Banglore,Delhi,BLR → DEL,06:10,08:55,2:45,0,No Info,6961,24,06,2019,06,10,08,55,2,45
Jet Airways,9/05/2019,Kolkata,Banglore,CCU → DEL → BLR,17:00,23:35,6:35,1,No Info,10624,9,05,2019,17,00,23,35,6,35
Jet Airways,15/06/2019,Delhi,Cochin,DEL → ATQ → BOM → COK,12:15,04:25,16:10,2,No Info,14300,15,06,2019,12,15,04,25,16,10
SpiceJet,24/03/2019,Chennai,Kolkata,MAA → CCU,17:45,20:05,2:20,0,No Info,5418,24,03,2019,17,45,20,05,2,20
Jet Airways,18/05/2019,Delhi,Cochin,DEL → JAI → BOM → COK,05:30,04:25,22:55,2,No Info,15129,18,05,2019,05,30,04,25,22,55
SpiceJet,18/06/2019,Chennai,Kolkata,MAA → CCU,08:20,10:35,2:15,0,No check-in baggage included,3543,18,06,2019,08,20,10,35,2,15
SpiceJet,21/06/2019,Mumbai,Hyderabad,BOM → HYD,13:15,14:45,1:30,0,No check-in baggage included,1965,21,06,2019,13,15,14,45,1,30
Air Asia,6/05/2019,Banglore,Delhi,BLR → DEL,04:55,07:45,2:50,0,No Info,4282,6,05,2019,04,55,07,45,2,50
Air India,6/05/2019,Kolkata,Banglore,CCU → DEL → VGA → BLR,07:00,10:00,27h,2,No Info,14508,6,05,2019,07,00,10,00,27h,
Air Asia,12/05/2019,Kolkata,Banglore,CCU → BBI → BLR,06:50,10:30,3:40,1,No Info,5162,12,05,2019,06,50,10,30,3,40
Jet Airways,12/06/2019,Delhi,Cochin,DEL → BOM → COK,19:15,19:00,23:45,1,In-flight meal not included,10262,12,06,2019,19,15,19,00,23,45
Multiple carriers,9/03/2019,Delhi,Cochin,DEL → BOM → COK,07:00,19:45,12:45,1,No Info,15237,9,03,2019,07,00,19,45,12,45
Multiple carriers,1/06/2019,Delhi,Cochin,DEL → BOM → COK,11:40,19:00,7:20,1,No Info,12524,1,06,2019,11,40,19,00,7,20
Jet Airways,18/05/2019,Kolkata,Banglore,CCU → BOM → BLR,18:55,19:50,24:55,1,In-flight meal not included,10844,18,05,2019,18,55,19,50,24,55
Air India,21/03/2019,Banglore,New Delhi,BLR → MAA → DEL,11:50,13:00,25:10,1,No Info,5092,21,03,2019,11,50,13,00,25,10
Multiple carriers,18/05/2019,Delhi,Cochin,DEL → BOM → COK,09:15,19:15,10h,1,No Info,8309,18,05,2019,09,15,19,15,10h,
GoAir,9/04/2019,Delhi,Cochin,DEL → AMD → COK,07:25,13:20,5:55,1,No Info,4106,9,04,2019,07,25,13,20,5,55
Jet Airways,9/06/2019,Kolkata,Banglore,CCU → DEL → BLR,09:35,10:55,25:20,1,No Info,14151,9,06,2019,09,35,10,55,25,20
Jet Airways,6/04/2019,Delhi,Cochin,DEL → BOM → COK,02:15,12:35,10:20,1,In-flight meal not included,5177,6,04,2019,02,15,12,35,10,20
Jet Airways,21/05/2019,Kolkata,Banglore,CCU → BOM → BLR,14:05,20:45,6:40,1,In-flight meal not included,10844,21,05,2019,14,05,20,45,6,40
IndiGo,18/05/2019,Banglore,Delhi,BLR → DEL,16:55,19:55,3h,0,No Info,4823,18,05,2019,16,55,19,55,3h,
Jet Airways,9/06/2019,Delhi,Cochin,DEL → BOM → COK,17:30,19:00,25:30,1,In-flight meal not included,10262,9,06,2019,17,30,19,00,25,30
Air India,21/05/2019,Delhi,Cochin,DEL → CCU → BOM → COK,20:15,19:15,23h,2,No Info,13381,21,05,2019,20,15,19,15,23h,
IndiGo,1/05/2019,Chennai,Kolkata,MAA → CCU,11:35,14:00,2:25,0,No Info,4332,1,05,2019,11,35,14,00,2,25
Jet Airways,01/03/2019,Banglore,New Delhi,BLR → BOM → DEL,05:45,18:25,12:40,1,No Info,26890,01,03,2019,05,45,18,25,12,40
Air India,15/05/2019,Delhi,Cochin,DEL → GOI → BOM → COK,10:55,07:40,20:45,2,No Info,12803,15,05,2019,10,55,07,40,20,45
Jet Airways,12/06/2019,Kolkata,Banglore,CCU → BOM → BLR,14:05,16:20,26:15,1,In-flight meal not included,8529,12,06,2019,14,05,16,20,26,15
SpiceJet,3/04/2019,Kolkata,Banglore,CCU → BLR,09:00,11:25,2:25,0,No Info,3873,3,04,2019,09,00,11,25,2,25
Jet Airways,6/06/2019,Kolkata,Banglore,CCU → BOM → BLR,08:25,16:20,7:55,1,In-flight meal not included,10844,6,06,2019,08,25,16,20,7,55
Jet Airways,3/05/2019,Banglore,Delhi,BLR → DEL,19:50,22:50,3h,0,In-flight meal not included,6144,3,05,2019,19,50,22,50,3h,
Jet Airways,1/05/2019,Banglore,Delhi,BLR → DEL,11:10,14:05,2:55,0,No Info,7229,1,05,2019,11,10,14,05,2,55
Jet Airways,21/03/2019,Delhi,Cochin,DEL → BOM → COK,07:05,18:50,11:45,1,No Info,12767,21,03,2019,07,05,18,50,11,45
Jet Airways,6/05/2019,Banglore,Delhi,BLR → DEL,15:15,18:10,2:55,0,No Info,7229,6,05,2019,15,15,18,10,2,55
Multiple carriers,12/06/2019,Delhi,Cochin,DEL → BOM → COK,11:25,19:15,7:50,1,No Info,7354,12,06,2019,11,25,19,15,7,50
IndiGo,21/05/2019,Mumbai,Hyderabad,BOM → HYD,09:10,10:40,1:30,0,No Info,4049,21,05,2019,09,10,10,40,1,30
Multiple carriers,27/05/2019,Delhi,Cochin,DEL → BOM → COK,11:30,01:30,14h,1,No Info,13377,27,05,2019,11,30,01,30,14h,
IndiGo,15/03/2019,Banglore,New Delhi,BLR → DEL,10:10,13:00,2:50,0,No Info,6144,15,03,2019,10,10,13,00,2,50
Multiple carriers,15/05/2019,Delhi,Cochin,DEL → BOM → COK,06:00,19:15,13:15,1,No Info,8266,15,05,2019,06,00,19,15,13,15
Air India,15/05/2019,Delhi,Cochin,DEL → HYD → MAA → COK,07:05,09:25,26:20,2,No Info,10975,15,05,2019,07,05,09,25,26,20
Multiple carriers,15/06/2019,Delhi,Cochin,DEL → BOM → COK,07:00,19:00,12h,1,No Info,12192,15,06,2019,07,00,19,00,12h,
Jet Airways,27/03/2019,Delhi,Cochin,DEL → IXC → BOM → COK,06:20,19:45,37:25,2,No Info,12273,27,03,2019,06,20,19,45,37,25
Jet Airways,01/03/2019,Banglore,New Delhi,BLR → BOM → DEL,14:05,00:45,10:40,1,No Info,26890,01,03,2019,14,05,00,45,10,40
Multiple carriers,6/03/2019,Delhi,Cochin,DEL → BOM → COK,16:00,01:35,9:35,1,In-flight meal not included,15136,6,03,2019,16,00,01,35,9,35
Jet Airways,9/06/2019,Delhi,Cochin,DEL → BOM → COK,07:05,12:35,5:30,1,In-flight meal not included,10262,9,06,2019,07,05,12,35,5,30
Jet Airways,3/06/2019,Delhi,Cochin,DEL → BOM → COK,17:30,19:00,25:30,1,In-flight meal not included,10262,3,06,2019,17,30,19,00,25,30
Jet Airways,24/03/2019,Mumbai,Hyderabad,BOM → HYD,15:50,17:20,1:30,0,In-flight meal not included,2228,24,03,2019,15,50,17,20,1,30
IndiGo,27/06/2019,Chennai,Kolkata,MAA → CCU,19:35,21:55,2:20,0,No Info,3597,27,06,2019,19,35,21,55,2,20
SpiceJet,15/05/2019,Kolkata,Banglore,CCU → BLR,06:55,09:30,2:35,0,No check-in baggage included,3841,15,05,2019,06,55,09,30,2,35
Jet Airways,12/06/2019,Kolkata,Banglore,CCU → BOM → BLR,16:30,23:35,7:5,1,In-flight meal not included,9899,12,06,2019,16,30,23,35,7,5
Multiple carriers,9/06/2019,Delhi,Cochin,DEL → BOM → COK,02:15,11:30,9:15,1,No Info,13587,9,06,2019,02,15,11,30,9,15
Air Asia,9/06/2019,Kolkata,Banglore,CCU → BLR,19:55,22:25,2:30,0,No Info,4409,9,06,2019,19,55,22,25,2,30
IndiGo,6/05/2019,Mumbai,Hyderabad,BOM → HYD,21:20,22:50,1:30,0,No Info,2227,6,05,2019,21,20,22,50,1,30
Air India,3/03/2019,Mumbai,Hyderabad,BOM → HYD,06:20,07:40,1:20,0,No Info,4937,3,03,2019,06,20,07,40,1,20
IndiGo,24/03/2019,Kolkata,Banglore,CCU → BOM → BLR,05:35,11:20,5:45,1,No Info,9319,24,03,2019,05,35,11,20,5,45
Jet Airways,12/05/2019,Kolkata,Banglore,CCU → DEL → BLR,09:35,18:00,8:25,1,No Info,14151,12,05,2019,09,35,18,00,8,25
Jet Airways,9/06/2019,Delhi,Cochin,DEL → BOM → COK,13:00,19:00,6h,1,No Info,14714,9,06,2019,13,00,19,00,6h,
Jet Airways,3/05/2019,Banglore,Delhi,BLR → DEL,17:45,20:45,3h,0,No Info,7229,3,05,2019,17,45,20,45,3h,
Vistara,3/05/2019,Chennai,Kolkata,MAA → CCU,17:45,20:05,2:20,0,No Info,11982,3,05,2019,17,45,20,05,2,20
IndiGo,12/04/2019,Banglore,Delhi,BLR → DEL,18:25,21:20,2:55,0,No Info,4990,12,04,2019,18,25,21,20,2,55
Multiple carriers,21/05/2019,Delhi,Cochin,DEL → BOM → COK,10:35,19:00,8:25,1,No Info,9103,21,05,2019,10,35,19,00,8,25
SpiceJet,12/03/2019,Chennai,Kolkata,MAA → CCU,09:30,12:05,2:35,0,No Info,6300,12,03,2019,09,30,12,05,2,35
Jet Airways,24/06/2019,Delhi,Cochin,DEL → BHO → BOM → COK,05:30,12:35,7:5,2,No Info,14441,24,06,2019,05,30,12,35,7,5
Air India,12/06/2019,Kolkata,Banglore,CCU → BOM → BLR,09:25,18:30,9:5,1,No Info,8366,12,06,2019,09,25,18,30,9,5
SpiceJet,18/05/2019,Delhi,Cochin,DEL → MAA → COK,15:45,22:05,6:20,1,No Info,7317,18,05,2019,15,45,22,05,6,20
GoAir,24/03/2019,Banglore,New Delhi,BLR → DEL,07:45,10:40,2:55,0,No Info,3898,24,03,2019,07,45,10,40,2,55
Jet Airways,1/06/2019,Delhi,Cochin,DEL → BOM → COK,22:50,19:00,20:10,1,No Info,14714,1,06,2019,22,50,19,00,20,10
SpiceJet,18/06/2019,Kolkata,Banglore,CCU → BLR,09:00,11:25,2:25,0,No check-in baggage included,3841,18,06,2019,09,00,11,25,2,25
Multiple carriers,1/05/2019,Delhi,Cochin,DEL → BOM → COK,09:00,19:15,10:15,1,No Info,15373,1,05,2019,09,00,19,15,10,15
Air India,9/05/2019,Kolkata,Banglore,CCU → JAI → BOM → BLR,08:20,11:10,26:50,2,No Info,11222,9,05,2019,08,20,11,10,26,50
Multiple carriers,24/06/2019,Delhi,Cochin,DEL → BOM → COK,04:55,19:15,14:20,1,No Info,7155,24,06,2019,04,55,19,15,14,20
Multiple carriers,9/03/2019,Delhi,Cochin,DEL → BOM → COK,15:15,01:35,10:20,1,No Info,15200,9,03,2019,15,15,01,35,10,20
Jet Airways,21/03/2019,Banglore,New Delhi,BLR → BOM → DEL,18:40,07:40,13h,1,In-flight meal not included,7832,21,03,2019,18,40,07,40,13h,
IndiGo,3/06/2019,Delhi,Cochin,DEL → BOM → COK,16:00,21:00,5h,1,No Info,6593,3,06,2019,16,00,21,00,5h,
Air India,6/05/2019,Kolkata,Banglore,CCU → DEL → COK → TRV → BLR,07:00,10:30,27:30,3,No Info,13007,6,05,2019,07,00,10,30,27,30
Jet Airways,6/03/2019,Delhi,Cochin,DEL → BOM → COK,09:55,18:50,8:55,1,In-flight meal not included,15400,6,03,2019,09,55,18,50,8,55
Air India,9/06/2019,Kolkata,Banglore,CCU → MAA → BLR,14:35,14:35,24h,1,No Info,6528,9,06,2019,14,35,14,35,24h,
Jet Airways,24/06/2019,Delhi,Cochin,DEL → JAI → BOM → COK,09:40,12:35,26:55,2,In-flight meal not included,10368,24,06,2019,09,40,12,35,26,55
IndiGo,24/04/2019,Delhi,Cochin,DEL → BOM → COK,04:55,21:00,16:5,1,No Info,6162,24,04,2019,04,55,21,00,16,5
Jet Airways,06/03/2019,Banglore,New Delhi,BLR → BOM → DEL,14:05,09:00,18:55,1,No Info,17261,06,03,2019,14,05,09,00,18,55
Jet Airways,1/04/2019,Kolkata,Banglore,CCU → BOM → BLR,16:30,20:45,28:15,1,In-flight meal not included,7064,1,04,2019,16,30,20,45,28,15
Jet Airways,9/06/2019,Delhi,Cochin,DEL → LKO → BOM → COK,11:45,12:35,24:50,2,No Info,13882,9,06,2019,11,45,12,35,24,50
Vistara,3/06/2019,Delhi,Cochin,DEL → COK,14:40,17:50,3:10,0,No Info,6216,3,06,2019,14,40,17,50,3,10
Jet Airways,18/05/2019,Delhi,Cochin,DEL → JDH → BOM → COK,11:40,19:00,7:20,2,In-flight meal not included,19644,18,05,2019,11,40,19,00,7,20
Jet Airways,9/05/2019,Banglore,Delhi,BLR → DEL,15:15,18:10,2:55,0,In-flight meal not included,4544,9,05,2019,15,15,18,10,2,55
IndiGo,27/03/2019,Chennai,Kolkata,MAA → CCU,14:40,17:05,2:25,0,No Info,3384,27,03,2019,14,40,17,05,2,25
IndiGo,6/06/2019,Kolkata,Banglore,CCU → BLR,15:15,17:45,2:30,0,No Info,4804,6,06,2019,15,15,17,45,2,30
Jet Airways,24/03/2019,Kolkata,Banglore,CCU → BOM → BLR,19:45,19:40,23:55,1,In-flight meal not included,10031,24,03,2019,19,45,19,40,23,55
Jet Airways,12/05/2019,Kolkata,Banglore,CCU → BOM → BLR,21:10,08:15,11:5,1,In-flight meal not included,8586,12,05,2019,21,10,08,15,11,5
Jet Airways,21/03/2019,Banglore,New Delhi,BLR → BOM → DEL,07:00,13:15,6:15,1,In-flight meal not included,7832,21,03,2019,07,00,13,15,6,15
Vistara,24/05/2019,Kolkata,Banglore,CCU → DEL → BLR,17:00,09:05,16:5,1,No Info,10027,24,05,2019,17,00,09,05,16,5
IndiGo,18/03/2019,Mumbai,Hyderabad,BOM → HYD,12:00,13:25,1:25,0,No Info,2754,18,03,2019,12,00,13,25,1,25
Jet Airways,21/03/2019,Delhi,Cochin,DEL → BOM → COK,08:00,04:25,20:25,1,No Info,12767,21,03,2019,08,00,04,25,20,25
GoAir,9/05/2019,Kolkata,Banglore,CCU → AMD → BLR,16:40,00:15,7:35,1,No Info,8777,9,05,2019,16,40,00,15,7,35
GoAir,24/06/2019,Delhi,Cochin,DEL → BOM → COK,14:25,19:35,5:10,1,No Info,7870,24,06,2019,14,25,19,35,5,10
Air India,12/06/2019,Kolkata,Banglore,CCU → BBI → BOM → BLR,12:00,11:10,23:10,2,No Info,9416,12,06,2019,12,00,11,10,23,10
SpiceJet,6/05/2019,Mumbai,Hyderabad,BOM → HYD,22:45,00:15,1:30,0,No check-in baggage included,2175,6,05,2019,22,45,00,15,1,30
Multiple carriers,24/06/2019,Delhi,Cochin,DEL → HYD → COK,09:45,22:30,12:45,1,No Info,9646,24,06,2019,09,45,22,30,12,45
Jet Airways,24/05/2019,Kolkata,Banglore,CCU → BOM → BLR,20:00,04:40,8:40,1,No Info,13731,24,05,2019,20,00,04,40,8,40
Air India,6/03/2019,Delhi,Cochin,DEL → HYD → BOM → COK,07:05,19:15,36:10,2,No Info,11552,6,03,2019,07,05,19,15,36,10
Air India,18/03/2019,Banglore,New Delhi,BLR → BOM → BHO → DEL,08:50,23:25,38:35,2,No Info,10783,18,03,2019,08,50,23,25,38,35
Jet Airways,1/05/2019,Kolkata,Banglore,CCU → DEL → BLR,17:00,14:25,21:25,1,No Info,11467,1,05,2019,17,00,14,25,21,25
Air India,3/06/2019,Delhi,Cochin,DEL → BOM → COK,07:00,19:15,12:15,1,No Info,8879,3,06,2019,07,00,19,15,12,15
Multiple carriers,6/06/2019,Delhi,Cochin,DEL → BOM → COK,12:50,01:30,12:40,1,No Info,6795,6,06,2019,12,50,01,30,12,40
IndiGo,3/03/2019,Delhi,Cochin,DEL → BOM → COK,07:30,15:30,8h,1,No Info,14871,3,03,2019,07,30,15,30,8h,
Multiple carriers,3/03/2019,Delhi,Cochin,DEL → IDR → BOM → COK,15:05,01:35,10:30,2,No Info,34503,3,03,2019,15,05,01,35,10,30
Air India,15/06/2019,Delhi,Cochin,DEL → HYD → MAA → COK,07:05,09:25,26:20,2,No Info,10975,15,06,2019,07,05,09,25,26,20
Air India,24/05/2019,Kolkata,Banglore,CCU → GAU → DEL → BLR,09:50,23:15,13:25,2,No Info,15170,24,05,2019,09,50,23,15,13,25
Air India,1/05/2019,Kolkata,Banglore,CCU → MAA → BLR,14:35,14:35,24h,1,No Info,7001,1,05,2019,14,35,14,35,24h,
Air India,18/05/2019,Kolkata,Banglore,CCU → BOM → BLR,09:25,18:30,9:5,1,No Info,8576,18,05,2019,09,25,18,30,9,5
Jet Airways,9/05/2019,Delhi,Cochin,DEL → JAI → BOM → COK,19:30,04:25,8:55,2,No Info,15129,9,05,2019,19,30,04,25,8,55
IndiGo,9/04/2019,Banglore,Delhi,BLR → DEL,08:30,11:20,2:50,0,No Info,4823,9,04,2019,08,30,11,20,2,50
Jet Airways,21/05/2019,Kolkata,Banglore,CCU → BOM → BLR,06:30,19:50,13:20,1,In-flight meal not included,10844,21,05,2019,06,30,19,50,13,20
Vistara,9/06/2019,Kolkata,Banglore,CCU → DEL → BLR,20:20,20:20,24h,1,No Info,8085,9,06,2019,20,20,20,20,24h,
Jet Airways,3/03/2019,Delhi,Cochin,DEL → UDR → BOM → COK,18:20,04:25,34:5,2,No Info,20747,3,03,2019,18,20,04,25,34,5
Air India,6/05/2019,Kolkata,Banglore,CCU → DEL → BLR,17:30,08:55,15:25,1,No Info,10203,6,05,2019,17,30,08,55,15,25
Jet Airways,21/05/2019,Delhi,Cochin,DEL → BOM → COK,19:45,19:00,23:15,1,In-flight meal not included,12898,21,05,2019,19,45,19,00,23,15
Jet Airways,12/05/2019,Kolkata,Banglore,CCU → BOM → BLR,06:30,08:15,25:45,1,No Info,13941,12,05,2019,06,30,08,15,25,45
IndiGo,18/05/2019,Delhi,Cochin,DEL → BOM → COK,10:35,21:00,10:25,1,No Info,7503,18,05,2019,10,35,21,00,10,25
Jet Airways,1/06/2019,Delhi,Cochin,DEL → BOM → COK,09:00,19:00,10h,1,No Info,14714,1,06,2019,09,00,19,00,10h,
IndiGo,24/06/2019,Delhi,Cochin,DEL → HYD → COK,07:35,12:10,4:35,1,No Info,5054,24,06,2019,07,35,12,10,4,35
GoAir,15/03/2019,Banglore,New Delhi,BLR → DEL,20:55,23:50,2:55,0,No Info,8722,15,03,2019,20,55,23,50,2,55
Jet Airways,6/05/2019,Kolkata,Banglore,CCU → BOM → BLR,06:30,10:05,27:35,1,In-flight meal not included,8586,6,05,2019,06,30,10,05,27,35
Air India,9/06/2019,Banglore,Delhi,BLR → DEL,21:05,23:55,2:50,0,No Info,5228,9,06,2019,21,05,23,55,2,50
Air India,9/05/2019,Mumbai,Hyderabad,BOM → HYD,13:55,15:25,1:30,0,No Info,3100,9,05,2019,13,55,15,25,1,30
IndiGo,1/06/2019,Delhi,Cochin,DEL → COK,05:35,08:50,3:15,0,No Info,6541,1,06,2019,05,35,08,50,3,15
Multiple carriers,21/05/2019,Delhi,Cochin,DEL → BOM → COK,10:20,19:15,8:55,1,No Info,8266,21,05,2019,10,20,19,15,8,55
IndiGo,3/06/2019,Delhi,Cochin,DEL → BOM → COK,18:35,01:30,6:55,1,No Info,6628,3,06,2019,18,35,01,30,6,55
Jet Airways,21/05/2019,Kolkata,Banglore,CCU → BOM → BLR,16:30,04:40,12:10,1,In-flight meal not included,9663,21,05,2019,16,30,04,40,12,10
Jet Airways,12/06/2019,Kolkata,Banglore,CCU → BOM → BLR,16:30,22:35,6:5,1,In-flight meal not included,9899,12,06,2019,16,30,22,35,6,5
IndiGo,27/03/2019,Delhi,Cochin,DEL → HYD → MAA → COK,04:55,21:20,16:25,2,No Info,6223,27,03,2019,04,55,21,20,16,25
IndiGo,9/06/2019,Kolkata,Banglore,CCU → HYD → BLR,15:15,20:30,5:15,1,No Info,5380,9,06,2019,15,15,20,30,5,15
Multiple carriers,6/06/2019,Delhi,Cochin,DEL → BOM → COK,07:30,21:00,13:30,1,No Info,7740,6,06,2019,07,30,21,00,13,30
Jet Airways,12/06/2019,Kolkata,Banglore,CCU → BOM → BLR,06:30,19:50,13:20,1,In-flight meal not included,9899,12,06,2019,06,30,19,50,13,20
Jet Airways,18/05/2019,Banglore,Delhi,BLR → DEL,11:10,14:05,2:55,0,In-flight meal not included,5198,18,05,2019,11,10,14,05,2,55
Jet Airways,27/03/2019,Delhi,Cochin,DEL → IDR → BOM → COK,05:25,04:25,23h,2,In-flight meal not included,9254,27,03,2019,05,25,04,25,23h,
Jet Airways,18/05/2019,Kolkata,Banglore,CCU → BOM → BLR,14:05,10:05,20h,1,No Info,14388,18,05,2019,14,05,10,05,20h,
Vistara,6/05/2019,Kolkata,Banglore,CCU → DEL → BLR,07:10,09:05,25:55,1,No Info,8137,6,05,2019,07,10,09,05,25,55
Air India,9/05/2019,Delhi,Cochin,DEL → CCU → BOM → COK,20:15,19:15,23h,2,No Info,13591,9,05,2019,20,15,19,15,23h,
SpiceJet,12/05/2019,Kolkata,Banglore,CCU → KNU → BLR,11:35,18:50,7:15,1,No Info,8479,12,05,2019,11,35,18,50,7,15
Jet Airways,15/05/2019,Kolkata,Banglore,CCU → BOM → BLR,18:55,18:15,23:20,1,In-flight meal not included,10844,15,05,2019,18,55,18,15,23,20
Air India,12/06/2019,Kolkata,Banglore,CCU → DEL → BLR,17:30,20:25,26:55,1,No Info,10203,12,06,2019,17,30,20,25,26,55
IndiGo,12/06/2019,Delhi,Cochin,DEL → HYD → COK,14:20,22:30,8:10,1,No Info,6938,12,06,2019,14,20,22,30,8,10
Multiple carriers,15/06/2019,Delhi,Cochin,DEL → HYD → COK,09:45,22:30,12:45,1,No Info,9646,15,06,2019,09,45,22,30,12,45
IndiGo,1/06/2019,Delhi,Cochin,DEL → BOM → COK,16:00,21:00,5h,1,No Info,6593,1,06,2019,16,00,21,00,5h,
Vistara Premium economy,1/03/2019,Chennai,Kolkata,MAA → CCU,07:05,09:20,2:15,0,No Info,9125,1,03,2019,07,05,09,20,2,15
Multiple carriers,15/05/2019,Delhi,Cochin,DEL → BOM → COK,15:15,01:30,10:15,1,No Info,7670,15,05,2019,15,15,01,30,10,15
Air India,6/06/2019,Kolkata,Banglore,CCU → VNS → DEL → BLR,14:30,23:15,8:45,2,No Info,15894,6,06,2019,14,30,23,15,8,45
Jet Airways,15/05/2019,Kolkata,Banglore,CCU → GAU → BLR,10:20,17:35,7:15,1,In-flight meal not included,5608,15,05,2019,10,20,17,35,7,15
GoAir,21/05/2019,Delhi,Cochin,DEL → AMD → COK,07:25,13:20,5:55,1,No Info,5842,21,05,2019,07,25,13,20,5,55
SpiceJet,27/03/2019,Delhi,Cochin,DEL → PNQ → COK,08:45,13:15,4:30,1,No Info,4466,27,03,2019,08,45,13,15,4,30
IndiGo,24/06/2019,Chennai,Kolkata,MAA → CCU,13:15,15:35,2:20,0,No Info,3597,24,06,2019,13,15,15,35,2,20
Jet Airways,18/03/2019,Banglore,New Delhi,BLR → BOM → DEL,11:40,23:00,11:20,1,No Info,13555,18,03,2019,11,40,23,00,11,20
Air India,3/06/2019,Delhi,Cochin,DEL → BOM → COK,10:00,19:15,9:15,1,No Info,10979,3,06,2019,10,00,19,15,9,15
Jet Airways,18/05/2019,Delhi,Cochin,DEL → JAI → BOM → COK,05:30,19:00,13:30,2,No Info,15129,18,05,2019,05,30,19,00,13,30
Air India,21/03/2019,Delhi,Cochin,DEL → COK,14:10,17:10,3h,0,No Info,5674,21,03,2019,14,10,17,10,3h,
Vistara,27/04/2019,Banglore,Delhi,BLR → DEL,09:45,12:35,2:50,0,No Info,5613,27,04,2019,09,45,12,35,2,50
SpiceJet,24/03/2019,Kolkata,Banglore,CCU → BLR,22:20,00:40,2:20,0,No check-in baggage included,5725,24,03,2019,22,20,00,40,2,20
IndiGo,09/03/2019,Banglore,New Delhi,BLR → DEL,16:55,19:45,2:50,0,No Info,10067,09,03,2019,16,55,19,45,2,50
SpiceJet,12/04/2019,Banglore,Delhi,BLR → DEL,09:30,12:20,2:50,0,No check-in baggage included,4885,12,04,2019,09,30,12,20,2,50
Air India,9/06/2019,Delhi,Cochin,DEL → MAA → COK,06:05,09:25,27:20,1,No Info,7690,9,06,2019,06,05,09,25,27,20
IndiGo,3/03/2019,Delhi,Cochin,DEL → BOM → COK,20:30,01:35,5:5,1,No Info,8258,3,03,2019,20,30,01,35,5,5
Multiple carriers,12/06/2019,Delhi,Cochin,DEL → BOM → COK,07:00,21:00,14h,1,No Info,7408,12,06,2019,07,00,21,00,14h,
Jet Airways,24/05/2019,Kolkata,Banglore,CCU → BOM → BLR,08:25,20:45,12:20,1,In-flight meal not included,10844,24,05,2019,08,25,20,45,12,20
Jet Airways,21/03/2019,Delhi,Cochin,DEL → MAA → BOM → COK,16:10,18:50,26:40,2,In-flight meal not included,8728,21,03,2019,16,10,18,50,26,40
IndiGo,24/06/2019,Delhi,Cochin,DEL → BOM → COK,11:25,21:00,9:35,1,No Info,5894,24,06,2019,11,25,21,00,9,35
Air India,12/03/2019,Kolkata,Banglore,CCU → BLR,20:45,23:20,2:35,0,No Info,4435,12,03,2019,20,45,23,20,2,35
Jet Airways,21/05/2019,Mumbai,Hyderabad,BOM → HYD,02:55,04:20,1:25,0,In-flight meal not included,4050,21,05,2019,02,55,04,20,1,25
IndiGo,15/04/2019,Kolkata,Banglore,CCU → BLR,22:15,00:50,2:35,0,No Info,4174,15,04,2019,22,15,00,50,2,35
Air India,27/03/2019,Delhi,Cochin,DEL → MAA → COK,09:45,09:25,23:40,1,No Info,5957,27,03,2019,09,45,09,25,23,40
Jet Airways,9/06/2019,Kolkata,Banglore,CCU → DEL → BLR,17:00,21:05,28:5,1,No Info,12692,9,06,2019,17,00,21,05,28,5
IndiGo,24/03/2019,Banglore,New Delhi,BLR → DEL,16:55,19:45,2:50,0,No Info,7303,24,03,2019,16,55,19,45,2,50
Air India,1/05/2019,Kolkata,Banglore,CCU → HYD → BLR,19:00,11:05,16:5,1,No Info,6117,1,05,2019,19,00,11,05,16,5
IndiGo,12/05/2019,Delhi,Cochin,DEL → COK,05:35,08:50,3:15,0,No Info,6015,12,05,2019,05,35,08,50,3,15
Air India,9/06/2019,Kolkata,Banglore,CCU → BOM → GOI → BLR,09:25,05:35,20:10,2,No Info,11642,9,06,2019,09,25,05,35,20,10
Multiple carriers,18/05/2019,Delhi,Cochin,DEL → BOM → COK,06:40,19:15,12:35,1,No Info,7564,18,05,2019,06,40,19,15,12,35
IndiGo,24/04/2019,Banglore,Delhi,BLR → DEL,16:55,19:55,3h,0,No Info,4823,24,04,2019,16,55,19,55,3h,
IndiGo,27/06/2019,Delhi,Cochin,DEL → HYD → COK,05:05,16:10,11:5,1,No Info,6442,27,06,2019,05,05,16,10,11,5
Air India,9/06/2019,Kolkata,Banglore,CCU → HYD → BLR,19:00,11:05,16:5,1,No Info,6327,9,06,2019,19,00,11,05,16,5
Air India,27/03/2019,Delhi,Cochin,DEL → BLR → COK,09:45,08:15,22:30,1,No Info,7416,27,03,2019,09,45,08,15,22,30
Air India,27/05/2019,Delhi,Cochin,DEL → LKO → BOM → COK,07:10,07:40,24:30,2,No Info,14588,27,05,2019,07,10,07,40,24,30
Multiple carriers,12/06/2019,Delhi,Cochin,DEL → BOM → COK,10:00,01:30,15:30,1,No Info,7198,12,06,2019,10,00,01,30,15,30
Air India,27/06/2019,Delhi,Cochin,DEL → BOM → COK,07:00,19:15,12:15,1,No Info,8669,27,06,2019,07,00,19,15,12,15
IndiGo,9/06/2019,Delhi,Cochin,DEL → BOM → COK,06:40,21:00,14:20,1,No Info,6093,9,06,2019,06,40,21,00,14,20
Air India,9/05/2019,Kolkata,Banglore,CCU → VNS → DEL → BLR,14:30,12:30,22h,2,No Info,15107,9,05,2019,14,30,12,30,22h,
Air India,18/05/2019,Delhi,Cochin,DEL → BOM → COK,09:00,07:40,22:40,1,No Info,8372,18,05,2019,09,00,07,40,22,40
Jet Airways,1/04/2019,Kolkata,Banglore,CCU → BOM → BLR,08:25,22:35,14:10,1,In-flight meal not included,7064,1,04,2019,08,25,22,35,14,10
Vistara,24/03/2019,Kolkata,Banglore,CCU → DEL → BLR,07:10,22:55,15:45,1,No Info,12732,24,03,2019,07,10,22,55,15,45
SpiceJet,27/06/2019,Chennai,Kolkata,MAA → CCU,17:45,20:05,2:20,0,No Info,3597,27,06,2019,17,45,20,05,2,20
IndiGo,24/03/2019,Banglore,New Delhi,BLR → DEL,08:30,11:30,3h,0,No Info,7303,24,03,2019,08,30,11,30,3h,
Air India,6/06/2019,Kolkata,Banglore,CCU → IXR → DEL → BLR,05:50,20:25,14:35,2,No Info,10991,6,06,2019,05,50,20,25,14,35
Air India,09/03/2019,Banglore,New Delhi,BLR → VGA → DEL,10:30,11:20,24:50,1,No Info,10321,09,03,2019,10,30,11,20,24,50
IndiGo,6/06/2019,Banglore,Delhi,BLR → DEL,13:00,15:50,2:50,0,No Info,3943,6,06,2019,13,00,15,50,2,50
IndiGo,21/05/2019,Delhi,Cochin,DEL → MAA → COK,07:15,12:30,5:15,1,No Info,5636,21,05,2019,07,15,12,30,5,15
IndiGo,9/04/2019,Kolkata,Banglore,CCU → HYD → BLR,15:15,20:05,4:50,1,No Info,4268,9,04,2019,15,15,20,05,4,50
Jet Airways,9/06/2019,Delhi,Cochin,DEL → JAI → BOM → COK,05:30,19:00,13:30,2,No Info,13014,9,06,2019,05,30,19,00,13,30
Multiple carriers,9/05/2019,Delhi,Cochin,DEL → BOM → COK,09:00,21:00,12h,1,No Info,13727,9,05,2019,09,00,21,00,12h,
IndiGo,9/04/2019,Kolkata,Banglore,CCU → BLR,15:15,17:45,2:30,0,No Info,4174,9,04,2019,15,15,17,45,2,30
Air India,27/03/2019,Delhi,Cochin,DEL → JAI → BOM → COK,12:00,19:15,7:15,2,No Info,10493,27,03,2019,12,00,19,15,7,15
IndiGo,21/05/2019,Delhi,Cochin,DEL → BOM → COK,10:35,21:00,10:25,1,No Info,6794,21,05,2019,10,35,21,00,10,25
IndiGo,12/05/2019,Kolkata,Banglore,CCU → PNQ → BLR,21:00,02:15,5:15,1,No Info,7228,12,05,2019,21,00,02,15,5,15
Jet Airways,01/03/2019,Banglore,New Delhi,BLR → BOM → DEL,07:00,18:25,11:25,1,No Info,26890,01,03,2019,07,00,18,25,11,25
Multiple carriers,1/06/2019,Delhi,Cochin,DEL → HYD → COK,07:10,16:10,9h,1,No Info,7038,1,06,2019,07,10,16,10,9h,
Jet Airways,1/04/2019,Kolkata,Banglore,CCU → BOM → BLR,06:30,08:15,25:45,1,In-flight meal not included,7064,1,04,2019,06,30,08,15,25,45
Jet Airways,24/03/2019,Kolkata,Banglore,CCU → BOM → BLR,21:10,23:25,26:15,1,In-flight meal not included,10031,24,03,2019,21,10,23,25,26,15
Jet Airways,6/05/2019,Kolkata,Banglore,CCU → BOM → BLR,20:00,04:40,8:40,1,In-flight meal not included,9663,6,05,2019,20,00,04,40,8,40
Air Asia,1/05/2019,Banglore,Delhi,BLR → DEL,23:55,02:45,2:50,0,No Info,4483,1,05,2019,23,55,02,45,2,50
Jet Airways,3/06/2019,Banglore,Delhi,BLR → DEL,08:20,11:20,3h,0,In-flight meal not included,5769,3,06,2019,08,20,11,20,3h,
IndiGo,24/04/2019,Kolkata,Banglore,CCU → BLR,15:15,17:45,2:30,0,No Info,4804,24,04,2019,15,15,17,45,2,30
Air India,15/05/2019,Kolkata,Banglore,CCU → BLR,20:45,23:20,2:35,0,No Info,4145,15,05,2019,20,45,23,20,2,35
Air India,18/05/2019,Kolkata,Banglore,CCU → BLR,20:45,23:20,2:35,0,No Info,4880,18,05,2019,20,45,23,20,2,35
SpiceJet,6/06/2019,Chennai,Kolkata,MAA → CCU,09:45,12:00,2:15,0,No check-in baggage included,3543,6,06,2019,09,45,12,00,2,15
Jet Airways,01/03/2019,Banglore,New Delhi,BLR → BOM → DEL,08:55,21:20,12:25,1,1 Long layover,27992,01,03,2019,08,55,21,20,12,25
IndiGo,9/05/2019,Delhi,Cochin,DEL → BOM → COK,07:30,21:00,13:30,1,No Info,7191,9,05,2019,07,30,21,00,13,30
Vistara,1/04/2019,Banglore,Delhi,BLR → DEL,07:00,09:40,2:40,0,No Info,5403,1,04,2019,07,00,09,40,2,40
Jet Airways,9/06/2019,Delhi,Cochin,DEL → JDH → BOM → COK,11:40,19:00,7:20,2,In-flight meal not included,15812,9,06,2019,11,40,19,00,7,20
Jet Airways,9/04/2019,Banglore,Delhi,BLR → DEL,19:50,22:50,3h,0,In-flight meal not included,4544,9,04,2019,19,50,22,50,3h,
Air Asia,3/06/2019,Delhi,Cochin,DEL → BLR → COK,16:45,22:25,5:40,1,No Info,11410,3,06,2019,16,45,22,25,5,40
IndiGo,3/05/2019,Chennai,Kolkata,MAA → CCU,11:35,14:00,2:25,0,No Info,4332,3,05,2019,11,35,14,00,2,25
Jet Airways,15/04/2019,Banglore,Delhi,BLR → DEL,17:45,20:45,3h,0,In-flight meal not included,4544,15,04,2019,17,45,20,45,3h,
IndiGo,24/05/2019,Kolkata,Banglore,CCU → MAA → BLR,06:20,10:20,4h,1,No Info,4226,24,05,2019,06,20,10,20,4h,
Air India,3/06/2019,Kolkata,Banglore,CCU → BLR,20:45,23:20,2:35,0,No Info,4145,3,06,2019,20,45,23,20,2,35
Multiple carriers,27/06/2019,Delhi,Cochin,DEL → BOM → COK,10:00,19:15,9:15,1,No Info,14848,27,06,2019,10,00,19,15,9,15
IndiGo,3/04/2019,Banglore,Delhi,BLR → DEL,00:30,03:25,2:55,0,No Info,3419,3,04,2019,00,30,03,25,2,55
Jet Airways,24/03/2019,Banglore,New Delhi,BLR → DEL,18:55,21:55,3h,0,No Info,7229,24,03,2019,18,55,21,55,3h,
SpiceJet,3/06/2019,Delhi,Cochin,DEL → PNQ → COK,08:45,13:15,4:30,1,No Info,5830,3,06,2019,08,45,13,15,4,30
Jet Airways,18/03/2019,Banglore,New Delhi,BLR → BOM → DEL,14:05,07:40,17:35,1,In-flight meal not included,10972,18,03,2019,14,05,07,40,17,35
Jet Airways,24/03/2019,Kolkata,Banglore,CCU → BOM → BLR,18:55,08:10,13:15,1,No Info,14231,24,03,2019,18,55,08,10,13,15
Jet Airways,9/06/2019,Kolkata,Banglore,CCU → BOM → BLR,18:55,19:50,24:55,1,In-flight meal not included,10844,9,06,2019,18,55,19,50,24,55
SpiceJet,12/05/2019,Kolkata,Banglore,CCU → IXB → BLR,11:15,18:30,7:15,1,No Info,11468,12,05,2019,11,15,18,30,7,15
Air Asia,18/05/2019,Kolkata,Banglore,CCU → BLR,22:50,01:20,2:30,0,No Info,4409,18,05,2019,22,50,01,20,2,30
Jet Airways,27/06/2019,Delhi,Cochin,DEL → NAG → BOM → COK,14:35,12:35,22h,2,No Info,13376,27,06,2019,14,35,12,35,22h,
IndiGo,21/06/2019,Banglore,Delhi,BLR → DEL,23:30,02:20,2:50,0,No Info,4077,21,06,2019,23,30,02,20,2,50
Jet Airways,9/05/2019,Kolkata,Banglore,CCU → DEL → BLR,09:35,21:05,11:30,1,No Info,13067,9,05,2019,09,35,21,05,11,30
IndiGo,6/06/2019,Banglore,Delhi,BLR → DEL,07:10,10:05,2:55,0,No Info,4823,6,06,2019,07,10,10,05,2,55
Multiple carriers,9/03/2019,Delhi,Cochin,DEL → BOM → COK,06:50,19:15,12:25,1,In-flight meal not included,14817,9,03,2019,06,50,19,15,12,25
IndiGo,24/03/2019,Chennai,Kolkata,MAA → CCU,07:55,10:15,2:20,0,No Info,4326,24,03,2019,07,55,10,15,2,20
Multiple carriers,3/03/2019,Delhi,Cochin,DEL → BOM → COK,07:00,21:00,14h,1,No Info,15603,3,03,2019,07,00,21,00,14h,
Air India,24/03/2019,Kolkata,Banglore,CCU → GAU → DEL → BLR,16:45,23:15,30:30,2,No Info,13885,24,03,2019,16,45,23,15,30,30
Jet Airways,06/03/2019,Banglore,New Delhi,BLR → BOM → DEL,11:40,09:00,21:20,1,No Info,17261,06,03,2019,11,40,09,00,21,20
Multiple carriers,9/06/2019,Delhi,Cochin,DEL → GWL → IDR → BOM → COK,11:35,21:00,9:25,3,No Info,15629,9,06,2019,11,35,21,00,9,25
Air India,6/05/2019,Kolkata,Banglore,CCU → BBI → HYD → BLR,09:10,04:40,19:30,2,No Info,6117,6,05,2019,09,10,04,40,19,30
Jet Airways,24/06/2019,Delhi,Cochin,DEL → AMD → BOM → COK,23:05,04:25,29:20,2,No Info,12819,24,06,2019,23,05,04,25,29,20
Multiple carriers,27/05/2019,Delhi,Cochin,DEL → BOM → COK,18:15,01:30,7:15,1,No Info,13377,27,05,2019,18,15,01,30,7,15
Jet Airways,01/03/2019,Banglore,New Delhi,BLR → BOM → DEL,07:00,15:15,8:15,1,No Info,26890,01,03,2019,07,00,15,15,8,15
IndiGo,15/05/2019,Banglore,Delhi,BLR → DEL,00:30,03:25,2:55,0,No Info,3419,15,05,2019,00,30,03,25,2,55
Air India,15/05/2019,Kolkata,Banglore,CCU → GAU → DEL → BLR,09:50,23:15,13:25,2,No Info,14960,15,05,2019,09,50,23,15,13,25
Air India,3/03/2019,Mumbai,Hyderabad,BOM → HYD,19:30,20:45,1:15,0,No Info,11185,3,03,2019,19,30,20,45,1,15
Air India,27/05/2019,Delhi,Cochin,DEL → BOM → COK,19:00,19:15,24:15,1,No Info,8372,27,05,2019,19,00,19,15,24,15
Jet Airways,6/06/2019,Delhi,Cochin,DEL → BOM → COK,02:15,12:35,10:20,1,In-flight meal not included,10262,6,06,2019,02,15,12,35,10,20
Air India,12/06/2019,Kolkata,Banglore,CCU → BOM → COK → BLR,16:50,13:45,20:55,2,No Info,11542,12,06,2019,16,50,13,45,20,55
SpiceJet,3/04/2019,Kolkata,Banglore,CCU → MAA → BLR,15:05,20:20,5:15,1,No Info,4649,3,04,2019,15,05,20,20,5,15
Jet Airways,9/03/2019,Mumbai,Hyderabad,BOM → HYD,19:40,21:10,1:30,0,No Info,5678,9,03,2019,19,40,21,10,1,30
SpiceJet,1/06/2019,Banglore,Delhi,BLR → DEL,09:30,12:20,2:50,0,No Info,3971,1,06,2019,09,30,12,20,2,50
Multiple carriers,3/06/2019,Delhi,Cochin,DEL → HYD → COK,07:10,16:10,9h,1,No Info,7878,3,06,2019,07,10,16,10,9h,
Jet Airways,27/06/2019,Delhi,Cochin,DEL → JAI → BOM → COK,05:30,19:00,13:30,2,No Info,13014,27,06,2019,05,30,19,00,13,30
IndiGo,1/05/2019,Banglore,Delhi,BLR → DEL,06:05,08:50,2:45,0,No Info,4423,1,05,2019,06,05,08,50,2,45
Jet Airways,1/06/2019,Delhi,Cochin,DEL → BOM → COK,14:00,04:25,14:25,1,In-flight meal not included,10262,1,06,2019,14,00,04,25,14,25
Vistara,27/05/2019,Banglore,Delhi,BLR → DEL,09:45,12:35,2:50,0,No Info,4668,27,05,2019,09,45,12,35,2,50
Jet Airways,21/05/2019,Kolkata,Banglore,CCU → BOM → BLR,21:10,18:15,21:5,1,In-flight meal not included,10844,21,05,2019,21,10,18,15,21,5
Jet Airways,24/06/2019,Delhi,Cochin,DEL → JAI → BOM → COK,09:40,04:25,18:45,2,In-flight meal not included,10368,24,06,2019,09,40,04,25,18,45
IndiGo,21/04/2019,Banglore,Delhi,BLR → DEL,10:10,13:00,2:50,0,No Info,4591,21,04,2019,10,10,13,00,2,50
IndiGo,6/05/2019,Delhi,Cochin,DEL → BOM → COK,18:35,01:30,6:55,1,No Info,7191,6,05,2019,18,35,01,30,6,55
Multiple carriers,18/05/2019,Delhi,Cochin,DEL → BOM → COK,06:00,12:35,6:35,1,No Info,9794,18,05,2019,06,00,12,35,6,35
IndiGo,1/06/2019,Banglore,Delhi,BLR → DEL,04:00,06:50,2:50,0,No Info,3943,1,06,2019,04,00,06,50,2,50
Jet Airways,12/06/2019,Kolkata,Banglore,CCU → BOM → BLR,06:30,12:00,5:30,1,No Info,13626,12,06,2019,06,30,12,00,5,30
Jet Airways,12/05/2019,Kolkata,Banglore,CCU → BOM → BLR,20:00,09:20,13:20,1,In-flight meal not included,9663,12,05,2019,20,00,09,20,13,20
Multiple carriers,15/06/2019,Delhi,Cochin,DEL → HYD → COK,07:10,16:10,9h,1,In-flight meal not included,6093,15,06,2019,07,10,16,10,9h,
Jet Airways,12/03/2019,Banglore,New Delhi,BLR → BOM → DEL,21:25,07:40,10:15,1,No Info,11717,12,03,2019,21,25,07,40,10,15
Jet Airways,18/05/2019,Kolkata,Banglore,CCU → BOM → BLR,20:00,09:20,13:20,1,No Info,14781,18,05,2019,20,00,09,20,13,20
Jet Airways,3/05/2019,Banglore,Delhi,BLR → DEL,06:00,08:45,2:45,0,No Info,7229,3,05,2019,06,00,08,45,2,45
GoAir,1/06/2019,Banglore,Delhi,BLR → DEL,20:55,23:40,2:45,0,No Info,3898,1,06,2019,20,55,23,40,2,45
Jet Airways,3/06/2019,Delhi,Cochin,DEL → BOM → COK,22:50,12:35,13:45,1,No Info,14714,3,06,2019,22,50,12,35,13,45
Multiple carriers,27/05/2019,Delhi,Cochin,DEL → BOM → COK,11:40,21:00,9:20,1,No Info,7005,27,05,2019,11,40,21,00,9,20
IndiGo,15/06/2019,Chennai,Kolkata,MAA → CCU,14:45,17:05,2:20,0,No Info,3597,15,06,2019,14,45,17,05,2,20
SpiceJet,18/03/2019,Kolkata,Banglore,CCU → BLR,06:55,09:35,2:40,0,No check-in baggage included,4413,18,03,2019,06,55,09,35,2,40
Multiple carriers,6/03/2019,Delhi,Cochin,DEL → BOM → COK,10:20,19:15,8:55,1,No Info,15353,6,03,2019,10,20,19,15,8,55
IndiGo,1/05/2019,Banglore,Delhi,BLR → DEL,10:10,13:00,2:50,0,No Info,3943,1,05,2019,10,10,13,00,2,50
IndiGo,15/03/2019,Chennai,Kolkata,MAA → CCU,13:20,15:35,2:15,0,No Info,6297,15,03,2019,13,20,15,35,2,15
IndiGo,09/03/2019,Banglore,New Delhi,BLR → DEL,20:00,22:55,2:55,0,No Info,6144,09,03,2019,20,00,22,55,2,55
Air India,21/05/2019,Delhi,Cochin,DEL → JAI → BOM → COK,18:45,19:15,24:30,2,No Info,12257,21,05,2019,18,45,19,15,24,30
Jet Airways,21/05/2019,Delhi,Cochin,DEL → AMD → BOM → COK,13:25,12:35,23:10,2,No Info,15129,21,05,2019,13,25,12,35,23,10
Jet Airways,24/06/2019,Delhi,Cochin,DEL → JAI → BOM → COK,05:30,04:25,22:55,2,In-flight meal not included,10368,24,06,2019,05,30,04,25,22,55
Jet Airways,9/05/2019,Delhi,Cochin,DEL → JAI → BOM → COK,09:40,19:00,9:20,2,In-flight meal not included,13029,9,05,2019,09,40,19,00,9,20
Air India,6/06/2019,Kolkata,Banglore,CCU → BBI → BOM → BLR,12:00,11:10,23:10,2,No Info,9416,6,06,2019,12,00,11,10,23,10
Air India,3/06/2019,Delhi,Cochin,DEL → COK,18:05,21:10,3:5,0,No Info,6934,3,06,2019,18,05,21,10,3,5
Jet Airways,21/05/2019,Kolkata,Banglore,CCU → DEL → BLR,20:25,14:25,18h,1,No Info,11467,21,05,2019,20,25,14,25,18h,
Multiple carriers,3/06/2019,Delhi,Cochin,DEL → BOM → COK,15:15,01:30,10:15,1,No Info,6795,3,06,2019,15,15,01,30,10,15
IndiGo,27/03/2019,Kolkata,Banglore,CCU → BLR,15:20,17:55,2:35,0,No Info,5198,27,03,2019,15,20,17,55,2,35
Jet Airways,9/03/2019,Delhi,Cochin,DEL → BOM → COK,17:25,18:50,25:25,1,In-flight meal not included,14053,9,03,2019,17,25,18,50,25,25
Vistara,1/04/2019,Kolkata,Banglore,CCU → DEL → BLR,07:10,23:25,16:15,1,No Info,7927,1,04,2019,07,10,23,25,16,15
IndiGo,18/03/2019,Kolkata,Banglore,CCU → BLR,10:10,12:55,2:45,0,No Info,4462,18,03,2019,10,10,12,55,2,45
GoAir,27/04/2019,Banglore,Delhi,BLR → DEL,07:45,10:40,2:55,0,No Info,5048,27,04,2019,07,45,10,40,2,55
Jet Airways,24/05/2019,Kolkata,Banglore,CCU → BOM → BLR,20:00,23:35,27:35,1,In-flight meal not included,10844,24,05,2019,20,00,23,35,27,35
Multiple carriers,3/03/2019,Delhi,Cochin,DEL → BOM → COK,08:55,18:50,9:55,1,No Info,15411,3,03,2019,08,55,18,50,9,55
IndiGo,18/03/2019,Kolkata,Banglore,CCU → BLR,17:15,19:55,2:40,0,No Info,4462,18,03,2019,17,15,19,55,2,40
Jet Airways,27/03/2019,Mumbai,Hyderabad,BOM → HYD,15:50,17:20,1:30,0,No Info,5678,27,03,2019,15,50,17,20,1,30
Jet Airways,6/03/2019,Delhi,Cochin,DEL → BOM → COK,09:55,04:25,18:30,1,No Info,15764,6,03,2019,09,55,04,25,18,30
Jet Airways,6/03/2019,Delhi,Cochin,DEL → BOM → COK,22:20,19:45,21:25,1,No Info,17024,6,03,2019,22,20,19,45,21,25
Air India,18/06/2019,Mumbai,Hyderabad,BOM → HYD,06:20,07:40,1:20,0,No Info,3100,18,06,2019,06,20,07,40,1,20
Jet Airways,1/05/2019,Banglore,Delhi,BLR → DEL,18:55,22:00,3:5,0,No Info,7229,1,05,2019,18,55,22,00,3,5
IndiGo,24/04/2019,Kolkata,Banglore,CCU → BLR,14:25,16:55,2:30,0,No Info,4804,24,04,2019,14,25,16,55,2,30
Jet Airways,24/06/2019,Banglore,Delhi,BLR → DEL,08:20,11:20,3h,0,In-flight meal not included,5769,24,06,2019,08,20,11,20,3h,
Air Asia,18/03/2019,Kolkata,Banglore,CCU → BLR,19:35,22:05,2:30,0,No Info,4384,18,03,2019,19,35,22,05,2,30
Air India,27/06/2019,Delhi,Cochin,DEL → TRV → COK,05:15,06:50,25:35,1,No Info,6587,27,06,2019,05,15,06,50,25,35
Jet Airways,21/03/2019,Banglore,New Delhi,BLR → BOM → DEL,05:45,19:10,13:25,1,In-flight meal not included,7832,21,03,2019,05,45,19,10,13,25
Air India,15/03/2019,Chennai,Kolkata,MAA → CCU,11:40,13:55,2:15,0,No Info,7082,15,03,2019,11,40,13,55,2,15
SpiceJet,15/03/2019,Chennai,Kolkata,MAA → CCU,08:20,10:35,2:15,0,No Info,6300,15,03,2019,08,20,10,35,2,15
Jet Airways,6/06/2019,Kolkata,Banglore,CCU → BOM → BLR,08:25,16:20,7:55,1,No Info,14571,6,06,2019,08,25,16,20,7,55
IndiGo,27/06/2019,Banglore,Delhi,BLR → DEL,13:00,15:50,2:50,0,No Info,3943,27,06,2019,13,00,15,50,2,50
Multiple carriers,21/05/2019,Delhi,Cochin,DEL → HYD → COK,14:55,00:55,10h,1,No Info,6878,21,05,2019,14,55,00,55,10h,
SpiceJet,1/04/2019,Mumbai,Hyderabad,BOM → HYD,05:45,07:15,1:30,0,No check-in baggage included,1965,1,04,2019,05,45,07,15,1,30
Vistara,21/05/2019,Kolkata,Banglore,CCU → DEL → BLR,17:00,10:45,17:45,1,No Info,9187,21,05,2019,17,00,10,45,17,45
Air India,24/03/2019,Banglore,New Delhi,BLR → DEL,21:10,23:55,2:45,0,No Info,4441,24,03,2019,21,10,23,55,2,45
IndiGo,01/03/2019,Banglore,New Delhi,BLR → DEL,08:30,11:30,3h,0,No Info,10067,01,03,2019,08,30,11,30,3h,
IndiGo,27/06/2019,Delhi,Cochin,DEL → BOM → COK,20:25,01:30,5:5,1,No Info,5054,27,06,2019,20,25,01,30,5,5
Multiple carriers,6/06/2019,Delhi,Cochin,DEL → BOM → COK,06:00,21:00,15h,1,No Info,7005,6,06,2019,06,00,21,00,15h,
Jet Airways,15/05/2019,Kolkata,Banglore,CCU → DEL → BLR,09:35,21:05,11:30,1,No Info,12121,15,05,2019,09,35,21,05,11,30
IndiGo,27/05/2019,Delhi,Cochin,DEL → BLR → COK,15:10,20:00,4:50,1,No Info,5912,27,05,2019,15,10,20,00,4,50
Air Asia,1/04/2019,Kolkata,Banglore,CCU → DEL → BLR,07:35,19:25,11:50,1,No Info,5192,1,04,2019,07,35,19,25,11,50
IndiGo,9/06/2019,Chennai,Kolkata,MAA → CCU,13:15,15:35,2:20,0,No Info,3597,9,06,2019,13,15,15,35,2,20
Jet Airways,09/03/2019,Banglore,New Delhi,BLR → DEL,18:20,21:00,2:40,0,No Info,8016,09,03,2019,18,20,21,00,2,40
Air India,15/03/2019,Mumbai,Hyderabad,BOM → HYD,15:00,16:25,1:25,0,No Info,2050,15,03,2019,15,00,16,25,1,25
SpiceJet,21/03/2019,Banglore,New Delhi,BLR → DEL,09:35,12:30,2:55,0,No check-in baggage included,4839,21,03,2019,09,35,12,30,2,55
IndiGo,27/05/2019,Mumbai,Hyderabad,BOM → HYD,06:25,07:55,1:30,0,No Info,4049,27,05,2019,06,25,07,55,1,30
Vistara,18/06/2019,Delhi,Cochin,DEL → COK,06:00,09:10,3:10,0,No Info,6216,18,06,2019,06,00,09,10,3,10
SpiceJet,21/06/2019,Kolkata,Banglore,CCU → BLR,22:20,00:40,2:20,0,No check-in baggage included,3841,21,06,2019,22,20,00,40,2,20
SpiceJet,15/03/2019,Kolkata,Banglore,CCU → BLR,06:55,09:35,2:40,0,No check-in baggage included,3815,15,03,2019,06,55,09,35,2,40
Air India,3/04/2019,Banglore,Delhi,BLR → DEL,17:00,19:45,2:45,0,No Info,5176,3,04,2019,17,00,19,45,2,45
SpiceJet,9/05/2019,Mumbai,Hyderabad,BOM → HYD,22:45,00:15,1:30,0,No Info,2017,9,05,2019,22,45,00,15,1,30
Vistara,9/05/2019,Kolkata,Banglore,CCU → DEL → BLR,07:10,09:05,25:55,1,No Info,9187,9,05,2019,07,10,09,05,25,55
Vistara,09/03/2019,Banglore,New Delhi,BLR → DEL,09:50,12:35,2:45,0,No Info,11598,09,03,2019,09,50,12,35,2,45
Jet Airways,1/06/2019,Delhi,Cochin,DEL → JAI → BOM → COK,19:30,12:35,17:5,2,No Info,13014,1,06,2019,19,30,12,35,17,5
Jet Airways,1/06/2019,Delhi,Cochin,DEL → BOM → COK,19:15,12:35,17:20,1,In-flight meal not included,10262,1,06,2019,19,15,12,35,17,20
Air India,9/04/2019,Delhi,Cochin,DEL → CCU → BOM → COK,20:15,19:15,23h,2,No Info,9916,9,04,2019,20,15,19,15,23h,
Jet Airways,24/03/2019,Kolkata,Banglore,CCU → BOM → BLR,16:55,12:00,19:5,1,No Info,14231,24,03,2019,16,55,12,00,19,5
Jet Airways,15/06/2019,Banglore,Delhi,BLR → DEL,11:10,14:05,2:55,0,In-flight meal not included,7229,15,06,2019,11,10,14,05,2,55
IndiGo,27/03/2019,Delhi,Cochin,DEL → BOM → COK,17:10,01:35,8:25,1,No Info,6316,27,03,2019,17,10,01,35,8,25
Air Asia,9/03/2019,Kolkata,Banglore,CCU → BLR,10:20,12:55,2:35,0,No Info,4384,9,03,2019,10,20,12,55,2,35
Air India,12/06/2019,Delhi,Cochin,DEL → CCU → BOM → COK,16:55,19:15,26:20,2,No Info,13381,12,06,2019,16,55,19,15,26,20
IndiGo,12/05/2019,Chennai,Kolkata,MAA → CCU,11:35,14:00,2:25,0,No Info,4332,12,05,2019,11,35,14,00,2,25
Air India,15/06/2019,Delhi,Cochin,DEL → BLR → COK,13:30,23:00,9:30,1,No Info,8907,15,06,2019,13,30,23,00,9,30
IndiGo,12/06/2019,Kolkata,Banglore,CCU → BLR,04:40,07:15,2:35,0,No Info,4804,12,06,2019,04,40,07,15,2,35
Air India,6/03/2019,Delhi,Cochin,DEL → BOM → COK,07:00,07:40,24:40,1,No Info,15407,6,03,2019,07,00,07,40,24,40
Jet Airways,27/05/2019,Delhi,Cochin,DEL → BOM → COK,10:00,04:25,18:25,1,In-flight meal not included,12898,27,05,2019,10,00,04,25,18,25
Multiple carriers,27/03/2019,Delhi,Cochin,DEL → BOM → COK,13:00,21:00,8h,1,No Info,6883,27,03,2019,13,00,21,00,8h,
SpiceJet,3/05/2019,Chennai,Kolkata,MAA → CCU,17:45,20:05,2:20,0,No check-in baggage included,3543,3,05,2019,17,45,20,05,2,20
IndiGo,6/05/2019,Banglore,Delhi,BLR → DEL,01:30,04:15,2:45,0,No Info,4284,6,05,2019,01,30,04,15,2,45
IndiGo,3/05/2019,Mumbai,Hyderabad,BOM → HYD,21:20,22:50,1:30,0,No Info,2437,3,05,2019,21,20,22,50,1,30
SpiceJet,18/04/2019,Kolkata,Banglore,CCU → BLR,22:20,00:40,2:20,0,No Info,4174,18,04,2019,22,20,00,40,2,20
Jet Airways,21/05/2019,Kolkata,Banglore,CCU → BOM → BLR,20:00,12:00,16h,1,No Info,14781,21,05,2019,20,00,12,00,16h,
Air India,21/05/2019,Kolkata,Banglore,CCU → GAU → DEL → BLR,16:45,08:55,16:10,2,No Info,14960,21,05,2019,16,45,08,55,16,10
Jet Airways,27/06/2019,Banglore,Delhi,BLR → DEL,11:10,14:05,2:55,0,In-flight meal not included,5769,27,06,2019,11,10,14,05,2,55
SpiceJet,24/04/2019,Delhi,Cochin,DEL → PNQ → COK,08:45,13:15,4:30,1,No Info,4812,24,04,2019,08,45,13,15,4,30
Vistara,18/05/2019,Kolkata,Banglore,CCU → DEL → BLR,07:10,23:25,16:15,1,No Info,9345,18,05,2019,07,10,23,25,16,15
IndiGo,15/05/2019,Kolkata,Banglore,CCU → BBI → BLR,07:10,12:40,5:30,1,No Info,4864,15,05,2019,07,10,12,40,5,30
IndiGo,6/03/2019,Chennai,Kolkata,MAA → CCU,19:35,21:55,2:20,0,No Info,7295,6,03,2019,19,35,21,55,2,20
Air India,12/06/2019,Delhi,Cochin,DEL → GOI → BOM → COK,22:00,19:15,21:15,2,No Info,10231,12,06,2019,22,00,19,15,21,15
Jet Airways,1/06/2019,Delhi,Cochin,DEL → BOM → COK,14:00,19:00,5h,1,No Info,14714,1,06,2019,14,00,19,00,5h,
Jet Airways,27/03/2019,Delhi,Cochin,DEL → BOM → COK,19:15,19:45,24:30,1,No Info,12032,27,03,2019,19,15,19,45,24,30
Jet Airways,15/04/2019,Banglore,Delhi,BLR → DEL,15:15,18:10,2:55,0,In-flight meal not included,4544,15,04,2019,15,15,18,10,2,55
Jet Airways,15/05/2019,Kolkata,Banglore,CCU → BOM → BLR,06:30,18:15,11:45,1,In-flight meal not included,10844,15,05,2019,06,30,18,15,11,45
Vistara,03/03/2019,Banglore,New Delhi,BLR → AMD → DEL,06:40,12:35,5:55,1,No Info,12476,03,03,2019,06,40,12,35,5,55
Jet Airways,12/03/2019,Banglore,New Delhi,BLR → BOM → DEL,20:35,23:00,26:25,1,In-flight meal not included,11087,12,03,2019,20,35,23,00,26,25
Air India,6/06/2019,Delhi,Cochin,DEL → RPR → NAG → BOM → COK,05:15,19:15,38h,3,No Info,10703,6,06,2019,05,15,19,15,38h,
IndiGo,9/05/2019,Delhi,Cochin,DEL → HYD → COK,08:35,22:30,13:55,1,No Info,6734,9,05,2019,08,35,22,30,13,55
Jet Airways,21/03/2019,Banglore,New Delhi,BLR → BOM → DEL,14:05,20:20,6:15,1,In-flight meal not included,7832,21,03,2019,14,05,20,20,6,15
Air India,1/04/2019,Kolkata,Banglore,CCU → IXR → DEL → BLR,05:50,23:15,17:25,2,No Info,11516,1,04,2019,05,50,23,15,17,25
IndiGo,18/03/2019,Chennai,Kolkata,MAA → CCU,07:55,10:15,2:20,0,No Info,3850,18,03,2019,07,55,10,15,2,20
Jet Airways,9/03/2019,Delhi,Cochin,DEL → JDH → BOM → COK,13:55,04:25,14:30,2,No Info,17229,9,03,2019,13,55,04,25,14,30
SpiceJet,27/06/2019,Kolkata,Banglore,CCU → BLR,22:20,00:40,2:20,0,No Info,3873,27,06,2019,22,20,00,40,2,20
Jet Airways,3/04/2019,Mumbai,Hyderabad,BOM → HYD,07:05,08:30,1:25,0,In-flight meal not included,4160,3,04,2019,07,05,08,30,1,25
Multiple carriers,18/05/2019,Delhi,Cochin,DEL → BOM → COK,12:50,21:00,8:10,1,No Info,7670,18,05,2019,12,50,21,00,8,10
Jet Airways,24/03/2019,Kolkata,Banglore,CCU → BOM → BLR,08:25,16:20,7:55,1,In-flight meal not included,10031,24,03,2019,08,25,16,20,7,55
Jet Airways,27/06/2019,Delhi,Cochin,DEL → AMD → BOM → COK,13:25,12:35,23:10,2,In-flight meal not included,11150,27,06,2019,13,25,12,35,23,10
Jet Airways,15/03/2019,Banglore,New Delhi,BLR → BOM → DEL,11:40,18:25,6:45,1,In-flight meal not included,9134,15,03,2019,11,40,18,25,6,45
SpiceJet,18/05/2019,Banglore,Delhi,BLR → DEL,09:30,12:20,2:50,0,No Info,4423,18,05,2019,09,30,12,20,2,50
Air Asia,21/06/2019,Kolkata,Banglore,CCU → BLR,22:50,01:20,2:30,0,No Info,3807,21,06,2019,22,50,01,20,2,30
Air India,21/05/2019,Delhi,Cochin,DEL → MAA → COK,06:05,09:25,27:20,1,No Info,7480,21,05,2019,06,05,09,25,27,20
IndiGo,6/05/2019,Banglore,Delhi,BLR → DEL,06:05,08:50,2:45,0,No Info,4423,6,05,2019,06,05,08,50,2,45
IndiGo,18/06/2019,Banglore,Delhi,BLR → DEL,16:55,19:55,3h,0,No Info,4823,18,06,2019,16,55,19,55,3h,
Vistara,24/03/2019,Kolkata,Banglore,CCU → DEL → BLR,17:00,20:25,27:25,1,No Info,12102,24,03,2019,17,00,20,25,27,25
Multiple carriers,6/03/2019,Delhi,Cochin,DEL → BOM → COK,09:00,19:15,10:15,1,In-flight meal not included,15342,6,03,2019,09,00,19,15,10,15
Jet Airways,6/05/2019,Kolkata,Banglore,CCU → BOM → BLR,16:30,22:35,6:5,1,In-flight meal not included,10844,6,05,2019,16,30,22,35,6,5
Air India,12/06/2019,Delhi,Cochin,DEL → MAA → COK,09:45,09:25,23:40,1,No Info,7480,12,06,2019,09,45,09,25,23,40
Air India,1/04/2019,Kolkata,Banglore,CCU → HYD → BLR,19:00,04:40,9:40,1,No Info,4227,1,04,2019,19,00,04,40,9,40
Air India,9/06/2019,Delhi,Cochin,DEL → MAA → COK,09:45,09:25,23:40,1,No Info,7690,9,06,2019,09,45,09,25,23,40
SpiceJet,18/05/2019,Kolkata,Banglore,CCU → IXB → BLR,15:55,21:25,5:30,1,No Info,8224,18,05,2019,15,55,21,25,5,30
Vistara,18/04/2019,Banglore,Delhi,BLR → DEL,19:30,22:15,2:45,0,No Info,5823,18,04,2019,19,30,22,15,2,45
Jet Airways,15/03/2019,Banglore,New Delhi,BLR → BOM → DEL,08:55,18:25,9:30,1,In-flight meal not included,9134,15,03,2019,08,55,18,25,9,30
Jet Airways,01/03/2019,Banglore,New Delhi,BLR → BOM → DEL,16:55,00:45,7:50,1,No Info,26890,01,03,2019,16,55,00,45,7,50
Air India,9/06/2019,Kolkata,Banglore,CCU → BOM → BLR,09:25,07:55,22:30,1,No Info,8366,9,06,2019,09,25,07,55,22,30
Air India,1/06/2019,Delhi,Cochin,DEL → TRV → COK,05:15,06:50,25:35,1,No Info,7480,1,06,2019,05,15,06,50,25,35
Jet Airways,12/05/2019,Kolkata,Banglore,CCU → BOM → BLR,16:30,22:35,6:5,1,No Info,14781,12,05,2019,16,30,22,35,6,5
Air India,24/03/2019,Kolkata,Banglore,CCU → GAU → DEL → BLR,05:55,23:15,41:20,2,No Info,13990,24,03,2019,05,55,23,15,41,20
Air India,21/03/2019,Delhi,Cochin,DEL → HYD → BOM → COK,17:15,19:15,26h,2,No Info,8245,21,03,2019,17,15,19,15,26h,
Jet Airways,24/06/2019,Delhi,Cochin,DEL → BOM → COK,10:00,19:00,9h,1,In-flight meal not included,10262,24,06,2019,10,00,19,00,9h,
Jet Airways,12/06/2019,Kolkata,Banglore,CCU → BOM → BLR,06:30,04:40,22:10,1,No Info,12739,12,06,2019,06,30,04,40,22,10
Multiple carriers,21/05/2019,Delhi,Cochin,DEL → BOM → COK,11:25,19:15,7:50,1,No Info,7575,21,05,2019,11,25,19,15,7,50
Air India,18/03/2019,Banglore,New Delhi,BLR → DEL,17:00,19:45,2:45,0,No Info,11633,18,03,2019,17,00,19,45,2,45
Jet Airways,15/06/2019,Delhi,Cochin,DEL → JAI → BOM → COK,05:30,19:00,13:30,2,In-flight meal not included,10368,15,06,2019,05,30,19,00,13,30
Jet Airways,12/03/2019,Banglore,New Delhi,BLR → BOM → DEL,16:55,23:00,6:5,1,No Info,13817,12,03,2019,16,55,23,00,6,5
Jet Airways,24/03/2019,Kolkata,Banglore,CCU → BOM → BLR,13:55,22:35,8:40,1,No Info,14231,24,03,2019,13,55,22,35,8,40
Jet Airways,21/03/2019,Banglore,New Delhi,BLR → BOM → DEL,11:40,23:00,11:20,1,In-flight meal not included,6992,21,03,2019,11,40,23,00,11,20
Air India,21/06/2019,Banglore,Delhi,BLR → DEL,06:10,08:55,2:45,0,No Info,6961,21,06,2019,06,10,08,55,2,45
Jet Airways,1/06/2019,Delhi,Cochin,DEL → ATQ → BOM → COK,20:00,04:25,8:25,2,No Info,16263,1,06,2019,20,00,04,25,8,25
Jet Airways,27/06/2019,Delhi,Cochin,DEL → BOM → COK,07:05,12:35,5:30,1,No Info,14714,27,06,2019,07,05,12,35,5,30
Multiple carriers,24/06/2019,Delhi,Cochin,DEL → BOM → COK,07:30,21:00,13:30,1,No Info,7740,24,06,2019,07,30,21,00,13,30
Jet Airways,18/03/2019,Banglore,New Delhi,BLR → BOM → DEL,11:40,20:20,8:40,1,In-flight meal not included,11087,18,03,2019,11,40,20,20,8,40
Multiple carriers,21/03/2019,Delhi,Cochin,DEL → BOM → COK,08:00,15:30,7:30,1,No Info,14486,21,03,2019,08,00,15,30,7,30
IndiGo,21/05/2019,Delhi,Cochin,DEL → HYD → COK,11:55,18:10,6:15,1,No Info,6442,21,05,2019,11,55,18,10,6,15
Air India,18/05/2019,Kolkata,Banglore,CCU → BBI → BOM → BLR,12:00,18:30,30:30,2,No Info,10361,18,05,2019,12,00,18,30,30,30
Air Asia,12/05/2019,Kolkata,Banglore,CCU → DEL → BLR,07:35,23:30,15:55,1,No Info,5320,12,05,2019,07,35,23,30,15,55
Jet Airways,15/06/2019,Delhi,Cochin,DEL → JAI → BOM → COK,09:40,12:35,26:55,2,In-flight meal not included,10368,15,06,2019,09,40,12,35,26,55
SpiceJet,15/05/2019,Kolkata,Banglore,CCU → BLR,17:10,19:40,2:30,0,No Info,4174,15,05,2019,17,10,19,40,2,30
Air India,21/05/2019,Delhi,Cochin,DEL → BLR → COK,17:40,08:15,14:35,1,No Info,8151,21,05,2019,17,40,08,15,14,35
Jet Airways,21/03/2019,Delhi,Cochin,DEL → BOM → COK,16:00,18:50,26:50,1,No Info,12557,21,03,2019,16,00,18,50,26,50
Air India,15/06/2019,Banglore,Delhi,BLR → DEL,10:00,12:45,2:45,0,No Info,6961,15,06,2019,10,00,12,45,2,45
Air India,9/04/2019,Banglore,Delhi,BLR → DEL,21:05,23:55,2:50,0,No Info,4441,9,04,2019,21,05,23,55,2,50
SpiceJet,15/03/2019,Mumbai,Hyderabad,BOM → HYD,22:45,00:10,1:25,0,No Info,2753,15,03,2019,22,45,00,10,1,25
SpiceJet,6/04/2019,Kolkata,Banglore,CCU → BLR,22:20,00:40,2:20,0,No check-in baggage included,3841,6,04,2019,22,20,00,40,2,20
Air India,6/04/2019,Delhi,Cochin,DEL → BLR → COK,06:10,23:00,16:50,1,No Info,5022,6,04,2019,06,10,23,00,16,50
Air India,6/06/2019,Delhi,Cochin,DEL → COK,05:10,08:00,2:50,0,No Info,5201,6,06,2019,05,10,08,00,2,50
Air India,3/06/2019,Delhi,Cochin,DEL → COK,14:10,17:10,3h,0,No Info,6934,3,06,2019,14,10,17,10,3h,
IndiGo,1/04/2019,Kolkata,Banglore,CCU → MAA → BLR,17:35,22:15,4:40,1,No Info,5699,1,04,2019,17,35,22,15,4,40
Vistara,27/06/2019,Banglore,Delhi,BLR → DEL,19:30,22:15,2:45,0,No Info,5088,27,06,2019,19,30,22,15,2,45
Multiple carriers,21/03/2019,Delhi,Cochin,DEL → BOM → COK,08:25,19:15,10:50,1,No Info,8601,21,03,2019,08,25,19,15,10,50
IndiGo,15/05/2019,Kolkata,Banglore,CCU → PAT → BLR,09:20,14:15,4:55,1,No Info,11319,15,05,2019,09,20,14,15,4,55
IndiGo,9/03/2019,Mumbai,Hyderabad,BOM → HYD,21:20,22:45,1:25,0,No Info,3838,9,03,2019,21,20,22,45,1,25
Jet Airways,12/05/2019,Kolkata,Banglore,CCU → BOM → BLR,16:30,09:20,16:50,1,No Info,14388,12,05,2019,16,30,09,20,16,50
Jet Airways,15/06/2019,Delhi,Cochin,DEL → IDR → BOM → COK,09:35,12:35,27h,2,In-flight meal not included,10824,15,06,2019,09,35,12,35,27h,
Jet Airways,6/04/2019,Delhi,Cochin,DEL → BOM → COK,13:00,19:00,6h,1,In-flight meal not included,5177,6,04,2019,13,00,19,00,6h,
Jet Airways,27/06/2019,Delhi,Cochin,DEL → BOM → COK,11:30,19:00,7:30,1,No Info,14714,27,06,2019,11,30,19,00,7,30
Jet Airways,12/06/2019,Kolkata,Banglore,CCU → BOM → BLR,08:25,19:50,11:25,1,No Info,13626,12,06,2019,08,25,19,50,11,25
Air India,24/06/2019,Delhi,Cochin,DEL → CCU → BOM → COK,06:50,07:40,24:50,2,No Info,13381,24,06,2019,06,50,07,40,24,50
Air India,9/03/2019,Delhi,Cochin,DEL → LKO → BOM → COK,18:30,19:15,24:45,2,No Info,18211,9,03,2019,18,30,19,15,24,45
Multiple carriers,21/03/2019,Delhi,Cochin,DEL → HYD → MAA → COK,13:15,21:20,8:5,2,No Info,6653,21,03,2019,13,15,21,20,8,5
Jet Airways,12/05/2019,Kolkata,Banglore,CCU → BOM → BLR,14:05,23:35,9:30,1,No Info,14781,12,05,2019,14,05,23,35,9,30
Air India,6/05/2019,Kolkata,Banglore,CCU → BOM → COK → BLR,09:25,01:20,15:55,2,No Info,11458,6,05,2019,09,25,01,20,15,55
Jet Airways,9/06/2019,Kolkata,Banglore,CCU → BOM → BLR,06:30,19:50,13:20,1,In-flight meal not included,10844,9,06,2019,06,30,19,50,13,20
IndiGo,24/05/2019,Mumbai,Hyderabad,BOM → HYD,02:35,04:05,1:30,0,No Info,3342,24,05,2019,02,35,04,05,1,30
Jet Airways,24/06/2019,Delhi,Cochin,DEL → BOM → COK,18:15,12:35,18:20,1,In-flight meal not included,10262,24,06,2019,18,15,12,35,18,20
IndiGo,24/06/2019,Chennai,Kolkata,MAA → CCU,22:05,00:25,2:20,0,No Info,5277,24,06,2019,22,05,00,25,2,20
Air India,24/03/2019,Banglore,New Delhi,BLR → DEL,06:10,08:55,2:45,0,No Info,4441,24,03,2019,06,10,08,55,2,45
SpiceJet,3/05/2019,Chennai,Kolkata,MAA → CCU,08:20,10:35,2:15,0,No check-in baggage included,3543,3,05,2019,08,20,10,35,2,15
Air India,06/03/2019,Banglore,New Delhi,BLR → BOM → DEL,06:45,12:15,5:30,1,No Info,13912,06,03,2019,06,45,12,15,5,30
Multiple carriers,27/05/2019,Delhi,Cochin,DEL → BOM → COK,06:40,19:00,12:20,1,No Info,9315,27,05,2019,06,40,19,00,12,20
Jet Airways,1/06/2019,Delhi,Cochin,DEL → BOM → COK,22:50,04:25,5:35,1,In-flight meal not included,10262,1,06,2019,22,50,04,25,5,35
Air India,27/06/2019,Delhi,Cochin,DEL → HYD → BOM → COK,17:15,19:15,26h,2,No Info,12199,27,06,2019,17,15,19,15,26h,
IndiGo,27/05/2019,Chennai,Kolkata,MAA → CCU,22:05,00:25,2:20,0,No Info,5277,27,05,2019,22,05,00,25,2,20
Air India,12/06/2019,Kolkata,Banglore,CCU → BBI → HYD → BLR,09:10,04:40,19:30,2,No Info,6117,12,06,2019,09,10,04,40,19,30
IndiGo,24/03/2019,Banglore,New Delhi,BLR → DEL,10:10,13:00,2:50,0,No Info,5734,24,03,2019,10,10,13,00,2,50
Air Asia,6/03/2019,Delhi,Cochin,DEL → BLR → COK,20:10,07:10,11h,1,No Info,8627,6,03,2019,20,10,07,10,11h,
Multiple carriers,15/06/2019,Delhi,Cochin,DEL → BOM → COK,11:40,01:30,13:50,1,No Info,6795,15,06,2019,11,40,01,30,13,50
IndiGo,21/05/2019,Delhi,Cochin,DEL → COK,14:25,17:40,3:15,0,No Info,5601,21,05,2019,14,25,17,40,3,15
Jet Airways,21/04/2019,Banglore,Delhi,BLR → DEL,17:45,20:45,3h,0,No Info,7229,21,04,2019,17,45,20,45,3h,
IndiGo,9/05/2019,Delhi,Cochin,DEL → BOM → COK,15:00,01:30,10:30,1,No Info,8330,9,05,2019,15,00,01,30,10,30
IndiGo,3/05/2019,Banglore,Delhi,BLR → DEL,08:30,11:20,2:50,0,No Info,4823,3,05,2019,08,30,11,20,2,50
Jet Airways,24/03/2019,Kolkata,Banglore,CCU → BOM → BLR,19:45,22:35,26:50,1,No Info,13759,24,03,2019,19,45,22,35,26,50
Air India,12/06/2019,Delhi,Cochin,DEL → AMD → BOM → COK,05:00,07:40,26:40,2,No Info,10231,12,06,2019,05,00,07,40,26,40
Jet Airways,27/05/2019,Delhi,Cochin,DEL → BOM → COK,19:15,19:00,23:45,1,In-flight meal not included,12898,27,05,2019,19,15,19,00,23,45
Jet Airways,06/03/2019,Banglore,New Delhi,BLR → BOM → DEL,05:45,10:25,4:40,1,No Info,19225,06,03,2019,05,45,10,25,4,40
Jet Airways,27/05/2019,Mumbai,Hyderabad,BOM → HYD,07:05,08:30,1:25,0,In-flight meal not included,4995,27,05,2019,07,05,08,30,1,25
IndiGo,12/06/2019,Delhi,Cochin,DEL → HYD → COK,06:50,12:10,5:20,1,No Info,5298,12,06,2019,06,50,12,10,5,20
Jet Airways,21/03/2019,Delhi,Cochin,DEL → IDR → BOM → COK,10:20,18:50,32:30,2,In-flight meal not included,9254,21,03,2019,10,20,18,50,32,30
Jet Airways,6/04/2019,Delhi,Cochin,DEL → BOM → COK,14:00,19:00,5h,1,In-flight meal not included,5177,6,04,2019,14,00,19,00,5h,
Vistara,21/05/2019,Kolkata,Banglore,CCU → DEL → BLR,20:20,23:25,27:5,1,No Info,9345,21,05,2019,20,20,23,25,27,5
Jet Airways,6/05/2019,Kolkata,Banglore,CCU → BOM → BLR,08:25,16:20,7:55,1,In-flight meal not included,10844,6,05,2019,08,25,16,20,7,55
Air India,3/03/2019,Delhi,Cochin,DEL → NAG → BOM → COK,05:55,07:40,25:45,2,No Info,15428,3,03,2019,05,55,07,40,25,45
IndiGo,21/05/2019,Delhi,Cochin,DEL → BOM → COK,16:00,21:00,5h,1,No Info,7255,21,05,2019,16,00,21,00,5h,
Jet Airways,21/05/2019,Delhi,Cochin,DEL → BOM → COK,09:00,12:35,27:35,1,In-flight meal not included,12898,21,05,2019,09,00,12,35,27,35
IndiGo,01/03/2019,Banglore,New Delhi,BLR → IDR → DEL,13:40,18:35,4:55,1,No Info,8707,01,03,2019,13,40,18,35,4,55
Jet Airways,3/06/2019,Delhi,Cochin,DEL → BOM → COK,18:15,12:35,18:20,1,In-flight meal not included,10262,3,06,2019,18,15,12,35,18,20
Jet Airways,6/05/2019,Kolkata,Banglore,CCU → DEL → BLR,20:25,10:55,14:30,1,No Info,13067,6,05,2019,20,25,10,55,14,30
Jet Airways,6/06/2019,Delhi,Cochin,DEL → BOM → COK,19:45,19:00,23:15,1,In-flight meal not included,10262,6,06,2019,19,45,19,00,23,15
Air India,9/04/2019,Kolkata,Banglore,CCU → BLR,20:45,23:20,2:35,0,No Info,4460,9,04,2019,20,45,23,20,2,35
Jet Airways,24/05/2019,Kolkata,Banglore,CCU → BOM → BLR,14:05,23:35,9:30,1,No Info,14571,24,05,2019,14,05,23,35,9,30
Air India,9/06/2019,Delhi,Cochin,DEL → AMD → BOM → COK,19:45,19:15,23:30,2,No Info,10178,9,06,2019,19,45,19,15,23,30
SpiceJet,1/03/2019,Chennai,Kolkata,MAA → CCU,17:45,20:05,2:20,0,No Info,7718,1,03,2019,17,45,20,05,2,20
Jet Airways,21/05/2019,Delhi,Cochin,DEL → BOM → COK,02:15,12:35,10:20,1,No Info,16376,21,05,2019,02,15,12,35,10,20
Jet Airways,6/06/2019,Mumbai,Hyderabad,BOM → HYD,19:35,21:05,1:30,0,No Info,5678,6,06,2019,19,35,21,05,1,30
Multiple carriers,9/05/2019,Delhi,Cochin,DEL → BOM → COK,10:35,19:00,8:25,1,No Info,9103,9,05,2019,10,35,19,00,8,25
Jet Airways,6/06/2019,Delhi,Cochin,DEL → BOM → COK,13:00,04:25,15:25,1,No Info,14714,6,06,2019,13,00,04,25,15,25
SpiceJet,24/06/2019,Delhi,Cochin,DEL → MAA → COK,15:45,22:05,6:20,1,No Info,5583,24,06,2019,15,45,22,05,6,20
IndiGo,24/04/2019,Banglore,Delhi,BLR → DEL,18:55,21:50,2:55,0,No Info,4823,24,04,2019,18,55,21,50,2,55
Jet Airways,15/04/2019,Banglore,Delhi,BLR → DEL,18:55,22:00,3:5,0,In-flight meal not included,4544,15,04,2019,18,55,22,00,3,5
Air Asia,18/05/2019,Delhi,Cochin,DEL → BLR → COK,07:55,13:25,5:30,1,No Info,8759,18,05,2019,07,55,13,25,5,30
Air Asia,24/06/2019,Delhi,Cochin,DEL → BLR → COK,07:55,13:25,5:30,1,No Info,6152,24,06,2019,07,55,13,25,5,30
Jet Airways,18/03/2019,Banglore,New Delhi,BLR → BOM → DEL,11:40,10:25,22:45,1,In-flight meal not included,11087,18,03,2019,11,40,10,25,22,45
Air India,6/06/2019,Kolkata,Banglore,CCU → JAI → DEL → BLR,08:20,20:25,12:5,2,No Info,11432,6,06,2019,08,20,20,25,12,5
SpiceJet,27/03/2019,Kolkata,Banglore,CCU → BLR,17:15,19:45,2:30,0,No check-in baggage included,3815,27,03,2019,17,15,19,45,2,30
Vistara,1/04/2019,Kolkata,Banglore,CCU → DEL → BLR,17:00,09:05,16:5,1,No Info,8662,1,04,2019,17,00,09,05,16,5
Jet Airways,06/03/2019,Banglore,New Delhi,BLR → BOM → DEL,11:40,11:25,23:45,1,No Info,17261,06,03,2019,11,40,11,25,23,45
IndiGo,9/04/2019,Kolkata,Banglore,CCU → MAA → BLR,19:35,00:10,4:35,1,No Info,4860,9,04,2019,19,35,00,10,4,35
Air India,3/03/2019,Delhi,Cochin,DEL → HYD → BOM → COK,17:15,19:15,26h,2,No Info,13442,3,03,2019,17,15,19,15,26h,
Vistara,6/03/2019,Mumbai,Hyderabad,BOM → DEL → HYD,15:40,22:55,7:15,1,No Info,12395,6,03,2019,15,40,22,55,7,15
Air India,15/05/2019,Kolkata,Banglore,CCU → MAA → BLR,14:35,14:35,24h,1,No Info,6528,15,05,2019,14,35,14,35,24h,
IndiGo,1/06/2019,Delhi,Cochin,DEL → BOM → COK,04:55,21:00,16:5,1,No Info,6314,1,06,2019,04,55,21,00,16,5
IndiGo,9/04/2019,Delhi,Cochin,DEL → BOM → COK,11:25,01:30,14:5,1,No Info,6270,9,04,2019,11,25,01,30,14,5
Jet Airways,6/06/2019,Delhi,Cochin,DEL → BOM → COK,19:45,19:00,23:15,1,No Info,14714,6,06,2019,19,45,19,00,23,15
Multiple carriers,15/06/2019,Delhi,Cochin,DEL → BOM → COK,09:15,19:15,10h,1,No Info,9359,15,06,2019,09,15,19,15,10h,
Air India,9/04/2019,Delhi,Cochin,DEL → COK,14:05,17:55,3:50,0,No Info,6724,9,04,2019,14,05,17,55,3,50
Jet Airways,24/06/2019,Delhi,Cochin,DEL → BOM → COK,22:50,19:00,20:10,1,In-flight meal not included,10262,24,06,2019,22,50,19,00,20,10
Vistara,21/05/2019,Banglore,Delhi,BLR → DEL,07:00,09:40,2:40,0,No Info,4668,21,05,2019,07,00,09,40,2,40
IndiGo,6/03/2019,Delhi,Cochin,DEL → HYD → MAA → COK,11:55,21:20,9:25,2,No Info,6610,6,03,2019,11,55,21,20,9,25
SpiceJet,15/05/2019,Chennai,Kolkata,MAA → CCU,08:20,10:35,2:15,0,No Info,3597,15,05,2019,08,20,10,35,2,15
IndiGo,9/03/2019,Kolkata,Banglore,CCU → BLR,10:10,12:55,2:45,0,No Info,4462,9,03,2019,10,10,12,55,2,45
Air India,6/03/2019,Delhi,Cochin,DEL → MAA → COK,06:05,09:25,27:20,1,No Info,12677,6,03,2019,06,05,09,25,27,20
Multiple carriers,1/03/2019,Delhi,Cochin,DEL → BOM → COK,00:20,15:30,15:10,1,No Info,23170,1,03,2019,00,20,15,30,15,10
IndiGo,6/06/2019,Kolkata,Banglore,CCU → BLR,04:40,07:15,2:35,0,No Info,4804,6,06,2019,04,40,07,15,2,35
Multiple carriers,27/05/2019,Delhi,Cochin,DEL → BOM → COK,12:50,01:30,12:40,1,No Info,6795,27,05,2019,12,50,01,30,12,40
Air India,18/05/2019,Kolkata,Banglore,CCU → BBI → BLR,12:00,13:15,25:15,1,No Info,7662,18,05,2019,12,00,13,15,25,15
Air India,6/06/2019,Delhi,Cochin,DEL → UDR → BOM → COK,13:20,07:40,18:20,2,No Info,12751,6,06,2019,13,20,07,40,18,20
Jet Airways,6/03/2019,Mumbai,Hyderabad,BOM → DEL → HYD,20:45,16:50,20:5,1,No Info,19595,6,03,2019,20,45,16,50,20,5
Vistara,09/03/2019,Banglore,New Delhi,BLR → DEL,07:00,09:40,2:40,0,No Info,7975,09,03,2019,07,00,09,40,2,40
Jet Airways,18/05/2019,Kolkata,Banglore,CCU → BOM → BLR,14:05,19:50,5:45,1,No Info,14781,18,05,2019,14,05,19,50,5,45
Jet Airways,9/05/2019,Kolkata,Banglore,CCU → BOM → BLR,08:25,20:45,12:20,1,No Info,14781,9,05,2019,08,25,20,45,12,20
Jet Airways,24/03/2019,Kolkata,Banglore,CCU → BOM → BLR,13:55,16:20,26:25,1,In-flight meal not included,10031,24,03,2019,13,55,16,20,26,25
Jet Airways,9/06/2019,Kolkata,Banglore,CCU → BOM → BLR,14:05,19:50,5:45,1,In-flight meal not included,10844,9,06,2019,14,05,19,50,5,45
Jet Airways,9/05/2019,Banglore,Delhi,BLR → DEL,19:50,22:50,3h,0,In-flight meal not included,3502,9,05,2019,19,50,22,50,3h,
Jet Airways,1/06/2019,Delhi,Cochin,DEL → IDR → BOM → COK,09:35,04:25,18:50,2,No Info,13292,1,06,2019,09,35,04,25,18,50
Jet Airways,6/06/2019,Kolkata,Banglore,CCU → DEL → BLR,20:25,23:35,27:10,1,No Info,14151,6,06,2019,20,25,23,35,27,10
SpiceJet,1/03/2019,Mumbai,Hyderabad,BOM → HYD,05:45,07:05,1:20,0,No Info,12475,1,03,2019,05,45,07,05,1,20
Jet Airways,3/06/2019,Delhi,Cochin,DEL → BOM → COK,20:55,12:35,15:40,1,No Info,14714,3,06,2019,20,55,12,35,15,40
Multiple carriers,24/05/2019,Delhi,Cochin,DEL → BOM → COK,19:00,01:30,6:30,1,No Info,8283,24,05,2019,19,00,01,30,6,30
Jet Airways,12/03/2019,Banglore,New Delhi,BLR → BOM → DEL,20:35,09:30,12:55,1,In-flight meal not included,11087,12,03,2019,20,35,09,30,12,55
Jet Airways,21/05/2019,Kolkata,Banglore,CCU → BOM → BLR,14:05,19:50,5:45,1,In-flight meal not included,10844,21,05,2019,14,05,19,50,5,45
IndiGo,24/06/2019,Delhi,Cochin,DEL → BOM → COK,18:35,01:30,6:55,1,No Info,5883,24,06,2019,18,35,01,30,6,55
Air India,15/03/2019,Banglore,New Delhi,BLR → CCU → BBI → DEL,05:50,16:20,10:30,2,No Info,7664,15,03,2019,05,50,16,20,10,30
Jet Airways,27/05/2019,Delhi,Cochin,DEL → BOM → COK,08:00,04:25,20:25,1,In-flight meal not included,12898,27,05,2019,08,00,04,25,20,25
Jet Airways,12/06/2019,Delhi,Cochin,DEL → BOM → COK,22:50,19:00,20:10,1,In-flight meal not included,10262,12,06,2019,22,50,19,00,20,10
Jet Airways,15/05/2019,Kolkata,Banglore,CCU → DEL → BLR,09:35,19:10,9:35,1,No Info,13067,15,05,2019,09,35,19,10,9,35
IndiGo,18/03/2019,Kolkata,Banglore,CCU → BLR,15:10,17:45,2:35,0,No Info,4462,18,03,2019,15,10,17,45,2,35
Jet Airways,27/06/2019,Mumbai,Hyderabad,BOM → HYD,02:55,04:20,1:25,0,No Info,5678,27,06,2019,02,55,04,20,1,25
Jet Airways,21/05/2019,Kolkata,Banglore,CCU → BOM → BLR,06:30,12:00,5:30,1,No Info,14388,21,05,2019,06,30,12,00,5,30
Jet Airways,3/06/2019,Delhi,Cochin,DEL → BOM → COK,19:45,12:35,16:50,1,No Info,14714,3,06,2019,19,45,12,35,16,50
IndiGo,27/05/2019,Kolkata,Banglore,CCU → BLR,09:35,12:20,2:45,0,No Info,4804,27,05,2019,09,35,12,20,2,45
Air India,9/05/2019,Delhi,Cochin,DEL → AMD → BOM → COK,05:00,07:40,26:40,2,No Info,11281,9,05,2019,05,00,07,40,26,40
Jet Airways,24/03/2019,Kolkata,Banglore,CCU → BOM → BLR,21:10,08:10,11h,1,In-flight meal not included,11134,24,03,2019,21,10,08,10,11h,
Air India,12/03/2019,Mumbai,Hyderabad,BOM → BHO → DEL → HYD,19:40,09:10,13:30,2,No Info,11647,12,03,2019,19,40,09,10,13,30
Jet Airways,9/06/2019,Kolkata,Banglore,CCU → DEL → BLR,17:00,21:05,28:5,1,In-flight meal not included,10539,9,06,2019,17,00,21,05,28,5
Multiple carriers,1/06/2019,Delhi,Cochin,DEL → BOM → COK,08:00,19:00,11h,1,No Info,12192,1,06,2019,08,00,19,00,11h,
Air India,24/04/2019,Banglore,Delhi,BLR → DEL,13:20,16:10,2:50,0,No Info,6121,24,04,2019,13,20,16,10,2,50
Jet Airways,24/03/2019,Kolkata,Banglore,CCU → BOM → BLR,19:45,04:45,9h,1,No Info,13759,24,03,2019,19,45,04,45,9h,
Multiple carriers,27/03/2019,Delhi,Cochin,DEL → BOM → COK,10:20,01:35,15:15,1,No Info,6427,27,03,2019,10,20,01,35,15,15
IndiGo,9/04/2019,Banglore,Delhi,BLR → DEL,22:10,01:00,2:50,0,No Info,3943,9,04,2019,22,10,01,00,2,50
IndiGo,12/05/2019,Banglore,Delhi,BLR → DEL,22:10,01:00,2:50,0,No Info,4284,12,05,2019,22,10,01,00,2,50
IndiGo,9/03/2019,Delhi,Cochin,DEL → BLR → COK,05:05,10:05,5h,1,No Info,8147,9,03,2019,05,05,10,05,5h,
Jet Airways,12/05/2019,Banglore,Delhi,BLR → DEL,19:50,22:50,3h,0,In-flight meal not included,3502,12,05,2019,19,50,22,50,3h,
IndiGo,15/03/2019,Mumbai,Hyderabad,BOM → HYD,02:30,04:00,1:30,0,No Info,3342,15,03,2019,02,30,04,00,1,30
IndiGo,21/03/2019,Banglore,New Delhi,BLR → DEL,06:00,08:45,2:45,0,No Info,5734,21,03,2019,06,00,08,45,2,45
SpiceJet,6/06/2019,Kolkata,Banglore,CCU → IXB → BLR,15:55,21:25,5:30,1,No Info,8224,6,06,2019,15,55,21,25,5,30
SpiceJet,6/03/2019,Delhi,Cochin,DEL → MAA → COK,06:10,11:20,5:10,1,No Info,9748,6,03,2019,06,10,11,20,5,10
Jet Airways,21/03/2019,Delhi,Cochin,DEL → AMD → BOM → COK,19:10,04:25,33:15,2,In-flight meal not included,8834,21,03,2019,19,10,04,25,33,15
GoAir,6/05/2019,Kolkata,Banglore,CCU → AMD → BLR,16:40,00:15,7:35,1,No Info,7102,6,05,2019,16,40,00,15,7,35
Multiple carriers,15/05/2019,Delhi,Cochin,DEL → BOM → COK,13:00,01:30,12:30,1,No Info,13727,15,05,2019,13,00,01,30,12,30
Jet Airways,18/03/2019,Banglore,New Delhi,BLR → BOM → DEL,11:40,09:30,21:50,1,In-flight meal not included,11087,18,03,2019,11,40,09,30,21,50
Jet Airways,15/06/2019,Delhi,Cochin,DEL → JAI → BOM → COK,09:40,04:25,18:45,2,In-flight meal not included,10368,15,06,2019,09,40,04,25,18,45
Jet Airways,1/06/2019,Banglore,Delhi,BLR → DEL,06:00,08:45,2:45,0,In-flight meal not included,7229,1,06,2019,06,00,08,45,2,45
Jet Airways,15/06/2019,Delhi,Cochin,DEL → BOM → COK,18:15,19:00,24:45,1,In-flight meal not included,10262,15,06,2019,18,15,19,00,24,45
IndiGo,15/04/2019,Banglore,Delhi,BLR → DEL,20:00,22:50,2:50,0,No Info,4823,15,04,2019,20,00,22,50,2,50
IndiGo,24/05/2019,Kolkata,Banglore,CCU → BLR,04:40,07:15,2:35,0,No Info,4804,24,05,2019,04,40,07,15,2,35
IndiGo,6/06/2019,Delhi,Cochin,DEL → PNQ → COK,23:30,04:35,5:5,1,No Info,10112,6,06,2019,23,30,04,35,5,5
Jet Airways,27/05/2019,Banglore,Delhi,BLR → DEL,06:00,08:45,2:45,0,No Info,7229,27,05,2019,06,00,08,45,2,45
Jet Airways,24/05/2019,Kolkata,Banglore,CCU → DEL → BLR,17:00,22:05,29:5,1,No Info,13067,24,05,2019,17,00,22,05,29,5
Jet Airways,3/06/2019,Delhi,Cochin,DEL → BOM → COK,14:00,04:25,14:25,1,No Info,14714,3,06,2019,14,00,04,25,14,25
Air India,3/06/2019,Delhi,Cochin,DEL → BLR → COK,09:45,23:00,13:15,1,No Info,8907,3,06,2019,09,45,23,00,13,15
Jet Airways,9/04/2019,Banglore,Delhi,BLR → DEL,11:10,14:05,2:55,0,No Info,7229,9,04,2019,11,10,14,05,2,55
Multiple carriers,3/03/2019,Delhi,Cochin,DEL → IXU → BOM → COK,17:50,01:35,7:45,2,No Info,24528,3,03,2019,17,50,01,35,7,45
IndiGo,3/06/2019,Delhi,Cochin,DEL → BOM → COK,04:55,21:00,16:5,1,No Info,6838,3,06,2019,04,55,21,00,16,5
Multiple carriers,12/06/2019,Delhi,Cochin,DEL → BOM → COK,07:05,21:00,13:55,1,In-flight meal not included,10406,12,06,2019,07,05,21,00,13,55
Vistara,6/03/2019,Mumbai,Hyderabad,BOM → DEL → HYD,21:55,09:25,11:30,1,No Info,12395,6,03,2019,21,55,09,25,11,30
Air India,6/05/2019,Kolkata,Banglore,CCU → DEL → BLR,20:30,20:25,23:55,1,No Info,10203,6,05,2019,20,30,20,25,23,55
IndiGo,12/05/2019,Mumbai,Hyderabad,BOM → HYD,06:25,07:55,1:30,0,No Info,4049,12,05,2019,06,25,07,55,1,30
Jet Airways,9/06/2019,Kolkata,Banglore,CCU → DEL → BLR,20:25,18:00,21:35,1,No Info,13401,9,06,2019,20,25,18,00,21,35
Air India,9/05/2019,Delhi,Cochin,DEL → JAI → BOM → COK,12:00,07:40,19:40,2,No Info,9968,9,05,2019,12,00,07,40,19,40
Jet Airways,6/05/2019,Mumbai,Hyderabad,BOM → HYD,10:20,11:50,1:30,0,No Info,8040,6,05,2019,10,20,11,50,1,30
Multiple carriers,27/03/2019,Delhi,Cochin,DEL → BOM → COK,15:15,01:35,10:20,1,No Info,6427,27,03,2019,15,15,01,35,10,20
IndiGo,6/05/2019,Chennai,Kolkata,MAA → CCU,22:05,00:25,2:20,0,No Info,5277,6,05,2019,22,05,00,25,2,20
Jet Airways,1/04/2019,Mumbai,Hyderabad,BOM → HYD,02:55,04:20,1:25,0,In-flight meal not included,2228,1,04,2019,02,55,04,20,1,25
Vistara,24/05/2019,Banglore,Delhi,BLR → DEL,21:00,23:50,2:50,0,No Info,5613,24,05,2019,21,00,23,50,2,50
IndiGo,12/05/2019,Kolkata,Banglore,CCU → MAA → BLR,17:35,22:15,4:40,1,No Info,6669,12,05,2019,17,35,22,15,4,40
Vistara,15/05/2019,Chennai,Kolkata,MAA → CCU,17:45,20:05,2:20,0,No Info,11982,15,05,2019,17,45,20,05,2,20
Jet Airways,21/05/2019,Kolkata,Banglore,CCU → BOM → PNQ → BLR,06:30,07:25,24:55,2,In-flight meal not included,10118,21,05,2019,06,30,07,25,24,55
IndiGo,15/03/2019,Kolkata,Banglore,CCU → BLR,21:25,00:05,2:40,0,No Info,4148,15,03,2019,21,25,00,05,2,40
Jet Airways,9/06/2019,Delhi,Cochin,DEL → BOM → COK,02:15,12:35,10:20,1,No Info,18371,9,06,2019,02,15,12,35,10,20
Multiple carriers,12/06/2019,Delhi,Cochin,DEL → BOM → COK,11:30,21:00,9:30,1,No Info,13587,12,06,2019,11,30,21,00,9,30
Air India,6/06/2019,Delhi,Cochin,DEL → HYD → BOM → COK,17:15,19:15,26h,2,No Info,12760,6,06,2019,17,15,19,15,26h,
Jet Airways,6/06/2019,Delhi,Cochin,DEL → JAI → BOM → COK,09:40,04:25,18:45,2,In-flight meal not included,10368,6,06,2019,09,40,04,25,18,45
IndiGo,1/06/2019,Mumbai,Hyderabad,BOM → HYD,02:35,04:05,1:30,0,No Info,3175,1,06,2019,02,35,04,05,1,30
SpiceJet,9/05/2019,Chennai,Kolkata,MAA → CCU,09:45,12:00,2:15,0,No Info,3597,9,05,2019,09,45,12,00,2,15
Multiple carriers,27/05/2019,Delhi,Cochin,DEL → BOM → COK,11:30,01:30,14h,1,In-flight meal not included,6733,27,05,2019,11,30,01,30,14h,
Multiple carriers,1/06/2019,Delhi,Cochin,DEL → BOM → COK,03:50,12:35,8:45,1,No Info,12192,1,06,2019,03,50,12,35,8,45
Jet Airways,27/05/2019,Delhi,Cochin,DEL → AMD → BOM → COK,19:10,19:00,23:50,2,No Info,15129,27,05,2019,19,10,19,00,23,50
Vistara,12/05/2019,Banglore,Delhi,BLR → DEL,11:30,14:20,2:50,0,No Info,4668,12,05,2019,11,30,14,20,2,50
Jet Airways,27/06/2019,Delhi,Cochin,DEL → BOM → COK,17:30,12:35,19:5,1,In-flight meal not included,10262,27,06,2019,17,30,12,35,19,5
Jet Airways,18/05/2019,Delhi,Cochin,DEL → JAI → BOM → COK,09:40,04:25,18:45,2,No Info,15129,18,05,2019,09,40,04,25,18,45
Multiple carriers,3/06/2019,Delhi,Cochin,DEL → HYD → COK,07:10,22:30,15:20,1,No Info,7878,3,06,2019,07,10,22,30,15,20
Jet Airways,18/03/2019,Mumbai,Hyderabad,BOM → HYD,10:20,11:50,1:30,0,No Info,8040,18,03,2019,10,20,11,50,1,30
Jet Airways,9/05/2019,Delhi,Cochin,DEL → BOM → COK,02:15,12:35,10:20,1,In-flight meal not included,12373,9,05,2019,02,15,12,35,10,20
Air India,18/05/2019,Delhi,Cochin,DEL → HYD → BOM → COK,17:15,19:15,26h,2,No Info,12392,18,05,2019,17,15,19,15,26h,
IndiGo,18/05/2019,Chennai,Kolkata,MAA → CCU,22:05,00:25,2:20,0,No Info,5277,18,05,2019,22,05,00,25,2,20
Multiple carriers,21/05/2019,Delhi,Cochin,DEL → BOM → COK,13:00,21:00,8h,1,No Info,7888,21,05,2019,13,00,21,00,8h,
Multiple carriers,3/06/2019,Delhi,Cochin,DEL → BOM → COK,08:45,19:15,10:30,1,No Info,9001,3,06,2019,08,45,19,15,10,30
IndiGo,21/03/2019,Mumbai,Hyderabad,BOM → HYD,06:20,07:45,1:25,0,No Info,4049,21,03,2019,06,20,07,45,1,25
IndiGo,24/03/2019,Chennai,Kolkata,MAA → CCU,05:15,07:35,2:20,0,No Info,4326,24,03,2019,05,15,07,35,2,20
IndiGo,09/03/2019,Banglore,New Delhi,BLR → DEL,23:30,02:20,2:50,0,No Info,4777,09,03,2019,23,30,02,20,2,50
IndiGo,21/03/2019,Delhi,Cochin,DEL → BOM → COK,11:30,21:00,9:30,1,No Info,6838,21,03,2019,11,30,21,00,9,30
IndiGo,6/06/2019,Delhi,Cochin,DEL → MAA → COK,07:15,12:30,5:15,1,No Info,6582,6,06,2019,07,15,12,30,5,15
Jet Airways,1/06/2019,Delhi,Cochin,DEL → BOM → COK,21:50,12:35,14:45,1,In-flight meal not included,10262,1,06,2019,21,50,12,35,14,45
Air Asia,01/03/2019,Banglore,New Delhi,BLR → DEL,23:25,02:10,2:45,0,Red-eye flight,10873,01,03,2019,23,25,02,10,2,45
Jet Airways,27/06/2019,Delhi,Cochin,DEL → BOM → COK,02:15,12:35,10:20,1,In-flight meal not included,10262,27,06,2019,02,15,12,35,10,20
IndiGo,27/03/2019,Kolkata,Banglore,CCU → BLR,05:30,08:20,2:50,0,No Info,4148,27,03,2019,05,30,08,20,2,50
IndiGo,27/03/2019,Delhi,Cochin,DEL → HYD → MAA → COK,11:55,21:20,9:25,2,No Info,6494,27,03,2019,11,55,21,20,9,25
Jet Airways,21/05/2019,Delhi,Cochin,DEL → BOM → COK,10:00,12:35,26:35,1,In-flight meal not included,12898,21,05,2019,10,00,12,35,26,35
Air India,9/06/2019,Delhi,Cochin,DEL → AMD → BOM → COK,05:00,19:15,38:15,2,No Info,9968,9,06,2019,05,00,19,15,38,15
Jet Airways,21/05/2019,Delhi,Cochin,DEL → BOM → COK,15:00,04:25,13:25,1,In-flight meal not included,12898,21,05,2019,15,00,04,25,13,25
Multiple carriers,24/05/2019,Delhi,Cochin,DEL → HYD → COK,14:55,22:30,7:35,1,No Info,7740,24,05,2019,14,55,22,30,7,35
Air India,9/05/2019,Kolkata,Banglore,CCU → GAU → BLR,09:50,21:05,11:15,1,No Info,7452,9,05,2019,09,50,21,05,11,15
Jet Airways,21/03/2019,Mumbai,Hyderabad,BOM → HYD,07:10,08:35,1:25,0,In-flight meal not included,4160,21,03,2019,07,10,08,35,1,25
IndiGo,27/05/2019,Banglore,Delhi,BLR → DEL,08:30,11:20,2:50,0,No Info,4823,27,05,2019,08,30,11,20,2,50
Air India,18/05/2019,Delhi,Cochin,DEL → GOI → BOM → COK,10:55,19:15,8:20,2,No Info,13486,18,05,2019,10,55,19,15,8,20
Jet Airways,27/04/2019,Banglore,Delhi,BLR → DEL,18:55,22:00,3:5,0,In-flight meal not included,4544,27,04,2019,18,55,22,00,3,5
Air India,21/05/2019,Delhi,Cochin,DEL → HYD → MAA → COK,09:45,09:25,23:40,2,No Info,10975,21,05,2019,09,45,09,25,23,40
IndiGo,3/05/2019,Chennai,Kolkata,MAA → CCU,14:45,17:05,2:20,0,No Info,3858,3,05,2019,14,45,17,05,2,20
Jet Airways,6/05/2019,Delhi,Cochin,DEL → JAI → BOM → COK,05:30,04:25,22:55,2,No Info,15129,6,05,2019,05,30,04,25,22,55
Air India,15/06/2019,Delhi,Cochin,DEL → HYD → MAA → COK,09:45,09:25,23:40,2,No Info,10975,15,06,2019,09,45,09,25,23,40
Air Asia,9/05/2019,Delhi,Cochin,DEL → BLR → COK,16:45,22:25,5:40,1,No Info,6752,9,05,2019,16,45,22,25,5,40
Air Asia,18/06/2019,Kolkata,Banglore,CCU → BLR,09:45,12:15,2:30,0,No Info,3807,18,06,2019,09,45,12,15,2,30
Air India,6/03/2019,Delhi,Cochin,DEL → MAA → COK,12:30,09:25,20:55,1,No Info,13832,6,03,2019,12,30,09,25,20,55
Jet Airways,6/04/2019,Banglore,Delhi,BLR → DEL,18:55,22:00,3:5,0,In-flight meal not included,4544,6,04,2019,18,55,22,00,3,5
Jet Airways,6/06/2019,Kolkata,Banglore,CCU → BOM → BLR,18:55,08:15,13:20,1,No Info,14571,6,06,2019,18,55,08,15,13,20
Vistara,24/06/2019,Chennai,Kolkata,MAA → CCU,17:45,20:05,2:20,0,No Info,11982,24,06,2019,17,45,20,05,2,20
Jet Airways,1/05/2019,Mumbai,Hyderabad,BOM → HYD,07:05,08:30,1:25,0,No Info,8040,1,05,2019,07,05,08,30,1,25
Vistara,18/03/2019,Banglore,New Delhi,BLR → DEL,16:00,18:35,2:35,0,No Info,11913,18,03,2019,16,00,18,35,2,35
Air Asia,24/05/2019,Kolkata,Banglore,CCU → BBI → BLR,06:50,10:30,3:40,1,No Info,5162,24,05,2019,06,50,10,30,3,40
Jet Airways,15/06/2019,Delhi,Cochin,DEL → JAI → BOM → COK,09:40,12:35,26:55,2,No Info,13014,15,06,2019,09,40,12,35,26,55
Jet Airways,18/05/2019,Kolkata,Banglore,CCU → BOM → BLR,21:10,04:40,7:30,1,In-flight meal not included,8586,18,05,2019,21,10,04,40,7,30
Multiple carriers,21/05/2019,Delhi,Cochin,DEL → BOM → COK,08:00,19:00,11h,1,No Info,10197,21,05,2019,08,00,19,00,11h,
Vistara,1/05/2019,Kolkata,Banglore,CCU → DEL → BLR,17:00,20:20,27:20,1,No Info,8610,1,05,2019,17,00,20,20,27,20
Air Asia,1/06/2019,Banglore,Delhi,BLR → DEL,23:55,02:45,2:50,0,No Info,7120,1,06,2019,23,55,02,45,2,50
Air India,9/05/2019,Delhi,Cochin,DEL → RPR → NAG → BOM → COK,05:15,19:15,38h,3,No Info,10703,9,05,2019,05,15,19,15,38h,
Jet Airways,1/06/2019,Delhi,Cochin,DEL → BOM → COK,09:00,04:25,19:25,1,In-flight meal not included,10262,1,06,2019,09,00,04,25,19,25
Jet Airways,27/06/2019,Delhi,Cochin,DEL → IDR → BOM → COK,05:30,19:00,13:30,2,In-flight meal not included,11507,27,06,2019,05,30,19,00,13,30
IndiGo,6/06/2019,Banglore,Delhi,BLR → DEL,21:15,00:15,3h,0,No Info,3943,6,06,2019,21,15,00,15,3h,
Jet Airways,15/06/2019,Delhi,Cochin,DEL → IDR → BOM → COK,09:35,12:35,27h,2,No Info,13292,15,06,2019,09,35,12,35,27h,
IndiGo,21/03/2019,Banglore,New Delhi,BLR → IDR → DEL,13:40,18:35,4:55,1,No Info,7166,21,03,2019,13,40,18,35,4,55
Jet Airways,15/06/2019,Delhi,Cochin,DEL → BOM → COK,13:00,19:00,6h,1,In-flight meal not included,10262,15,06,2019,13,00,19,00,6h,
Air Asia,12/06/2019,Delhi,Cochin,DEL → BLR → COK,20:45,07:10,10:25,1,No Info,6152,12,06,2019,20,45,07,10,10,25
Jet Airways,15/05/2019,Kolkata,Banglore,CCU → DEL → BLR,09:35,22:05,12:30,1,In-flight meal not included,10703,15,05,2019,09,35,22,05,12,30
Jet Airways,21/05/2019,Banglore,Delhi,BLR → DEL,07:10,10:10,3h,0,In-flight meal not included,4030,21,05,2019,07,10,10,10,3h,
Multiple carriers,6/03/2019,Delhi,Cochin,DEL → BOM → COK,17:30,01:35,8:5,1,No Info,17057,6,03,2019,17,30,01,35,8,5
IndiGo,18/06/2019,Chennai,Kolkata,MAA → CCU,07:55,10:15,2:20,0,No Info,3850,18,06,2019,07,55,10,15,2,20
Jet Airways,6/05/2019,Kolkata,Banglore,CCU → BOM → BLR,20:00,09:20,13:20,1,No Info,14388,6,05,2019,20,00,09,20,13,20
IndiGo,3/04/2019,Delhi,Cochin,DEL → MAA → COK,02:00,07:25,5:25,1,No Info,4744,3,04,2019,02,00,07,25,5,25
Jet Airways,1/06/2019,Delhi,Cochin,DEL → BOM → COK,17:30,12:35,19:5,1,In-flight meal not included,10262,1,06,2019,17,30,12,35,19,5
Air India,03/03/2019,Banglore,New Delhi,BLR → DEL,21:10,23:55,2:45,0,No Info,7591,03,03,2019,21,10,23,55,2,45
Air Asia,27/05/2019,Delhi,Cochin,DEL → BLR → COK,07:55,22:25,14:30,1,No Info,6152,27,05,2019,07,55,22,25,14,30
Jet Airways,06/03/2019,Banglore,New Delhi,BLR → BOM → DEL,08:55,09:00,24:5,1,No Info,15025,06,03,2019,08,55,09,00,24,5
IndiGo,3/03/2019,Mumbai,Hyderabad,BOM → HYD,16:55,18:25,1:30,0,No Info,6795,3,03,2019,16,55,18,25,1,30
Air India,24/05/2019,Kolkata,Banglore,CCU → DEL → BLR,17:30,20:25,26:55,1,No Info,10623,24,05,2019,17,30,20,25,26,55
IndiGo,24/05/2019,Chennai,Kolkata,MAA → CCU,07:55,10:15,2:20,0,No Info,3850,24,05,2019,07,55,10,15,2,20
Jet Airways,21/03/2019,Delhi,Cochin,DEL → AMD → BOM → COK,19:10,18:50,23:40,2,In-flight meal not included,6643,21,03,2019,19,10,18,50,23,40
Jet Airways,1/05/2019,Kolkata,Banglore,CCU → BOM → BLR,14:05,22:35,8:30,1,In-flight meal not included,10844,1,05,2019,14,05,22,35,8,30
Air India,27/05/2019,Delhi,Cochin,DEL → AMD → BOM → COK,19:45,19:15,23:30,2,No Info,10441,27,05,2019,19,45,19,15,23,30
Multiple carriers,27/06/2019,Delhi,Cochin,DEL → BOM → COK,17:30,01:30,8h,1,No Info,13377,27,06,2019,17,30,01,30,8h,
Air India,18/05/2019,Delhi,Cochin,DEL → JDH → BOM → COK,12:55,19:15,30:20,2,No Info,13696,18,05,2019,12,55,19,15,30,20
IndiGo,3/06/2019,Banglore,Delhi,BLR → DEL,00:25,03:15,2:50,0,No Info,3943,3,06,2019,00,25,03,15,2,50
Air India,24/06/2019,Delhi,Cochin,DEL → AMD → BOM → COK,19:45,19:15,23:30,2,No Info,9443,24,06,2019,19,45,19,15,23,30
Jet Airways,1/06/2019,Delhi,Cochin,DEL → JAI → BOM → COK,05:30,04:25,22:55,2,No Info,13014,1,06,2019,05,30,04,25,22,55
Air India,24/03/2019,Banglore,New Delhi,BLR → HYD → VGA → DEL,17:00,22:55,29:55,2,No Info,8114,24,03,2019,17,00,22,55,29,55
SpiceJet,24/06/2019,Delhi,Cochin,DEL → MAA → COK,06:05,11:20,5:15,1,No Info,5583,24,06,2019,06,05,11,20,5,15
Jet Airways,12/03/2019,Banglore,New Delhi,BLR → BOM → DEL,16:55,08:15,15:20,1,No Info,13817,12,03,2019,16,55,08,15,15,20
Multiple carriers,27/03/2019,Delhi,Cochin,DEL → BOM → COK,12:50,19:15,6:25,1,No Info,6953,27,03,2019,12,50,19,15,6,25
Multiple carriers,27/03/2019,Delhi,Cochin,DEL → BOM → COK,10:20,21:00,10:40,1,No Info,6637,27,03,2019,10,20,21,00,10,40
IndiGo,3/04/2019,Kolkata,Banglore,CCU → BLR,09:35,12:20,2:45,0,No Info,4174,3,04,2019,09,35,12,20,2,45
Air India,21/03/2019,Delhi,Cochin,DEL → HYD → MAA → COK,09:45,09:25,23:40,2,No Info,8140,21,03,2019,09,45,09,25,23,40
Jet Airways,12/03/2019,Banglore,New Delhi,BLR → BOM → DEL,07:00,23:00,16h,1,No Info,13817,12,03,2019,07,00,23,00,16h,
Jet Airways,6/06/2019,Delhi,Cochin,DEL → BOM → COK,09:00,19:00,10h,1,In-flight meal not included,10262,6,06,2019,09,00,19,00,10h,
IndiGo,18/05/2019,Delhi,Cochin,DEL → BLR → COK,15:10,20:00,4:50,1,No Info,6496,18,05,2019,15,10,20,00,4,50
IndiGo,15/06/2019,Delhi,Cochin,DEL → PNQ → COK,23:30,04:35,5:5,1,No Info,10112,15,06,2019,23,30,04,35,5,5
Air India,27/05/2019,Delhi,Cochin,DEL → HYD → MAA → COK,13:15,09:25,20:10,2,No Info,10467,27,05,2019,13,15,09,25,20,10
IndiGo,1/06/2019,Delhi,Cochin,DEL → BOM → COK,10:35,01:30,14:55,1,No Info,6206,1,06,2019,10,35,01,30,14,55
Air India,24/05/2019,Kolkata,Banglore,CCU → BBI → BOM → BLR,12:00,18:30,30:30,2,No Info,10151,24,05,2019,12,00,18,30,30,30
IndiGo,12/06/2019,Kolkata,Banglore,CCU → BLR,15:15,17:45,2:30,0,No Info,4804,12,06,2019,15,15,17,45,2,30
GoAir,24/03/2019,Banglore,New Delhi,BLR → DEL,07:45,10:40,2:55,0,No Info,5048,24,03,2019,07,45,10,40,2,55
Jet Airways,6/06/2019,Mumbai,Hyderabad,BOM → HYD,02:55,04:20,1:25,0,In-flight meal not included,4050,6,06,2019,02,55,04,20,1,25
SpiceJet,1/06/2019,Banglore,Delhi,BLR → DEL,09:30,12:20,2:50,0,No check-in baggage included,3919,1,06,2019,09,30,12,20,2,50
Jet Airways,9/06/2019,Kolkata,Banglore,CCU → BOM → BLR,21:10,08:15,11:5,1,In-flight meal not included,11841,9,06,2019,21,10,08,15,11,5
IndiGo,24/04/2019,Delhi,Cochin,DEL → BOM → COK,20:25,01:30,5:5,1,No Info,5065,24,04,2019,20,25,01,30,5,5
Air India,9/05/2019,Kolkata,Banglore,CCU → BBI → BOM → BLR,12:00,18:30,30:30,2,No Info,9626,9,05,2019,12,00,18,30,30,30
IndiGo,27/06/2019,Banglore,Delhi,BLR → DEL,22:10,01:00,2:50,0,No Info,3419,27,06,2019,22,10,01,00,2,50
Air India,9/06/2019,Kolkata,Banglore,CCU → GAU → IMF → DEL → BLR,09:50,23:15,13:25,3,No Info,14960,9,06,2019,09,50,23,15,13,25
IndiGo,9/06/2019,Banglore,Delhi,BLR → DEL,21:15,00:15,3h,0,No Info,3943,9,06,2019,21,15,00,15,3h,
Multiple carriers,9/05/2019,Delhi,Cochin,DEL → BOM → COK,09:00,19:15,10:15,1,No Info,14323,9,05,2019,09,00,19,15,10,15
Air India,9/06/2019,Kolkata,Banglore,CCU → BOM → COK → BLR,16:50,13:45,20:55,2,No Info,11752,9,06,2019,16,50,13,45,20,55
Multiple carriers,6/06/2019,Delhi,Cochin,DEL → BOM → COK,08:30,19:15,10:45,1,No Info,7677,6,06,2019,08,30,19,15,10,45
Multiple carriers,24/05/2019,Delhi,Cochin,DEL → BOM → COK,13:00,21:00,8h,1,No Info,14067,24,05,2019,13,00,21,00,8h,
Jet Airways,1/05/2019,Kolkata,Banglore,CCU → BOM → BLR,21:10,09:20,12:10,1,No Info,14781,1,05,2019,21,10,09,20,12,10
Jet Airways,15/05/2019,Kolkata,Banglore,CCU → DEL → BLR,17:00,14:25,21:25,1,No Info,11467,15,05,2019,17,00,14,25,21,25
Jet Airways,21/05/2019,Delhi,Cochin,DEL → ATQ → BOM → COK,20:00,04:25,8:25,2,No Info,16263,21,05,2019,20,00,04,25,8,25
Jet Airways,18/05/2019,Delhi,Cochin,DEL → BOM → COK,19:15,04:25,9:10,1,In-flight meal not included,12373,18,05,2019,19,15,04,25,9,10
Multiple carriers,15/06/2019,Delhi,Cochin,DEL → BOM → COK,12:50,21:00,8:10,1,No Info,7005,15,06,2019,12,50,21,00,8,10
IndiGo,18/05/2019,Delhi,Cochin,DEL → BLR → COK,05:10,10:05,4:55,1,No Info,7580,18,05,2019,05,10,10,05,4,55
Air India,18/05/2019,Delhi,Cochin,DEL → GOI → BOM → COK,22:00,19:15,21:15,2,No Info,10441,18,05,2019,22,00,19,15,21,15
Jet Airways,18/05/2019,Banglore,Delhi,BLR → DEL,17:45,20:45,3h,0,No Info,7229,18,05,2019,17,45,20,45,3h,
IndiGo,9/04/2019,Delhi,Cochin,DEL → BOM → COK,06:40,21:00,14:20,1,No Info,6093,9,04,2019,06,40,21,00,14,20
SpiceJet,15/06/2019,Kolkata,Banglore,CCU → BLR,06:55,09:30,2:35,0,No Info,3873,15,06,2019,06,55,09,30,2,35
Jet Airways,24/06/2019,Delhi,Cochin,DEL → BOM → COK,21:50,04:25,6:35,1,In-flight meal not included,10262,24,06,2019,21,50,04,25,6,35
Jet Airways,1/04/2019,Kolkata,Banglore,CCU → BOM → BLR,14:05,23:35,9:30,1,No Info,13364,1,04,2019,14,05,23,35,9,30
Jet Airways,15/05/2019,Delhi,Cochin,DEL → BOM → COK,02:15,12:35,10:20,1,In-flight meal not included,12373,15,05,2019,02,15,12,35,10,20
SpiceJet,12/05/2019,Mumbai,Hyderabad,BOM → HYD,22:45,00:15,1:30,0,No check-in baggage included,1965,12,05,2019,22,45,00,15,1,30
Multiple carriers,6/06/2019,Delhi,Cochin,DEL → BOM → COK,12:50,21:00,8:10,1,No Info,7005,6,06,2019,12,50,21,00,8,10
Air India,18/03/2019,Banglore,New Delhi,BLR → DEL,10:00,12:45,2:45,0,No Info,4441,18,03,2019,10,00,12,45,2,45
Multiple carriers,21/03/2019,Delhi,Cochin,DEL → BOM → COK,04:45,18:50,14:5,1,No Info,11098,21,03,2019,04,45,18,50,14,5
IndiGo,21/05/2019,Delhi,Cochin,DEL → BOM → COK,09:15,01:30,16:15,1,No Info,7318,21,05,2019,09,15,01,30,16,15
Jet Airways,21/03/2019,Delhi,Cochin,DEL → BOM → COK,07:05,04:25,21:20,1,No Info,12767,21,03,2019,07,05,04,25,21,20
SpiceJet,24/03/2019,Kolkata,Banglore,CCU → IXB → BLR,15:55,21:15,5:20,1,No Info,10654,24,03,2019,15,55,21,15,5,20
SpiceJet,9/06/2019,Delhi,Cochin,DEL → MAA → COK,15:45,22:05,6:20,1,No Info,6297,9,06,2019,15,45,22,05,6,20
Multiple carriers,3/03/2019,Delhi,Cochin,DEL → HYD → COK,09:45,16:10,6:25,1,No Info,11265,3,03,2019,09,45,16,10,6,25
Air India,6/03/2019,Mumbai,Hyderabad,BOM → AMD → ISK → HYD,17:20,14:50,2:30,2,No Info,11972,6,03,2019,17,20,14,50,2,30
Multiple carriers,9/06/2019,Delhi,Cochin,DEL → BOM → COK,07:05,21:00,13:55,1,No Info,13587,9,06,2019,07,05,21,00,13,55
IndiGo,3/06/2019,Kolkata,Banglore,CCU → BLR,17:15,19:50,2:35,0,No Info,4804,3,06,2019,17,15,19,50,2,35
Air India,1/05/2019,Kolkata,Banglore,CCU → BOM → HBX → BLR,09:25,18:20,8:55,2,No Info,8366,1,05,2019,09,25,18,20,8,55
Air India,18/05/2019,Kolkata,Banglore,CCU → BOM → BLR,09:25,07:55,22:30,1,No Info,8366,18,05,2019,09,25,07,55,22,30
Air India,18/05/2019,Kolkata,Banglore,CCU → JAI → BOM → BLR,08:20,21:50,13:30,2,No Info,10697,18,05,2019,08,20,21,50,13,30
Jet Airways,21/05/2019,Delhi,Cochin,DEL → JAI → BOM → COK,05:30,19:00,13:30,2,No Info,15129,21,05,2019,05,30,19,00,13,30
IndiGo,18/05/2019,Chennai,Kolkata,MAA → CCU,14:45,17:05,2:20,0,No Info,3858,18,05,2019,14,45,17,05,2,20
Jet Airways,6/04/2019,Banglore,Delhi,BLR → DEL,18:55,22:00,3:5,0,No Info,7229,6,04,2019,18,55,22,00,3,5
IndiGo,27/04/2019,Delhi,Cochin,DEL → BOM → COK,16:00,21:00,5h,1,No Info,6937,27,04,2019,16,00,21,00,5h,
Jet Airways,24/06/2019,Delhi,Cochin,DEL → BOM → COK,14:00,19:00,5h,1,No Info,14714,24,06,2019,14,00,19,00,5h,
Jet Airways,15/03/2019,Banglore,New Delhi,BLR → BOM → DEL,05:45,16:10,10:25,1,In-flight meal not included,9134,15,03,2019,05,45,16,10,10,25
Jet Airways,3/06/2019,Delhi,Cochin,DEL → BOM → COK,07:05,19:00,11:55,1,In-flight meal not included,10577,3,06,2019,07,05,19,00,11,55
Jet Airways,6/05/2019,Kolkata,Banglore,CCU → BOM → BLR,20:00,10:05,14:5,1,No Info,14388,6,05,2019,20,00,10,05,14,5
Air India,12/06/2019,Delhi,Cochin,DEL → BLR → COK,13:30,08:15,18:45,1,No Info,8991,12,06,2019,13,30,08,15,18,45
Air India,27/05/2019,Delhi,Cochin,DEL → JDH → BOM → COK,12:55,19:15,30:20,2,No Info,12436,27,05,2019,12,55,19,15,30,20
Air India,12/03/2019,Banglore,New Delhi,BLR → BOM → BHO → DEL,06:45,09:25,26:40,2,No Info,12515,12,03,2019,06,45,09,25,26,40
SpiceJet,15/06/2019,Delhi,Cochin,DEL → MAA → COK,15:45,22:05,6:20,1,No Info,5583,15,06,2019,15,45,22,05,6,20
Air India,9/03/2019,Delhi,Cochin,DEL → BOM → COK,23:00,07:40,8:40,1,No Info,10840,9,03,2019,23,00,07,40,8,40
Jet Airways,27/06/2019,Delhi,Cochin,DEL → ATQ → BOM → COK,12:15,12:35,24:20,2,No Info,14300,27,06,2019,12,15,12,35,24,20
SpiceJet,18/04/2019,Banglore,Delhi,BLR → DEL,21:10,00:05,2:55,0,No check-in baggage included,5515,18,04,2019,21,10,00,05,2,55
Jet Airways,15/05/2019,Kolkata,Banglore,CCU → BOM → BLR,14:05,20:45,6:40,1,In-flight meal not included,10844,15,05,2019,14,05,20,45,6,40
Jet Airways,24/03/2019,Kolkata,Banglore,CCU → BOM → BLR,16:55,09:15,16:20,1,In-flight meal not included,11134,24,03,2019,16,55,09,15,16,20
Air India,24/04/2019,Banglore,Delhi,BLR → DEL,10:00,12:45,2:45,0,No Info,6121,24,04,2019,10,00,12,45,2,45
Air India,21/05/2019,Kolkata,Banglore,CCU → BBI → BOM → BLR,12:00,07:55,19:55,2,No Info,10676,21,05,2019,12,00,07,55,19,55
Jet Airways,1/05/2019,Kolkata,Banglore,CCU → BOM → BLR,16:30,22:35,6:5,1,No Info,14781,1,05,2019,16,30,22,35,6,5
Jet Airways,6/04/2019,Banglore,Delhi,BLR → DEL,19:50,22:50,3h,0,In-flight meal not included,4544,6,04,2019,19,50,22,50,3h,
GoAir,6/04/2019,Banglore,Delhi,BLR → DEL,07:45,10:40,2:55,0,No Info,4632,6,04,2019,07,45,10,40,2,55
Jet Airways,21/03/2019,Delhi,Cochin,DEL → AMD → BOM → COK,19:10,04:25,33:15,2,No Info,10929,21,03,2019,19,10,04,25,33,15
Air Asia,21/04/2019,Kolkata,Banglore,CCU → BLR,10:20,12:55,2:35,0,No Info,4409,21,04,2019,10,20,12,55,2,35
SpiceJet,1/05/2019,Kolkata,Banglore,CCU → BLR,06:55,09:30,2:35,0,No Info,3873,1,05,2019,06,55,09,30,2,35
Jet Airways,27/05/2019,Banglore,Delhi,BLR → DEL,07:10,10:10,3h,0,In-flight meal not included,4030,27,05,2019,07,10,10,10,3h,
Air Asia,9/05/2019,Kolkata,Banglore,CCU → BLR,22:50,01:20,2:30,0,No Info,3807,9,05,2019,22,50,01,20,2,30
Air India,12/05/2019,Kolkata,Banglore,CCU → DEL → COK → BLR,10:00,01:20,15:20,2,No Info,12140,12,05,2019,10,00,01,20,15,20
SpiceJet,6/03/2019,Kolkata,Banglore,CCU → BLR,09:00,11:30,2:30,0,No Info,4096,6,03,2019,09,00,11,30,2,30
Jet Airways,15/06/2019,Delhi,Cochin,DEL → ATQ → BOM → COK,18:20,12:35,18:15,2,No Info,14300,15,06,2019,18,20,12,35,18,15
Multiple carriers,27/06/2019,Delhi,Cochin,DEL → BOM → COK,11:40,21:00,9:20,1,In-flight meal not included,6007,27,06,2019,11,40,21,00,9,20
IndiGo,1/04/2019,Kolkata,Banglore,CCU → BLR,14:25,16:55,2:30,0,No Info,4174,1,04,2019,14,25,16,55,2,30
SpiceJet,21/06/2019,Chennai,Kolkata,MAA → CCU,17:45,20:05,2:20,0,No Info,3597,21,06,2019,17,45,20,05,2,20
Air India,24/06/2019,Delhi,Cochin,DEL → JAI → BOM → COK,12:00,19:15,7:15,2,No Info,9548,24,06,2019,12,00,19,15,7,15
Air India,15/03/2019,Banglore,New Delhi,BLR → BOM → DEL,08:50,15:15,6:25,1,No Info,8714,15,03,2019,08,50,15,15,6,25
Vistara,12/06/2019,Kolkata,Banglore,CCU → DEL → BLR,17:00,20:20,27:20,1,No Info,8085,12,06,2019,17,00,20,20,27,20
Jet Airways,3/06/2019,Delhi,Cochin,DEL → JAI → BOM → COK,19:30,04:25,8:55,2,In-flight meal not included,10368,3,06,2019,19,30,04,25,8,55
Air India,27/06/2019,Delhi,Cochin,DEL → HYD → MAA → COK,07:05,09:25,26:20,2,No Info,10975,27,06,2019,07,05,09,25,26,20
Multiple carriers,9/05/2019,Delhi,Cochin,DEL → BOM → COK,07:30,21:00,13:30,1,No Info,7670,9,05,2019,07,30,21,00,13,30
Multiple carriers,15/05/2019,Delhi,Cochin,DEL → BOM → COK,18:00,01:30,7:30,1,No Info,8073,15,05,2019,18,00,01,30,7,30
Jet Airways,12/03/2019,Banglore,New Delhi,BLR → BOM → DEL,22:55,10:45,11:50,1,No Info,13817,12,03,2019,22,55,10,45,11,50
IndiGo,9/04/2019,Kolkata,Banglore,CCU → HYD → BLR,19:20,23:45,4:25,1,No Info,3574,9,04,2019,19,20,23,45,4,25
Jet Airways,9/05/2019,Delhi,Cochin,DEL → BOM → COK,21:50,04:25,6:35,1,No Info,15554,9,05,2019,21,50,04,25,6,35
Air India,27/03/2019,Delhi,Cochin,DEL → BOM → COK,21:00,19:15,22:15,1,No Info,6692,27,03,2019,21,00,19,15,22,15
SpiceJet,15/06/2019,Mumbai,Hyderabad,BOM → HYD,22:45,00:15,1:30,0,No check-in baggage included,1965,15,06,2019,22,45,00,15,1,30
IndiGo,24/06/2019,Mumbai,Hyderabad,BOM → HYD,20:05,21:40,1:35,0,No Info,2227,24,06,2019,20,05,21,40,1,35
IndiGo,9/06/2019,Chennai,Kolkata,MAA → CCU,14:45,17:05,2:20,0,No Info,3597,9,06,2019,14,45,17,05,2,20
Jet Airways,6/06/2019,Delhi,Cochin,DEL → BOM → COK,14:00,04:25,14:25,1,No Info,14714,6,06,2019,14,00,04,25,14,25
SpiceJet,9/03/2019,Kolkata,Banglore,CCU → BLR,17:15,19:45,2:30,0,No Info,4622,9,03,2019,17,15,19,45,2,30
Jet Airways,1/05/2019,Delhi,Cochin,DEL → JAI → BOM → COK,05:30,04:25,22:55,2,No Info,15129,1,05,2019,05,30,04,25,22,55
IndiGo,15/06/2019,Chennai,Kolkata,MAA → CCU,22:05,00:25,2:20,0,No Info,5277,15,06,2019,22,05,00,25,2,20
Multiple carriers,27/03/2019,Delhi,Cochin,DEL → BOM → COK,09:00,18:50,9:50,1,No Info,11667,27,03,2019,09,00,18,50,9,50
Jet Airways,9/06/2019,Kolkata,Banglore,CCU → DEL → BLR,17:00,19:10,26:10,1,In-flight meal not included,10539,9,06,2019,17,00,19,10,26,10
Jet Airways,9/05/2019,Kolkata,Banglore,CCU → DEL → BLR,20:25,14:25,18h,1,No Info,11467,9,05,2019,20,25,14,25,18h,
Air India,12/06/2019,Delhi,Cochin,DEL → MAA → COK,17:20,09:25,16:5,1,No Info,7480,12,06,2019,17,20,09,25,16,5
GoAir,24/04/2019,Banglore,Delhi,BLR → DEL,20:55,23:40,2:45,0,No Info,3419,24,04,2019,20,55,23,40,2,45
IndiGo,27/06/2019,Delhi,Cochin,DEL → BOM → COK,10:35,01:30,14:55,1,No Info,5684,27,06,2019,10,35,01,30,14,55
IndiGo,12/06/2019,Kolkata,Banglore,CCU → NAG → BLR,18:05,23:30,5:25,1,No Info,6218,12,06,2019,18,05,23,30,5,25
Jet Airways,12/06/2019,Kolkata,Banglore,CCU → BOM → BLR,20:00,04:40,8:40,1,In-flight meal not included,6959,12,06,2019,20,00,04,40,8,40
Vistara,12/06/2019,Banglore,Delhi,BLR → DEL,19:30,22:15,2:45,0,No Info,4878,12,06,2019,19,30,22,15,2,45
Air India,1/04/2019,Kolkata,Banglore,CCU → DEL → AMD → BLR,07:00,05:25,22:25,2,No Info,12219,1,04,2019,07,00,05,25,22,25
Jet Airways,21/05/2019,Kolkata,Banglore,CCU → DEL → BLR,20:25,09:45,13:20,1,In-flight meal not included,12384,21,05,2019,20,25,09,45,13,20
Jet Airways,15/06/2019,Delhi,Cochin,DEL → COK,11:00,14:15,3:15,0,In-flight meal not included,7202,15,06,2019,11,00,14,15,3,15
SpiceJet,1/06/2019,Kolkata,Banglore,CCU → BLR,17:10,19:40,2:30,0,No Info,4174,1,06,2019,17,10,19,40,2,30
Air India,12/05/2019,Mumbai,Hyderabad,BOM → HYD,15:00,16:25,1:25,0,No Info,3100,12,05,2019,15,00,16,25,1,25
Jet Airways,21/03/2019,Banglore,New Delhi,BLR → BOM → DEL,08:55,15:15,6:20,1,In-flight meal not included,7832,21,03,2019,08,55,15,15,6,20
Multiple carriers,9/06/2019,Delhi,Cochin,DEL → HYD → COK,14:55,22:30,7:35,1,No Info,6723,9,06,2019,14,55,22,30,7,35
Air India,6/06/2019,Kolkata,Banglore,CCU → JAI → BOM → BLR,08:20,07:55,23:35,2,No Info,10697,6,06,2019,08,20,07,55,23,35
SpiceJet,1/06/2019,Kolkata,Banglore,CCU → BLR,22:20,00:40,2:20,0,No check-in baggage included,3841,1,06,2019,22,20,00,40,2,20
Air India,1/04/2019,Kolkata,Banglore,CCU → GAU → DEL → BLR,16:45,12:00,19:15,2,No Info,9920,1,04,2019,16,45,12,00,19,15
IndiGo,01/03/2019,Banglore,New Delhi,BLR → DEL,18:25,21:20,2:55,0,No Info,12649,01,03,2019,18,25,21,20,2,55
IndiGo,6/06/2019,Delhi,Cochin,DEL → BOM → COK,11:25,21:00,9:35,1,No Info,6093,6,06,2019,11,25,21,00,9,35
Jet Airways,27/05/2019,Delhi,Cochin,DEL → JAI → BOM → COK,05:30,04:25,22:55,2,No Info,15129,27,05,2019,05,30,04,25,22,55
Jet Airways,27/04/2019,Banglore,Delhi,BLR → DEL,17:45,20:45,3h,0,In-flight meal not included,4544,27,04,2019,17,45,20,45,3h,
Air India,27/03/2019,Kolkata,Banglore,CCU → BLR,14:15,16:45,2:30,0,No Info,5170,27,03,2019,14,15,16,45,2,30
IndiGo,9/06/2019,Mumbai,Hyderabad,BOM → HYD,02:35,04:05,1:30,0,No Info,2754,9,06,2019,02,35,04,05,1,30
Air India,12/06/2019,Mumbai,Hyderabad,BOM → HYD,13:55,15:25,1:30,0,No Info,3100,12,06,2019,13,55,15,25,1,30
Air India,1/04/2019,Kolkata,Banglore,CCU → GAU → DEL → BLR,16:45,23:15,30:30,2,No Info,9237,1,04,2019,16,45,23,15,30,30
Multiple carriers,15/06/2019,Delhi,Cochin,DEL → BOM → COK,13:00,01:30,12:30,1,No Info,7198,15,06,2019,13,00,01,30,12,30
Jet Airways,1/06/2019,Delhi,Cochin,DEL → BOM → COK,11:30,12:35,25:5,1,In-flight meal not included,10262,1,06,2019,11,30,12,35,25,5
SpiceJet,27/03/2019,Delhi,Cochin,DEL → MAA → COK,15:55,21:55,6h,1,No Info,5111,27,03,2019,15,55,21,55,6h,
Air India,27/06/2019,Delhi,Cochin,DEL → GOI → BOM → COK,22:00,19:15,21:15,2,No Info,10441,27,06,2019,22,00,19,15,21,15
Multiple carriers,1/06/2019,Delhi,Cochin,DEL → BOM → COK,08:45,19:15,10:30,1,No Info,10261,1,06,2019,08,45,19,15,10,30
IndiGo,9/03/2019,Chennai,Kolkata,MAA → CCU,19:35,21:55,2:20,0,No Info,6297,9,03,2019,19,35,21,55,2,20
Multiple carriers,15/06/2019,Delhi,Cochin,DEL → BOM → COK,03:50,19:00,15:10,1,No Info,12192,15,06,2019,03,50,19,00,15,10
IndiGo,15/06/2019,Banglore,Delhi,BLR → DEL,10:10,13:00,2:50,0,No Info,3943,15,06,2019,10,10,13,00,2,50
Jet Airways,27/05/2019,Delhi,Cochin,DEL → BHO → BOM → COK,05:30,12:35,7:5,2,No Info,16274,27,05,2019,05,30,12,35,7,5
Jet Airways,21/05/2019,Delhi,Cochin,DEL → BOM → COK,07:05,12:35,5:30,1,In-flight meal not included,12898,21,05,2019,07,05,12,35,5,30
SpiceJet,15/05/2019,Banglore,Delhi,BLR → DEL,05:55,08:35,2:40,0,No Info,3311,15,05,2019,05,55,08,35,2,40
Multiple carriers,21/05/2019,Delhi,Cochin,DEL → BOM → COK,04:55,12:35,7:40,1,No Info,9103,21,05,2019,04,55,12,35,7,40
IndiGo,15/03/2019,Kolkata,Banglore,CCU → BLR,22:10,00:55,2:45,0,No Info,4148,15,03,2019,22,10,00,55,2,45
IndiGo,9/06/2019,Kolkata,Banglore,CCU → BLR,15:30,18:05,2:35,0,No Info,5224,9,06,2019,15,30,18,05,2,35
IndiGo,9/05/2019,Kolkata,Banglore,CCU → BLR,04:40,07:15,2:35,0,No Info,4804,9,05,2019,04,40,07,15,2,35
IndiGo,6/06/2019,Chennai,Kolkata,MAA → CCU,19:35,21:55,2:20,0,No Info,3597,6,06,2019,19,35,21,55,2,20
IndiGo,27/06/2019,Kolkata,Banglore,CCU → BLR,11:30,14:05,2:35,0,No Info,4804,27,06,2019,11,30,14,05,2,35
Jet Airways,6/05/2019,Mumbai,Hyderabad,BOM → HYD,10:20,11:50,1:30,0,In-flight meal not included,4995,6,05,2019,10,20,11,50,1,30
SpiceJet,9/04/2019,Kolkata,Banglore,CCU → BLR,09:00,11:25,2:25,0,No Info,3873,9,04,2019,09,00,11,25,2,25
Jet Airways,1/06/2019,Delhi,Cochin,DEL → BOM → COK,15:00,04:25,13:25,1,In-flight meal not included,10262,1,06,2019,15,00,04,25,13,25
Jet Airways,18/06/2019,Mumbai,Hyderabad,BOM → HYD,19:35,21:05,1:30,0,In-flight meal not included,3210,18,06,2019,19,35,21,05,1,30
GoAir,9/06/2019,Delhi,Cochin,DEL → HYD → COK,07:30,13:35,6:5,1,No Info,6276,9,06,2019,07,30,13,35,6,5
Jet Airways,09/03/2019,Banglore,New Delhi,BLR → BOM → DEL,21:25,08:15,10:50,1,In-flight meal not included,9134,09,03,2019,21,25,08,15,10,50
Jet Airways,12/03/2019,Banglore,New Delhi,BLR → BOM → DEL,18:55,13:15,18:20,1,In-flight meal not included,11087,12,03,2019,18,55,13,15,18,20
Jet Airways,1/05/2019,Kolkata,Banglore,CCU → BOM → BLR,14:05,04:40,14:35,1,No Info,13941,1,05,2019,14,05,04,40,14,35
Air India,3/06/2019,Delhi,Cochin,DEL → COK,05:10,08:00,2:50,0,No Info,5201,3,06,2019,05,10,08,00,2,50
IndiGo,24/04/2019,Delhi,Cochin,DEL → HYD → COK,05:05,16:10,11:5,1,No Info,6171,24,04,2019,05,05,16,10,11,5
Air Asia,1/03/2019,Kolkata,Banglore,CCU → BLR,19:35,22:05,2:30,0,No Info,5964,1,03,2019,19,35,22,05,2,30
Jet Airways,27/05/2019,Delhi,Cochin,DEL → AMD → BOM → COK,19:10,19:00,23:50,2,No Info,15129,27,05,2019,19,10,19,00,23,50
Jet Airways,18/05/2019,Delhi,Cochin,DEL → JAI → BOM → COK,09:40,12:35,26:55,2,In-flight meal not included,13029,18,05,2019,09,40,12,35,26,55
Jet Airways,27/05/2019,Banglore,Delhi,BLR → DEL,08:20,11:20,3h,0,In-flight meal not included,4030,27,05,2019,08,20,11,20,3h,
GoAir,18/05/2019,Kolkata,Banglore,CCU → AMD → BLR,16:40,00:15,7:35,1,No Info,10586,18,05,2019,16,40,00,15,7,35
Air India,6/03/2019,Mumbai,Hyderabad,BOM → JAI → DEL → HYD,11:35,19:25,31:50,2,No Info,17926,6,03,2019,11,35,19,25,31,50
Jet Airways,6/06/2019,Delhi,Cochin,DEL → COK,11:00,14:15,3:15,0,No Info,9564,6,06,2019,11,00,14,15,3,15
Jet Airways,15/05/2019,Kolkata,Banglore,CCU → GAU → BLR,10:20,17:35,7:15,1,No Info,8355,15,05,2019,10,20,17,35,7,15
Multiple carriers,6/06/2019,Delhi,Cochin,DEL → BOM → COK,10:20,01:30,15:10,1,No Info,6795,6,06,2019,10,20,01,30,15,10
Air India,15/05/2019,Delhi,Cochin,DEL → BLR → COK,13:30,08:15,18:45,1,No Info,10671,15,05,2019,13,30,08,15,18,45
Air India,27/03/2019,Delhi,Cochin,DEL → UDR → BOM → COK,13:20,07:40,18:20,2,No Info,10178,27,03,2019,13,20,07,40,18,20
Vistara,12/06/2019,Kolkata,Banglore,CCU → DEL → BLR,07:10,09:05,25:55,1,No Info,7927,12,06,2019,07,10,09,05,25,55
Air India,18/05/2019,Mumbai,Hyderabad,BOM → HYD,13:55,15:25,1:30,0,No Info,3100,18,05,2019,13,55,15,25,1,30
Air India,6/03/2019,Delhi,Cochin,DEL → AMD → BOM → COK,19:45,19:15,23:30,2,No Info,12646,6,03,2019,19,45,19,15,23,30
IndiGo,6/03/2019,Delhi,Cochin,DEL → BLR → COK,05:05,10:05,5h,1,No Info,7894,6,03,2019,05,05,10,05,5h,
IndiGo,24/06/2019,Banglore,Delhi,BLR → DEL,01:30,04:15,2:45,0,No Info,3943,24,06,2019,01,30,04,15,2,45
Multiple carriers,9/05/2019,Delhi,Cochin,DEL → BOM → COK,11:25,19:15,7:50,1,No Info,7575,9,05,2019,11,25,19,15,7,50
Jet Airways,6/03/2019,Delhi,Cochin,DEL → IDR → BOM → COK,05:25,19:45,38:20,2,No Info,16914,6,03,2019,05,25,19,45,38,20
Vistara,24/06/2019,Delhi,Cochin,DEL → COK,14:40,17:50,3:10,0,No Info,6216,24,06,2019,14,40,17,50,3,10
IndiGo,21/05/2019,Delhi,Cochin,DEL → BLR → COK,17:05,22:15,5:10,1,No Info,6147,21,05,2019,17,05,22,15,5,10
IndiGo,15/05/2019,Delhi,Cochin,DEL → BOM → COK,17:30,01:30,8h,1,No Info,6979,15,05,2019,17,30,01,30,8h,
Air India,27/05/2019,Delhi,Cochin,DEL → COK,18:05,21:10,3:5,0,No Info,6094,27,05,2019,18,05,21,10,3,5
Jet Airways,27/03/2019,Delhi,Cochin,DEL → BOM → COK,20:50,04:25,7:35,1,No Info,12242,27,03,2019,20,50,04,25,7,35
Air India,12/06/2019,Kolkata,Banglore,CCU → BBI → BOM → BLR,12:00,21:50,9:50,2,No Info,9416,12,06,2019,12,00,21,50,9,50
Air India,21/03/2019,Delhi,Cochin,DEL → HYD → MAA → COK,13:15,09:25,20:10,2,No Info,7107,21,03,2019,13,15,09,25,20,10
Jet Airways,9/06/2019,Delhi,Cochin,DEL → IDR → BOM → COK,21:25,19:00,21:35,2,No Info,13292,9,06,2019,21,25,19,00,21,35
IndiGo,3/03/2019,Chennai,Kolkata,MAA → CCU,07:55,10:15,2:20,0,No Info,7295,3,03,2019,07,55,10,15,2,20
IndiGo,18/04/2019,Banglore,Delhi,BLR → DEL,00:30,03:25,2:55,0,No Info,4423,18,04,2019,00,30,03,25,2,55
IndiGo,24/03/2019,Banglore,New Delhi,BLR → DEL,23:30,02:20,2:50,0,No Info,5694,24,03,2019,23,30,02,20,2,50
Jet Airways,24/03/2019,Banglore,New Delhi,BLR → BOM → DEL,05:45,10:25,4:40,1,In-flight meal not included,8147,24,03,2019,05,45,10,25,4,40
Multiple carriers,27/05/2019,Delhi,Cochin,DEL → BOM → COK,13:00,01:30,12:30,1,No Info,13377,27,05,2019,13,00,01,30,12,30
Jet Airways,06/03/2019,Banglore,New Delhi,BLR → BOM → DEL,14:05,00:45,10:40,1,In-flight meal not included,13502,06,03,2019,14,05,00,45,10,40
Jet Airways,9/03/2019,Delhi,Cochin,DEL → BHO → BOM → COK,05:40,04:25,22:45,2,In-flight meal not included,13764,9,03,2019,05,40,04,25,22,45
Jet Airways,6/06/2019,Kolkata,Banglore,CCU → DEL → BLR,17:00,09:45,16:45,1,No Info,12692,6,06,2019,17,00,09,45,16,45
IndiGo,18/05/2019,Kolkata,Banglore,CCU → BLR,17:15,19:50,2:35,0,No Info,4804,18,05,2019,17,15,19,50,2,35
Jet Airways,1/04/2019,Kolkata,Banglore,CCU → BOM → BLR,08:25,09:20,24:55,1,In-flight meal not included,7064,1,04,2019,08,25,09,20,24,55
Jet Airways,24/06/2019,Delhi,Cochin,DEL → BOM → COK,07:05,12:35,5:30,1,No Info,14924,24,06,2019,07,05,12,35,5,30
IndiGo,1/03/2019,Kolkata,Banglore,CCU → BLR,15:20,17:55,2:35,0,No Info,6565,1,03,2019,15,20,17,55,2,35
Air India,18/05/2019,Delhi,Cochin,DEL → AMD → BOM → COK,16:40,19:15,26:35,2,No Info,9863,18,05,2019,16,40,19,15,26,35
IndiGo,6/03/2019,Delhi,Cochin,DEL → BOM → COK,16:00,21:00,5h,1,No Info,7725,6,03,2019,16,00,21,00,5h,
Air India,15/05/2019,Delhi,Cochin,DEL → GOI → BOM → COK,22:00,19:15,21:15,2,No Info,11281,15,05,2019,22,00,19,15,21,15
Jet Airways,21/05/2019,Mumbai,Hyderabad,BOM → HYD,19:35,21:05,1:30,0,In-flight meal not included,3210,21,05,2019,19,35,21,05,1,30
Air India,1/05/2019,Kolkata,Banglore,CCU → HYD → BLR,19:00,04:40,9:40,1,No Info,6117,1,05,2019,19,00,04,40,9,40
Jet Airways,24/06/2019,Delhi,Cochin,DEL → BOM → COK,16:00,04:25,12:25,1,In-flight meal not included,10262,24,06,2019,16,00,04,25,12,25
IndiGo,1/04/2019,Banglore,Delhi,BLR → DEL,04:00,06:50,2:50,0,No Info,3943,1,04,2019,04,00,06,50,2,50
Jet Airways,12/06/2019,Kolkata,Banglore,CCU → BOM → BLR,18:55,04:40,9:45,1,No Info,12576,12,06,2019,18,55,04,40,9,45
Air Asia,21/04/2019,Delhi,Cochin,DEL → BLR → COK,07:55,13:25,5:30,1,No Info,7452,21,04,2019,07,55,13,25,5,30
Jet Airways,1/05/2019,Kolkata,Banglore,CCU → BOM → BLR,06:30,16:20,9:50,1,No Info,14781,1,05,2019,06,30,16,20,9,50
Air India,12/06/2019,Kolkata,Banglore,CCU → BBI → BLR,09:10,13:15,4:5,1,No Info,8996,12,06,2019,09,10,13,15,4,5
Air India,6/03/2019,Delhi,Cochin,DEL → BLR → COK,13:30,08:15,18:45,1,No Info,11563,6,03,2019,13,30,08,15,18,45
IndiGo,09/03/2019,Banglore,New Delhi,BLR → DEL,04:00,06:50,2:50,0,No Info,4777,09,03,2019,04,00,06,50,2,50
IndiGo,9/04/2019,Kolkata,Banglore,CCU → BLR,15:30,18:05,2:35,0,No Info,4174,9,04,2019,15,30,18,05,2,35
SpiceJet,6/06/2019,Kolkata,Banglore,CCU → BLR,17:10,19:40,2:30,0,No check-in baggage included,3841,6,06,2019,17,10,19,40,2,30
Jet Airways,24/06/2019,Delhi,Cochin,DEL → ATQ → BOM → COK,18:20,04:25,10:5,2,No Info,13775,24,06,2019,18,20,04,25,10,5
Air India,27/03/2019,Delhi,Cochin,DEL → MAA → COK,17:20,09:25,16:5,1,No Info,5117,27,03,2019,17,20,09,25,16,5
Jet Airways,15/06/2019,Mumbai,Hyderabad,BOM → HYD,19:35,21:05,1:30,0,No Info,5678,15,06,2019,19,35,21,05,1,30
Jet Airways,1/04/2019,Delhi,Cochin,DEL → BOM → COK,14:00,19:00,5h,1,In-flight meal not included,5177,1,04,2019,14,00,19,00,5h,
SpiceJet,9/05/2019,Delhi,Cochin,DEL → BLR → COK,17:55,22:50,4:55,1,No Info,5975,9,05,2019,17,55,22,50,4,55
IndiGo,03/03/2019,Banglore,New Delhi,BLR → DEL,00:40,03:25,2:45,0,No Info,6860,03,03,2019,00,40,03,25,2,45
IndiGo,18/05/2019,Kolkata,Banglore,CCU → BLR,09:35,12:20,2:45,0,No Info,4804,18,05,2019,09,35,12,20,2,45
Multiple carriers,27/06/2019,Delhi,Cochin,DEL → BOM → COK,11:30,01:30,14h,1,No Info,13377,27,06,2019,11,30,01,30,14h,
Air India,21/05/2019,Delhi,Cochin,DEL → BOM → COK,10:00,19:15,9:15,1,No Info,8372,21,05,2019,10,00,19,15,9,15
Multiple carriers,1/06/2019,Delhi,Cochin,DEL → BOM → COK,09:00,21:00,12h,1,No Info,7933,1,06,2019,09,00,21,00,12h,
IndiGo,15/05/2019,Mumbai,Hyderabad,BOM → HYD,06:25,07:55,1:30,0,No Info,4049,15,05,2019,06,25,07,55,1,30
Air India,03/03/2019,Banglore,New Delhi,BLR → DEL,10:00,12:45,2:45,0,No Info,11423,03,03,2019,10,00,12,45,2,45
Jet Airways,15/05/2019,Kolkata,Banglore,CCU → BOM → BLR,18:55,16:20,21:25,1,In-flight meal not included,10844,15,05,2019,18,55,16,20,21,25
Jet Airways,21/03/2019,Delhi,Cochin,DEL → JAI → BOM → COK,09:40,04:25,42:45,2,No Info,12819,21,03,2019,09,40,04,25,42,45
SpiceJet,18/04/2019,Banglore,Delhi,BLR → DEL,21:10,00:05,2:55,0,No Info,5621,18,04,2019,21,10,00,05,2,55
Air India,9/05/2019,Banglore,Delhi,BLR → DEL,17:00,19:45,2:45,0,No Info,5228,9,05,2019,17,00,19,45,2,45
Jet Airways,27/03/2019,Delhi,Cochin,DEL → IDR → BOM → COK,05:25,19:45,38:20,2,In-flight meal not included,9254,27,03,2019,05,25,19,45,38,20
IndiGo,1/05/2019,Mumbai,Hyderabad,BOM → HYD,06:25,07:55,1:30,0,No Info,4392,1,05,2019,06,25,07,55,1,30
Jet Airways,21/03/2019,Mumbai,Hyderabad,BOM → HYD,10:20,11:50,1:30,0,No Info,8040,21,03,2019,10,20,11,50,1,30
Air Asia,27/04/2019,Banglore,Delhi,BLR → DEL,11:10,13:55,2:45,0,No Info,4483,27,04,2019,11,10,13,55,2,45
Air India,3/03/2019,Delhi,Cochin,DEL → HYD → MAA → COK,09:45,09:25,23:40,2,No Info,12760,3,03,2019,09,45,09,25,23,40
Jet Airways,15/05/2019,Banglore,Delhi,BLR → DEL,15:15,18:10,2:55,0,No Info,7229,15,05,2019,15,15,18,10,2,55
Vistara,24/04/2019,Banglore,Delhi,BLR → DEL,07:00,09:40,2:40,0,No Info,5403,24,04,2019,07,00,09,40,2,40
Air India,21/03/2019,Delhi,Cochin,DEL → BOM → COK,07:00,19:15,12:15,1,No Info,7934,21,03,2019,07,00,19,15,12,15
GoAir,15/05/2019,Kolkata,Banglore,CCU → BOM → BLR,23:30,07:45,8:15,1,No Info,6945,15,05,2019,23,30,07,45,8,15
SpiceJet,6/04/2019,Banglore,Delhi,BLR → DEL,09:30,12:20,2:50,0,No Info,4423,6,04,2019,09,30,12,20,2,50
Jet Airways,15/03/2019,Mumbai,Hyderabad,BOM → HYD,07:10,08:35,1:25,0,No Info,8040,15,03,2019,07,10,08,35,1,25
Jet Airways,9/05/2019,Delhi,Cochin,DEL → BOM → COK,08:00,19:00,11h,1,In-flight meal not included,11399,9,05,2019,08,00,19,00,11h,
Jet Airways,21/04/2019,Delhi,Cochin,DEL → COK,11:00,14:15,3:15,0,In-flight meal not included,7202,21,04,2019,11,00,14,15,3,15
Multiple carriers,9/05/2019,Delhi,Cochin,DEL → BOM → COK,11:30,21:00,9:30,1,No Info,13727,9,05,2019,11,30,21,00,9,30
SpiceJet,24/06/2019,Delhi,Cochin,DEL → BLR → COK,17:55,22:50,4:55,1,No Info,4957,24,06,2019,17,55,22,50,4,55
Jet Airways,3/06/2019,Delhi,Cochin,DEL → BOM → COK,13:00,19:00,6h,1,In-flight meal not included,10262,3,06,2019,13,00,19,00,6h,
SpiceJet,3/04/2019,Mumbai,Hyderabad,BOM → HYD,05:45,07:15,1:30,0,No Info,2017,3,04,2019,05,45,07,15,1,30
Jet Airways,27/03/2019,Delhi,Cochin,DEL → BOM → COK,18:15,04:25,10:10,1,No Info,12242,27,03,2019,18,15,04,25,10,10
Jet Airways,1/03/2019,Mumbai,Hyderabad,BOM → HYD,10:20,11:50,1:30,0,No Info,10875,1,03,2019,10,20,11,50,1,30
Jet Airways,9/06/2019,Kolkata,Banglore,CCU → BOM → BLR,14:05,20:45,6:40,1,In-flight meal not included,10844,9,06,2019,14,05,20,45,6,40
Air Asia,3/06/2019,Kolkata,Banglore,CCU → BLR,10:20,12:55,2:35,0,No Info,4409,3,06,2019,10,20,12,55,2,35
Air India,21/03/2019,Banglore,New Delhi,BLR → COK → DEL,06:55,23:20,16:25,1,No Info,6987,21,03,2019,06,55,23,20,16,25
Jet Airways,27/03/2019,Delhi,Cochin,DEL → BHO → BOM → COK,05:40,04:25,22:45,2,No Info,12074,27,03,2019,05,40,04,25,22,45
Multiple carriers,6/06/2019,Delhi,Cochin,DEL → BOM → COK,11:25,19:15,7:50,1,No Info,7354,6,06,2019,11,25,19,15,7,50
Air India,3/06/2019,Delhi,Cochin,DEL → CCU → BOM → COK,16:55,19:15,26:20,2,No Info,13381,3,06,2019,16,55,19,15,26,20
Air India,15/06/2019,Delhi,Cochin,DEL → COK,05:10,08:00,2:50,0,No Info,5201,15,06,2019,05,10,08,00,2,50
Jet Airways,1/05/2019,Kolkata,Banglore,CCU → BOM → BLR,16:30,12:00,19:30,1,In-flight meal not included,9663,1,05,2019,16,30,12,00,19,30
Air India,9/05/2019,Delhi,Cochin,DEL → COK,18:05,21:10,3:5,0,No Info,6094,9,05,2019,18,05,21,10,3,5
Jet Airways,12/05/2019,Delhi,Cochin,DEL → COK,11:00,14:15,3:15,0,In-flight meal not included,7202,12,05,2019,11,00,14,15,3,15
Vistara,6/06/2019,Chennai,Kolkata,MAA → CCU,17:45,20:05,2:20,0,No Info,11982,6,06,2019,17,45,20,05,2,20
Jet Airways,21/03/2019,Banglore,New Delhi,BLR → BOM → DEL,07:00,16:10,9:10,1,In-flight meal not included,7832,21,03,2019,07,00,16,10,9,10
Air India,9/03/2019,Chennai,Kolkata,MAA → CCU,11:40,13:55,2:15,0,No Info,7817,9,03,2019,11,40,13,55,2,15
Jet Airways,18/05/2019,Delhi,Cochin,DEL → BOM → COK,13:00,19:00,6h,1,In-flight meal not included,12373,18,05,2019,13,00,19,00,6h,
Jet Airways,18/05/2019,Kolkata,Banglore,CCU → BOM → BLR,08:25,18:15,9:50,1,In-flight meal not included,10844,18,05,2019,08,25,18,15,9,50
Jet Airways,9/06/2019,Delhi,Cochin,DEL → NAG → BOM → COK,06:45,12:35,29:50,2,No Info,13376,9,06,2019,06,45,12,35,29,50
Multiple carriers,27/06/2019,Delhi,Cochin,DEL → HYD → COK,09:45,16:10,6:25,1,No Info,9646,27,06,2019,09,45,16,10,6,25
SpiceJet,6/06/2019,Kolkata,Banglore,CCU → BLR,22:20,00:40,2:20,0,No check-in baggage included,3841,6,06,2019,22,20,00,40,2,20
SpiceJet,21/03/2019,Delhi,Cochin,DEL → BLR → COK,16:35,22:50,6:15,1,No Info,4957,21,03,2019,16,35,22,50,6,15
IndiGo,9/03/2019,Kolkata,Banglore,CCU → BLR,21:25,00:05,2:40,0,No Info,4148,9,03,2019,21,25,00,05,2,40
Jet Airways,01/03/2019,Banglore,New Delhi,BLR → BOM → DEL,22:50,05:05,6:15,1,No Info,26890,01,03,2019,22,50,05,05,6,15
Jet Airways,27/03/2019,Delhi,Cochin,DEL → AMD → BOM → COK,19:10,19:45,24:35,2,In-flight meal not included,8834,27,03,2019,19,10,19,45,24,35
IndiGo,24/04/2019,Delhi,Cochin,DEL → BLR → COK,02:00,07:45,5:45,1,No Info,5241,24,04,2019,02,00,07,45,5,45
Jet Airways,27/05/2019,Delhi,Cochin,DEL → COK,11:00,14:15,3:15,0,In-flight meal not included,7989,27,05,2019,11,00,14,15,3,15
IndiGo,12/06/2019,Delhi,Cochin,DEL → BOM → COK,10:35,01:30,14:55,1,No Info,5883,12,06,2019,10,35,01,30,14,55
Air Asia,18/05/2019,Kolkata,Banglore,CCU → BBI → BLR,06:50,10:30,3:40,1,No Info,6857,18,05,2019,06,50,10,30,3,40
SpiceJet,15/03/2019,Banglore,New Delhi,BLR → HYD → DEL,15:35,23:40,8:5,1,No Info,5822,15,03,2019,15,35,23,40,8,5
Jet Airways,9/06/2019,Delhi,Cochin,DEL → BOM → COK,15:00,04:25,13:25,1,In-flight meal not included,10262,9,06,2019,15,00,04,25,13,25
Jet Airways,12/06/2019,Mumbai,Hyderabad,BOM → HYD,07:05,08:30,1:25,0,In-flight meal not included,4995,12,06,2019,07,05,08,30,1,25
SpiceJet,21/04/2019,Banglore,Delhi,BLR → DEL,09:30,12:20,2:50,0,No Info,4991,21,04,2019,09,30,12,20,2,50
Jet Airways,06/03/2019,Banglore,New Delhi,BLR → BOM → DEL,05:45,21:20,15:35,1,No Info,16736,06,03,2019,05,45,21,20,15,35
Jet Airways,12/06/2019,Delhi,Cochin,DEL → JDH → BOM → COK,11:40,19:00,7:20,2,No Info,18804,12,06,2019,11,40,19,00,7,20
IndiGo,1/06/2019,Delhi,Cochin,DEL → HYD → COK,08:35,22:30,13:55,1,No Info,6442,1,06,2019,08,35,22,30,13,55
Air India,18/03/2019,Kolkata,Banglore,CCU → BLR,14:15,16:45,2:30,0,No Info,5170,18,03,2019,14,15,16,45,2,30
SpiceJet,18/03/2019,Banglore,New Delhi,BLR → DEL,20:30,23:20,2:50,0,No Info,4377,18,03,2019,20,30,23,20,2,50
Jet Airways,9/06/2019,Delhi,Cochin,DEL → COK,11:00,14:15,3:15,0,No Info,9564,9,06,2019,11,00,14,15,3,15
SpiceJet,27/06/2019,Banglore,Delhi,BLR → DEL,05:55,08:35,2:40,0,No check-in baggage included,3573,27,06,2019,05,55,08,35,2,40
Jet Airways,6/03/2019,Delhi,Cochin,DEL → BOM → COK,17:30,19:45,26:15,1,No Info,17024,6,03,2019,17,30,19,45,26,15
Air Asia,21/05/2019,Banglore,Delhi,BLR → DEL,04:55,07:45,2:50,0,No Info,3383,21,05,2019,04,55,07,45,2,50
Jet Airways,01/03/2019,Banglore,New Delhi,BLR → BOM → DEL,14:05,20:20,6:15,1,No Info,27992,01,03,2019,14,05,20,20,6,15
Jet Airways,12/05/2019,Banglore,Delhi,BLR → DEL,08:20,11:20,3h,0,No Info,7229,12,05,2019,08,20,11,20,3h,
Jet Airways,15/03/2019,Banglore,New Delhi,BLR → BOM → DEL,05:45,10:25,4:40,1,In-flight meal not included,9134,15,03,2019,05,45,10,25,4,40
Air India,21/06/2019,Mumbai,Hyderabad,BOM → HYD,15:00,16:25,1:25,0,No Info,3100,21,06,2019,15,00,16,25,1,25
Multiple carriers,15/05/2019,Delhi,Cochin,DEL → BOM → COK,09:00,21:00,12h,1,No Info,13727,15,05,2019,09,00,21,00,12h,
Vistara,1/04/2019,Kolkata,Banglore,CCU → DEL → BLR,07:10,20:20,13:10,1,No Info,8452,1,04,2019,07,10,20,20,13,10
Jet Airways,3/06/2019,Delhi,Cochin,DEL → BOM → COK,10:00,19:00,9h,1,No Info,14714,3,06,2019,10,00,19,00,9h,
Jet Airways,15/03/2019,Banglore,New Delhi,BLR → MAA → DEL,09:45,15:55,6:10,1,In-flight meal not included,7280,15,03,2019,09,45,15,55,6,10
Air India,6/03/2019,Mumbai,Hyderabad,BOM → GOI → PNQ → HYD,13:30,16:55,3:25,2,No Info,18797,6,03,2019,13,30,16,55,3,25
IndiGo,3/06/2019,Mumbai,Hyderabad,BOM → HYD,12:00,13:30,1:30,0,No Info,2754,3,06,2019,12,00,13,30,1,30
Air Asia,3/06/2019,Kolkata,Banglore,CCU → BLR,22:50,01:20,2:30,0,No Info,4409,3,06,2019,22,50,01,20,2,30
IndiGo,27/04/2019,Delhi,Cochin,DEL → COK,14:20,17:35,3:15,0,No Info,5021,27,04,2019,14,20,17,35,3,15
Jet Airways,9/03/2019,Mumbai,Hyderabad,BOM → HYD,06:30,08:00,1:30,0,No Info,8040,9,03,2019,06,30,08,00,1,30
Air India,15/06/2019,Delhi,Cochin,DEL → BOM → COK,09:00,19:15,10:15,1,No Info,10454,15,06,2019,09,00,19,15,10,15
Multiple carriers,15/05/2019,Delhi,Cochin,DEL → BOM → COK,03:50,12:35,8:45,1,No Info,10197,15,05,2019,03,50,12,35,8,45
Air India,12/05/2019,Banglore,Delhi,BLR → DEL,06:10,08:55,2:45,0,No Info,5228,12,05,2019,06,10,08,55,2,45
Jet Airways,9/06/2019,Delhi,Cochin,DEL → BOM → COK,14:00,19:00,5h,1,No Info,14714,9,06,2019,14,00,19,00,5h,
Air India,15/03/2019,Banglore,New Delhi,BLR → DEL,06:10,08:55,2:45,0,No Info,7276,15,03,2019,06,10,08,55,2,45
IndiGo,27/03/2019,Delhi,Cochin,DEL → BBI → COK,02:35,08:30,5:55,1,No Info,7731,27,03,2019,02,35,08,30,5,55
Air Asia,18/05/2019,Kolkata,Banglore,CCU → BBI → BLR,19:55,23:30,3:35,1,No Info,6857,18,05,2019,19,55,23,30,3,35
Air India,18/06/2019,Banglore,Delhi,BLR → DEL,05:45,08:45,3h,0,No Info,6961,18,06,2019,05,45,08,45,3h,
Jet Airways,21/03/2019,Delhi,Cochin,DEL → BDQ → BOM → COK,10:45,04:25,17:40,2,In-flight meal not included,7791,21,03,2019,10,45,04,25,17,40
IndiGo,21/03/2019,Banglore,New Delhi,BLR → DEL,10:10,13:00,2:50,0,No Info,4777,21,03,2019,10,10,13,00,2,50
Jet Airways,9/03/2019,Delhi,Cochin,DEL → BOM → COK,19:15,04:25,9:10,1,No Info,16289,9,03,2019,19,15,04,25,9,10
Jet Airways,1/04/2019,Kolkata,Banglore,CCU → BOM → BLR,18:55,04:40,9:45,1,No Info,12681,1,04,2019,18,55,04,40,9,45
IndiGo,27/04/2019,Banglore,Delhi,BLR → DEL,18:25,21:20,2:55,0,No Info,4823,27,04,2019,18,25,21,20,2,55
Jet Airways,9/06/2019,Delhi,Cochin,DEL → JAI → BOM → COK,09:40,12:35,26:55,2,No Info,13014,9,06,2019,09,40,12,35,26,55
Jet Airways,6/04/2019,Delhi,Cochin,DEL → BOM → COK,07:05,19:00,11:55,1,In-flight meal not included,5406,6,04,2019,07,05,19,00,11,55
Multiple carriers,15/05/2019,Delhi,Cochin,DEL → BOM → COK,07:30,19:00,11:30,1,No Info,9315,15,05,2019,07,30,19,00,11,30
Air India,9/05/2019,Delhi,Cochin,DEL → MAA → COK,12:30,09:25,20:55,1,No Info,7480,9,05,2019,12,30,09,25,20,55
Jet Airways,18/03/2019,Banglore,New Delhi,BLR → BOM → DEL,14:05,19:10,5:5,1,No Info,14815,18,03,2019,14,05,19,10,5,5
Air India,24/03/2019,Kolkata,Banglore,CCU → DEL → BLR,20:30,16:15,19:45,1,No Info,12173,24,03,2019,20,30,16,15,19,45
Air India,15/03/2019,Banglore,New Delhi,BLR → CCU → BBI → DEL,05:50,23:45,17:55,2,No Info,7664,15,03,2019,05,50,23,45,17,55
Air India,6/06/2019,Delhi,Cochin,DEL → HYD → BOM → COK,17:15,19:15,26h,2,No Info,12777,6,06,2019,17,15,19,15,26h,
Multiple carriers,27/05/2019,Delhi,Cochin,DEL → BOM → COK,07:30,19:15,11:45,1,No Info,8837,27,05,2019,07,30,19,15,11,45
Jet Airways,1/05/2019,Kolkata,Banglore,CCU → BOM → BLR,21:10,10:05,12:55,1,In-flight meal not included,10844,1,05,2019,21,10,10,05,12,55
Jet Airways,24/05/2019,Kolkata,Banglore,CCU → BOM → BLR,06:30,19:50,13:20,1,No Info,14571,24,05,2019,06,30,19,50,13,20
IndiGo,15/06/2019,Delhi,Cochin,DEL → BOM → COK,07:30,21:00,13:30,1,No Info,6093,15,06,2019,07,30,21,00,13,30
IndiGo,6/03/2019,Delhi,Cochin,DEL → HYD → COK,08:35,16:10,7:35,1,No Info,7514,6,03,2019,08,35,16,10,7,35
IndiGo,18/05/2019,Delhi,Cochin,DEL → COK,14:25,17:40,3:15,0,No Info,6015,18,05,2019,14,25,17,40,3,15
Jet Airways,21/05/2019,Delhi,Cochin,DEL → BOM → COK,10:00,04:25,18:25,1,In-flight meal not included,12898,21,05,2019,10,00,04,25,18,25
Air India,1/06/2019,Delhi,Cochin,DEL → BOM → COK,19:00,19:15,24:15,1,No Info,8792,1,06,2019,19,00,19,15,24,15
IndiGo,15/05/2019,Banglore,Delhi,BLR → DEL,08:30,11:20,2:50,0,No Info,4823,15,05,2019,08,30,11,20,2,50
SpiceJet,1/04/2019,Banglore,Delhi,BLR → DEL,05:55,08:35,2:40,0,No check-in baggage included,3919,1,04,2019,05,55,08,35,2,40
IndiGo,1/05/2019,Chennai,Kolkata,MAA → CCU,13:15,15:35,2:20,0,No Info,3597,1,05,2019,13,15,15,35,2,20
SpiceJet,21/05/2019,Mumbai,Hyderabad,BOM → HYD,05:45,07:15,1:30,0,No Info,2017,21,05,2019,05,45,07,15,1,30
Air Asia,27/06/2019,Banglore,Delhi,BLR → DEL,23:55,02:45,2:50,0,No Info,3383,27,06,2019,23,55,02,45,2,50
SpiceJet,18/06/2019,Mumbai,Hyderabad,BOM → HYD,22:45,00:15,1:30,0,No check-in baggage included,1965,18,06,2019,22,45,00,15,1,30
Jet Airways,24/06/2019,Delhi,Cochin,DEL → BOM → COK,02:15,12:35,10:20,1,In-flight meal not included,10262,24,06,2019,02,15,12,35,10,20
Jet Airways,3/03/2019,Delhi,Cochin,DEL → BOM → COK,16:00,04:25,12:25,1,No Info,17234,3,03,2019,16,00,04,25,12,25
Jet Airways,9/06/2019,Kolkata,Banglore,CCU → BOM → BLR,20:00,04:40,8:40,1,No Info,14178,9,06,2019,20,00,04,40,8,40
IndiGo,3/06/2019,Delhi,Cochin,DEL → MAA → COK,02:00,07:25,5:25,1,No Info,5636,3,06,2019,02,00,07,25,5,25
IndiGo,15/04/2019,Banglore,Delhi,BLR → DEL,18:55,21:50,2:55,0,No Info,4823,15,04,2019,18,55,21,50,2,55
Air India,21/05/2019,Delhi,Cochin,DEL → MAA → COK,12:30,09:25,20:55,1,No Info,7480,21,05,2019,12,30,09,25,20,55
Jet Airways,9/06/2019,Kolkata,Banglore,CCU → BOM → BLR,18:55,16:20,21:25,1,No Info,14571,9,06,2019,18,55,16,20,21,25
IndiGo,1/03/2019,Mumbai,Hyderabad,BOM → HYD,09:10,10:40,1:30,0,No Info,13999,1,03,2019,09,10,10,40,1,30
Jet Airways,18/05/2019,Kolkata,Banglore,CCU → DEL → BLR,20:25,21:05,24:40,1,No Info,14151,18,05,2019,20,25,21,05,24,40
Air India,1/05/2019,Banglore,Delhi,BLR → DEL,21:05,23:55,2:50,0,No Info,6121,1,05,2019,21,05,23,55,2,50
SpiceJet,24/05/2019,Chennai,Kolkata,MAA → CCU,08:20,10:35,2:15,0,No check-in baggage included,3543,24,05,2019,08,20,10,35,2,15
Air India,18/05/2019,Delhi,Cochin,DEL → AMD → BOM → COK,19:45,19:15,23:30,2,No Info,10651,18,05,2019,19,45,19,15,23,30
Jet Airways,21/05/2019,Delhi,Cochin,DEL → AMD → BOM → COK,23:05,04:25,29:20,2,No Info,15129,21,05,2019,23,05,04,25,29,20
IndiGo,24/06/2019,Delhi,Cochin,DEL → MAA → COK,07:15,12:30,5:15,1,No Info,6582,24,06,2019,07,15,12,30,5,15
Jet Airways,27/05/2019,Delhi,Cochin,DEL → BHO → BOM → COK,05:30,12:35,7:5,2,In-flight meal not included,15544,27,05,2019,05,30,12,35,7,5
IndiGo,27/03/2019,Delhi,Cochin,DEL → BOM → COK,18:35,01:35,7h,1,No Info,8574,27,03,2019,18,35,01,35,7h,
IndiGo,9/03/2019,Mumbai,Hyderabad,BOM → HYD,02:30,04:00,1:30,0,No Info,4784,9,03,2019,02,30,04,00,1,30
IndiGo,3/06/2019,Delhi,Cochin,DEL → HYD → COK,05:05,12:10,7:5,1,No Info,6818,3,06,2019,05,05,12,10,7,5
Jet Airways,01/03/2019,Banglore,New Delhi,BLR → BOM → DEL,14:05,09:30,19:25,1,No Info,25735,01,03,2019,14,05,09,30,19,25
Jet Airways,9/04/2019,Delhi,Cochin,DEL → AMD → BOM → COK,13:25,19:00,29:35,2,No Info,9483,9,04,2019,13,25,19,00,29,35
Jet Airways,24/06/2019,Delhi,Cochin,DEL → JAI → BOM → COK,19:30,12:35,17:5,2,In-flight meal not included,10368,24,06,2019,19,30,12,35,17,5
Multiple carriers,15/05/2019,Delhi,Cochin,DEL → BOM → COK,09:00,21:00,12h,1,No Info,8073,15,05,2019,09,00,21,00,12h,
IndiGo,1/03/2019,Kolkata,Banglore,CCU → BLR,22:10,00:55,2:45,0,No Info,4778,1,03,2019,22,10,00,55,2,45
Jet Airways,18/05/2019,Kolkata,Banglore,CCU → BOM → BLR,20:00,04:40,8:40,1,No Info,13941,18,05,2019,20,00,04,40,8,40
Jet Airways,1/05/2019,Kolkata,Banglore,CCU → BOM → BLR,16:30,22:35,6:5,1,In-flight meal not included,10844,1,05,2019,16,30,22,35,6,5
Jet Airways,9/05/2019,Kolkata,Banglore,CCU → BOM → BLR,06:30,19:50,13:20,1,In-flight meal not included,10844,9,05,2019,06,30,19,50,13,20
SpiceJet,24/05/2019,Kolkata,Banglore,CCU → BLR,09:00,11:25,2:25,0,No check-in baggage included,3841,24,05,2019,09,00,11,25,2,25
Jet Airways,15/05/2019,Kolkata,Banglore,CCU → BOM → BLR,06:30,16:20,9:50,1,In-flight meal not included,10844,15,05,2019,06,30,16,20,9,50
Jet Airways,27/03/2019,Delhi,Cochin,DEL → MAA → BOM → COK,05:10,18:50,13:40,2,In-flight meal not included,8728,27,03,2019,05,10,18,50,13,40
Jet Airways,1/05/2019,Kolkata,Banglore,CCU → DEL → BLR,20:25,14:25,18h,1,No Info,11467,1,05,2019,20,25,14,25,18h,
Multiple carriers,6/03/2019,Delhi,Cochin,DEL → BOM → COK,09:00,15:30,6:30,1,No Info,15078,6,03,2019,09,00,15,30,6,30
Multiple carriers,6/06/2019,Delhi,Cochin,DEL → BOM → COK,17:00,01:30,8:30,1,No Info,7198,6,06,2019,17,00,01,30,8,30
Air India,24/06/2019,Delhi,Cochin,DEL → BOM → COK,21:00,07:40,10:40,1,No Info,8372,24,06,2019,21,00,07,40,10,40
Multiple carriers,27/05/2019,Delhi,Cochin,DEL → BOM → COK,16:00,01:30,9:30,1,In-flight meal not included,7308,27,05,2019,16,00,01,30,9,30
SpiceJet,27/03/2019,Delhi,Cochin,DEL → PNQ → COK,08:45,13:15,4:30,1,No check-in baggage included,4414,27,03,2019,08,45,13,15,4,30
IndiGo,18/04/2019,Kolkata,Banglore,CCU → BLR,14:25,16:55,2:30,0,No Info,5224,18,04,2019,14,25,16,55,2,30
Jet Airways,21/03/2019,Banglore,New Delhi,BLR → BOM → DEL,05:45,16:10,10:25,1,In-flight meal not included,7832,21,03,2019,05,45,16,10,10,25
IndiGo,09/03/2019,Banglore,New Delhi,BLR → DEL,01:30,04:15,2:45,0,No Info,6860,09,03,2019,01,30,04,15,2,45
Multiple carriers,6/03/2019,Delhi,Cochin,DEL → BOM → COK,13:00,01:35,12:35,1,In-flight meal not included,15136,6,03,2019,13,00,01,35,12,35
Jet Airways,27/03/2019,Delhi,Cochin,DEL → BOM → COK,16:00,19:45,27:45,1,In-flight meal not included,5963,27,03,2019,16,00,19,45,27,45
Air India,27/03/2019,Delhi,Cochin,DEL → HYD → BOM → COK,21:30,19:15,21:45,2,No Info,8665,27,03,2019,21,30,19,15,21,45
Jet Airways,21/05/2019,Delhi,Cochin,DEL → AMD → BOM → COK,23:05,04:25,29:20,2,No Info,15129,21,05,2019,23,05,04,25,29,20
SpiceJet,18/05/2019,Kolkata,Banglore,CCU → BLR,17:10,19:40,2:30,0,No check-in baggage included,3841,18,05,2019,17,10,19,40,2,30
Multiple carriers,9/06/2019,Delhi,Cochin,DEL → BOM → COK,10:00,01:30,15:30,1,No Info,13377,9,06,2019,10,00,01,30,15,30
Jet Airways,9/03/2019,Delhi,Cochin,DEL → IDR → BOM → COK,05:25,04:25,23h,2,No Info,16914,9,03,2019,05,25,04,25,23h,
Jet Airways,9/06/2019,Delhi,Cochin,DEL → BOM → COK,02:15,19:00,16:45,1,In-flight meal not included,10262,9,06,2019,02,15,19,00,16,45
IndiGo,9/05/2019,Kolkata,Banglore,CCU → MAA → BLR,17:35,22:15,4:40,1,No Info,5386,9,05,2019,17,35,22,15,4,40
Jet Airways,15/05/2019,Kolkata,Banglore,CCU → BOM → BLR,21:10,04:40,7:30,1,No Info,14388,15,05,2019,21,10,04,40,7,30
Jet Airways,27/05/2019,Delhi,Cochin,DEL → JAI → BOM → COK,05:30,19:00,13:30,2,No Info,15129,27,05,2019,05,30,19,00,13,30
IndiGo,15/05/2019,Delhi,Cochin,DEL → HYD → COK,11:55,22:30,10:35,1,No Info,6442,15,05,2019,11,55,22,30,10,35
Jet Airways,3/06/2019,Delhi,Cochin,DEL → JAI → BOM → COK,19:30,12:35,17:5,2,In-flight meal not included,10368,3,06,2019,19,30,12,35,17,5
Jet Airways,21/03/2019,Delhi,Cochin,DEL → BOM → COK,15:00,18:50,27:50,1,No Info,12767,21,03,2019,15,00,18,50,27,50
Jet Airways,6/06/2019,Delhi,Cochin,DEL → BOM → COK,15:00,04:25,13:25,1,In-flight meal not included,10262,6,06,2019,15,00,04,25,13,25
Multiple carriers,12/06/2019,Delhi,Cochin,DEL → BOM → COK,08:00,21:00,13h,1,No Info,7408,12,06,2019,08,00,21,00,13h,
Multiple carriers,27/06/2019,Delhi,Cochin,DEL → BOM → COK,10:00,21:00,11h,1,No Info,13587,27,06,2019,10,00,21,00,11h,
Air India,15/05/2019,Kolkata,Banglore,CCU → BOM → BLR,16:50,07:55,15:5,1,No Info,8891,15,05,2019,16,50,07,55,15,5
IndiGo,6/06/2019,Delhi,Cochin,DEL → BOM → COK,10:35,01:30,14:55,1,No Info,5883,6,06,2019,10,35,01,30,14,55
Jet Airways,27/06/2019,Delhi,Cochin,DEL → BOM → COK,13:00,12:35,23:35,1,In-flight meal not included,10262,27,06,2019,13,00,12,35,23,35
Jet Airways,9/06/2019,Kolkata,Banglore,CCU → BOM → BLR,21:10,20:45,23:35,1,In-flight meal not included,10844,9,06,2019,21,10,20,45,23,35
Jet Airways,9/05/2019,Kolkata,Banglore,CCU → BOM → BLR,06:30,19:50,13:20,1,No Info,14781,9,05,2019,06,30,19,50,13,20
IndiGo,15/03/2019,Chennai,Kolkata,MAA → CCU,14:40,17:05,2:25,0,No Info,6297,15,03,2019,14,40,17,05,2,25
Air Asia,12/05/2019,Kolkata,Banglore,CCU → BLR,22:50,01:20,2:30,0,No Info,4409,12,05,2019,22,50,01,20,2,30
Air India,9/06/2019,Delhi,Cochin,DEL → GOI → BOM → COK,10:55,19:15,8:20,2,No Info,12383,9,06,2019,10,55,19,15,8,20
SpiceJet,3/05/2019,Mumbai,Hyderabad,BOM → HYD,13:15,14:45,1:30,0,No Info,2017,3,05,2019,13,15,14,45,1,30
Air India,6/03/2019,Mumbai,Hyderabad,BOM → DEL → HYD,19:00,09:10,14:10,1,No Info,12308,6,03,2019,19,00,09,10,14,10
SpiceJet,18/03/2019,Chennai,Kolkata,MAA → CCU,17:45,20:05,2:20,0,No Info,3384,18,03,2019,17,45,20,05,2,20
Jet Airways,15/03/2019,Banglore,New Delhi,BLR → BOM → DEL,08:55,16:10,7:15,1,In-flight meal not included,9134,15,03,2019,08,55,16,10,7,15
IndiGo,18/05/2019,Delhi,Cochin,DEL → MAA → COK,02:00,07:25,5:25,1,No Info,7464,18,05,2019,02,00,07,25,5,25
Multiple carriers,27/04/2019,Delhi,Cochin,DEL → HYD → COK,07:10,16:10,9h,1,In-flight meal not included,6093,27,04,2019,07,10,16,10,9h,
Multiple carriers,3/03/2019,Delhi,Cochin,DEL → BOM → COK,04:00,18:50,14:50,1,No Info,15237,3,03,2019,04,00,18,50,14,50
Jet Airways,1/05/2019,Mumbai,Hyderabad,BOM → HYD,07:05,08:30,1:25,0,In-flight meal not included,4995,1,05,2019,07,05,08,30,1,25
Air India,24/05/2019,Delhi,Cochin,DEL → COK,14:10,17:10,3h,0,No Info,6934,24,05,2019,14,10,17,10,3h,
Jet Airways,1/04/2019,Kolkata,Banglore,CCU → BOM → BLR,21:10,10:05,12:55,1,No Info,13784,1,04,2019,21,10,10,05,12,55
Air Asia,15/06/2019,Kolkata,Banglore,CCU → BLR,10:20,12:55,2:35,0,No Info,4409,15,06,2019,10,20,12,55,2,35
Multiple carriers,27/05/2019,Delhi,Cochin,DEL → BOM → COK,13:00,19:15,6:15,1,No Info,15898,27,05,2019,13,00,19,15,6,15
Air India,21/05/2019,Delhi,Cochin,DEL → HYD → BOM → COK,17:15,19:15,26h,2,No Info,11989,21,05,2019,17,15,19,15,26h,
SpiceJet,3/06/2019,Mumbai,Hyderabad,BOM → HYD,13:15,14:45,1:30,0,No Info,2017,3,06,2019,13,15,14,45,1,30
Multiple carriers,1/06/2019,Delhi,Cochin,DEL → BOM → COK,04:55,19:00,14:5,1,No Info,11098,1,06,2019,04,55,19,00,14,5
IndiGo,21/05/2019,Delhi,Cochin,DEL → BOM → COK,17:30,01:30,8h,1,No Info,6794,21,05,2019,17,30,01,30,8h,
Jet Airways,1/05/2019,Kolkata,Banglore,CCU → BOM → BLR,21:10,09:20,12:10,1,In-flight meal not included,10844,1,05,2019,21,10,09,20,12,10
Multiple carriers,9/03/2019,Delhi,Cochin,DEL → IDR → BOM → COK,15:05,01:35,10:30,2,No Info,34608,9,03,2019,15,05,01,35,10,30
Air India,15/05/2019,Delhi,Cochin,DEL → COK,14:10,17:10,3h,0,No Info,6094,15,05,2019,14,10,17,10,3h,
IndiGo,9/05/2019,Kolkata,Banglore,CCU → HYD → BLR,15:15,20:30,5:15,1,No Info,4565,9,05,2019,15,15,20,30,5,15
Air India,27/05/2019,Delhi,Cochin,DEL → RPR → NAG → BOM → COK,05:15,19:15,38h,3,No Info,10493,27,05,2019,05,15,19,15,38h,
Air India,27/06/2019,Delhi,Cochin,DEL → AMD → BOM → COK,19:45,19:15,23:30,2,No Info,9653,27,06,2019,19,45,19,15,23,30
Air India,18/03/2019,Banglore,New Delhi,BLR → BOM → NAG → DEL,06:45,10:35,27:50,2,No Info,12305,18,03,2019,06,45,10,35,27,50
Air India,15/05/2019,Banglore,Delhi,BLR → DEL,10:00,12:45,2:45,0,No Info,6961,15,05,2019,10,00,12,45,2,45
Multiple carriers,15/05/2019,Delhi,Cochin,DEL → BOM → COK,06:00,12:35,6:35,1,No Info,9794,15,05,2019,06,00,12,35,6,35
Multiple carriers,27/05/2019,Delhi,Cochin,DEL → BOM → COK,17:30,01:30,8h,1,No Info,13377,27,05,2019,17,30,01,30,8h,
Jet Airways,27/05/2019,Delhi,Cochin,DEL → BOM → COK,02:15,19:00,16:45,1,In-flight meal not included,12898,27,05,2019,02,15,19,00,16,45
Multiple carriers,27/06/2019,Delhi,Cochin,DEL → BOM → COK,11:25,19:15,7:50,1,No Info,7155,27,06,2019,11,25,19,15,7,50
Multiple carriers,24/06/2019,Delhi,Cochin,DEL → BOM → COK,15:00,01:30,10:30,1,No Info,13377,24,06,2019,15,00,01,30,10,30
Vistara,3/05/2019,Banglore,Delhi,BLR → DEL,11:30,14:20,2:50,0,No Info,4668,3,05,2019,11,30,14,20,2,50
IndiGo,01/03/2019,Banglore,New Delhi,BLR → HYD → DEL,07:30,12:20,4:50,1,No Info,8110,01,03,2019,07,30,12,20,4,50
Jet Airways,6/04/2019,Banglore,Delhi,BLR → DEL,08:20,11:20,3h,0,In-flight meal not included,4544,6,04,2019,08,20,11,20,3h,
Air India,27/06/2019,Delhi,Cochin,DEL → AMD → BOM → COK,16:40,19:15,26:35,2,No Info,9653,27,06,2019,16,40,19,15,26,35
Jet Airways,1/05/2019,Kolkata,Banglore,CCU → BOM → BLR,08:25,18:15,9:50,1,No Info,14781,1,05,2019,08,25,18,15,9,50
Vistara Premium economy,6/04/2019,Banglore,Delhi,BLR → DEL,11:30,14:20,2:50,0,No Info,5969,6,04,2019,11,30,14,20,2,50
SpiceJet,3/04/2019,Mumbai,Hyderabad,BOM → HYD,13:15,14:45,1:30,0,No Info,2017,3,04,2019,13,15,14,45,1,30
Jet Airways,6/06/2019,Kolkata,Banglore,CCU → DEL → BLR,17:00,23:35,6:35,1,No Info,14151,6,06,2019,17,00,23,35,6,35
Jet Airways,9/06/2019,Kolkata,Banglore,CCU → BOM → BLR,16:30,04:40,12:10,1,No Info,13731,9,06,2019,16,30,04,40,12,10
Jet Airways,3/03/2019,Delhi,Cochin,DEL → BOM → COK,09:00,18:50,9:50,1,In-flight meal not included,15400,3,03,2019,09,00,18,50,9,50
Jet Airways,9/05/2019,Kolkata,Banglore,CCU → DEL → BLR,09:35,10:55,25:20,1,In-flight meal not included,8066,9,05,2019,09,35,10,55,25,20
Jet Airways,3/03/2019,Delhi,Cochin,DEL → BHO → BOM → COK,05:40,18:50,37:10,2,No Info,21314,3,03,2019,05,40,18,50,37,10
Air India,01/03/2019,Banglore,New Delhi,BLR → CCU → DEL,11:05,22:45,11:40,1,No Info,14069,01,03,2019,11,05,22,45,11,40
Jet Airways,15/03/2019,Mumbai,Hyderabad,BOM → HYD,15:50,17:20,1:30,0,In-flight meal not included,2470,15,03,2019,15,50,17,20,1,30
IndiGo,24/04/2019,Kolkata,Banglore,CCU → BLR,20:20,22:55,2:35,0,No Info,4804,24,04,2019,20,20,22,55,2,35
Air India,15/03/2019,Banglore,New Delhi,BLR → CCU → DEL,05:50,12:55,7:5,1,No Info,9029,15,03,2019,05,50,12,55,7,5
IndiGo,12/05/2019,Kolkata,Banglore,CCU → BLR,04:40,07:15,2:35,0,No Info,4804,12,05,2019,04,40,07,15,2,35
Jet Airways,9/05/2019,Delhi,Cochin,DEL → AMD → BOM → COK,23:05,19:00,19:55,2,No Info,15129,9,05,2019,23,05,19,00,19,55
IndiGo,24/03/2019,Mumbai,Hyderabad,BOM → HYD,19:05,20:30,1:25,0,No Info,2754,24,03,2019,19,05,20,30,1,25
Jet Airways,1/04/2019,Kolkata,Banglore,CCU → BOM → BLR,21:10,08:15,11:5,1,No Info,13364,1,04,2019,21,10,08,15,11,5
IndiGo,24/03/2019,Kolkata,Banglore,CCU → MAA → BLR,17:35,22:15,4:40,1,No Info,6933,24,03,2019,17,35,22,15,4,40
Jet Airways,18/05/2019,Delhi,Cochin,DEL → AMD → BOM → COK,23:05,12:35,13:30,2,No Info,15129,18,05,2019,23,05,12,35,13,30
Multiple carriers,9/06/2019,Delhi,Cochin,DEL → BOM → COK,11:25,19:00,7:35,1,No Info,11200,9,06,2019,11,25,19,00,7,35
Jet Airways,15/05/2019,Mumbai,Hyderabad,BOM → HYD,02:55,04:20,1:25,0,In-flight meal not included,3210,15,05,2019,02,55,04,20,1,25
Jet Airways,18/06/2019,Mumbai,Hyderabad,BOM → HYD,10:20,11:50,1:30,0,No Info,8040,18,06,2019,10,20,11,50,1,30
Jet Airways,12/06/2019,Delhi,Cochin,DEL → NAG → BOM → COK,14:35,04:25,13:50,2,In-flight meal not included,10919,12,06,2019,14,35,04,25,13,50
IndiGo,27/06/2019,Delhi,Cochin,DEL → HYD → COK,07:35,16:10,8:35,1,No Info,6442,27,06,2019,07,35,16,10,8,35
IndiGo,1/04/2019,Delhi,Cochin,DEL → COK,14:20,17:35,3:15,0,No Info,4729,1,04,2019,14,20,17,35,3,15
IndiGo,6/03/2019,Delhi,Cochin,DEL → HYD → COK,11:55,22:20,10:25,1,No Info,6442,6,03,2019,11,55,22,20,10,25
SpiceJet,12/06/2019,Kolkata,Banglore,CCU → BLR,22:20,00:40,2:20,0,No check-in baggage included,3841,12,06,2019,22,20,00,40,2,20
Air India,3/06/2019,Delhi,Cochin,DEL → AMD → BOM → COK,19:45,19:15,23:30,2,No Info,10441,3,06,2019,19,45,19,15,23,30
Multiple carriers,1/06/2019,Delhi,Cochin,DEL → BOM → COK,10:00,21:00,11h,1,No Info,13587,1,06,2019,10,00,21,00,11h,
Jet Airways,15/05/2019,Kolkata,Banglore,CCU → DEL → BLR,20:25,14:25,18h,1,No Info,11467,15,05,2019,20,25,14,25,18h,
IndiGo,3/03/2019,Chennai,Kolkata,MAA → CCU,13:20,15:35,2:15,0,No Info,7295,3,03,2019,13,20,15,35,2,15
SpiceJet,1/05/2019,Chennai,Kolkata,MAA → CCU,09:45,12:00,2:15,0,No Info,3597,1,05,2019,09,45,12,00,2,15
Multiple carriers,9/05/2019,Delhi,Cochin,DEL → BOM → COK,06:40,19:15,12:35,1,No Info,7787,9,05,2019,06,40,19,15,12,35
IndiGo,6/03/2019,Delhi,Cochin,DEL → BOM → COK,06:40,21:00,14:20,1,No Info,14871,6,03,2019,06,40,21,00,14,20
IndiGo,15/06/2019,Chennai,Kolkata,MAA → CCU,15:40,18:25,2:45,0,No Info,3540,15,06,2019,15,40,18,25,2,45
IndiGo,1/06/2019,Delhi,Cochin,DEL → HYD → COK,06:50,22:30,15:40,1,No Info,6442,1,06,2019,06,50,22,30,15,40
Air Asia,24/06/2019,Banglore,Delhi,BLR → DEL,11:10,13:55,2:45,0,No Info,3383,24,06,2019,11,10,13,55,2,45
Air Asia,18/04/2019,Kolkata,Banglore,CCU → BLR,22:50,01:20,2:30,0,No Info,4409,18,04,2019,22,50,01,20,2,30
IndiGo,9/05/2019,Chennai,Kolkata,MAA → CCU,07:55,10:15,2:20,0,No Info,3850,9,05,2019,07,55,10,15,2,20
Multiple carriers,24/06/2019,Delhi,Cochin,DEL → HYD → COK,13:15,22:30,9:15,1,No Info,8018,24,06,2019,13,15,22,30,9,15
Jet Airways,1/04/2019,Kolkata,Banglore,CCU → DEL → BLR,20:25,15:05,18:40,1,No Info,11467,1,04,2019,20,25,15,05,18,40
Vistara,6/06/2019,Banglore,Delhi,BLR → DEL,11:30,14:20,2:50,0,No Info,4668,6,06,2019,11,30,14,20,2,50
Jet Airways,24/06/2019,Delhi,Cochin,DEL → CCU → BOM → COK,17:35,19:00,25:25,2,No Info,13922,24,06,2019,17,35,19,00,25,25
Air India,6/05/2019,Mumbai,Hyderabad,BOM → HYD,06:20,07:40,1:20,0,No Info,3625,6,05,2019,06,20,07,40,1,20
Air Asia,18/05/2019,Kolkata,Banglore,CCU → BLR,19:55,22:25,2:30,0,No Info,5989,18,05,2019,19,55,22,25,2,30
IndiGo,21/04/2019,Banglore,Delhi,BLR → DEL,04:00,06:50,2:50,0,No Info,4423,21,04,2019,04,00,06,50,2,50
Jet Airways,18/06/2019,Delhi,Cochin,DEL → COK,09:50,13:05,3:15,0,No Info,9564,18,06,2019,09,50,13,05,3,15
Jet Airways,12/06/2019,Kolkata,Banglore,CCU → BOM → BLR,16:30,18:15,25:45,1,In-flight meal not included,8529,12,06,2019,16,30,18,15,25,45
Air India,6/06/2019,Kolkata,Banglore,CCU → BLR,20:45,23:20,2:35,0,No Info,4145,6,06,2019,20,45,23,20,2,35
IndiGo,3/05/2019,Kolkata,Banglore,CCU → BLR,17:15,19:50,2:35,0,No Info,4804,3,05,2019,17,15,19,50,2,35
IndiGo,1/06/2019,Delhi,Cochin,DEL → HYD → COK,14:20,22:30,8:10,1,No Info,6938,1,06,2019,14,20,22,30,8,10
Jet Airways,06/03/2019,Banglore,New Delhi,BLR → BOM → DEL,08:00,07:40,23:40,1,No Info,14815,06,03,2019,08,00,07,40,23,40
Multiple carriers,6/03/2019,Delhi,Cochin,DEL → BOM → COK,07:30,19:15,11:45,1,No Info,15077,6,03,2019,07,30,19,15,11,45
Jet Airways,15/06/2019,Delhi,Cochin,DEL → JAI → BOM → COK,09:40,19:00,9:20,2,No Info,13014,15,06,2019,09,40,19,00,9,20
Air India,9/06/2019,Kolkata,Banglore,CCU → IXR → DEL → BLR,05:50,20:25,14:35,2,No Info,11201,9,06,2019,05,50,20,25,14,35
Jet Airways,6/06/2019,Kolkata,Banglore,CCU → DEL → BLR,20:25,18:00,21:35,1,No Info,12692,6,06,2019,20,25,18,00,21,35
Multiple carriers,1/06/2019,Delhi,Cochin,DEL → HYD → COK,09:45,16:10,6:25,1,No Info,9646,1,06,2019,09,45,16,10,6,25
Jet Airways,24/05/2019,Delhi,Cochin,DEL → BOM → COK,22:50,04:25,5:35,1,No Info,16079,24,05,2019,22,50,04,25,5,35
Air India,15/05/2019,Kolkata,Banglore,CCU → BBI → HYD → BLR,09:10,11:05,25:55,2,No Info,6117,15,05,2019,09,10,11,05,25,55
Multiple carriers,9/06/2019,Delhi,Cochin,DEL → BOM → COK,15:15,01:30,10:15,1,No Info,6795,9,06,2019,15,15,01,30,10,15
Air India,1/06/2019,Mumbai,Hyderabad,BOM → HYD,21:05,22:25,1:20,0,No Info,3100,1,06,2019,21,05,22,25,1,20
Jet Airways,9/05/2019,Delhi,Cochin,DEL → BOM → COK,02:15,12:35,10:20,1,No Info,15851,9,05,2019,02,15,12,35,10,20
Vistara,6/06/2019,Chennai,Kolkata,MAA → CCU,07:05,09:20,2:15,0,No Info,3687,6,06,2019,07,05,09,20,2,15
IndiGo,12/04/2019,Banglore,Delhi,BLR → DEL,16:55,19:55,3h,0,No Info,4990,12,04,2019,16,55,19,55,3h,
Jet Airways,9/05/2019,Delhi,Cochin,DEL → BOM → COK,19:15,19:00,23:45,1,No Info,15554,9,05,2019,19,15,19,00,23,45
Multiple carriers,15/06/2019,Delhi,Cochin,DEL → BOM → COK,06:00,19:15,13:15,1,No Info,9526,15,06,2019,06,00,19,15,13,15
IndiGo,18/05/2019,Delhi,Cochin,DEL → COK,05:35,08:50,3:15,0,No Info,6015,18,05,2019,05,35,08,50,3,15
Air India,1/05/2019,Kolkata,Banglore,CCU → BBI → BOM → BLR,12:00,21:50,9:50,2,No Info,10676,1,05,2019,12,00,21,50,9,50
Jet Airways,27/05/2019,Delhi,Cochin,DEL → BOM → COK,18:15,12:35,18:20,1,In-flight meal not included,12898,27,05,2019,18,15,12,35,18,20
Jet Airways,27/05/2019,Delhi,Cochin,DEL → AMD → BOM → COK,23:05,04:25,29:20,2,No Info,15129,27,05,2019,23,05,04,25,29,20
Multiple carriers,21/03/2019,Delhi,Cochin,DEL → BOM → COK,11:30,19:15,7:45,1,No Info,13378,21,03,2019,11,30,19,15,7,45
SpiceJet,1/06/2019,Kolkata,Banglore,CCU → BLR,09:00,11:25,2:25,0,No Info,4174,1,06,2019,09,00,11,25,2,25
Multiple carriers,21/05/2019,Delhi,Cochin,DEL → BOM → COK,11:25,19:00,7:35,1,No Info,9103,21,05,2019,11,25,19,00,7,35
IndiGo,9/06/2019,Chennai,Kolkata,MAA → CCU,07:55,10:15,2:20,0,No Info,3850,9,06,2019,07,55,10,15,2,20
Vistara,9/06/2019,Delhi,Cochin,DEL → COK,14:40,17:50,3:10,0,No Info,6216,9,06,2019,14,40,17,50,3,10
Vistara,1/04/2019,Kolkata,Banglore,CCU → DEL → BLR,17:00,23:25,6:25,1,No Info,8610,1,04,2019,17,00,23,25,6,25
Jet Airways,6/06/2019,Kolkata,Banglore,CCU → DEL → BLR,17:00,09:45,16:45,1,In-flight meal not included,10539,6,06,2019,17,00,09,45,16,45
IndiGo,9/03/2019,Delhi,Cochin,DEL → HYD → COK,11:55,22:20,10:25,1,No Info,6674,9,03,2019,11,55,22,20,10,25
Multiple carriers,24/06/2019,Delhi,Cochin,DEL → BOM → COK,08:00,21:00,13h,1,No Info,7618,24,06,2019,08,00,21,00,13h,
IndiGo,21/04/2019,Banglore,Delhi,BLR → DEL,00:30,03:25,2:55,0,No Info,3943,21,04,2019,00,30,03,25,2,55
Vistara,24/03/2019,Banglore,New Delhi,BLR → DEL,16:00,18:35,2:35,0,No Info,11913,24,03,2019,16,00,18,35,2,35
IndiGo,09/03/2019,Banglore,New Delhi,BLR → DEL,18:55,21:45,2:50,0,No Info,6860,09,03,2019,18,55,21,45,2,50
Jet Airways,12/06/2019,Delhi,Cochin,DEL → IDR → BOM → COK,05:30,19:00,13:30,2,No Info,13292,12,06,2019,05,30,19,00,13,30
Multiple carriers,6/03/2019,Delhi,Cochin,DEL → BOM → COK,02:15,15:30,13:15,1,No Info,17057,6,03,2019,02,15,15,30,13,15
Jet Airways,27/06/2019,Delhi,Cochin,DEL → JAI → BOM → COK,05:30,19:00,13:30,2,No Info,13014,27,06,2019,05,30,19,00,13,30
Air India,3/03/2019,Delhi,Cochin,DEL → HYD → BOM → COK,07:05,19:15,36:10,2,No Info,11552,3,03,2019,07,05,19,15,36,10
IndiGo,12/03/2019,Chennai,Kolkata,MAA → CCU,11:35,14:00,2:25,0,No Info,6297,12,03,2019,11,35,14,00,2,25
IndiGo,24/03/2019,Chennai,Kolkata,MAA → CCU,11:35,14:00,2:25,0,No Info,4332,24,03,2019,11,35,14,00,2,25
Air India,21/03/2019,Delhi,Cochin,DEL → COK,05:10,08:00,2:50,0,No Info,5674,21,03,2019,05,10,08,00,2,50
Multiple carriers,21/05/2019,Delhi,Cochin,DEL → BOM → COK,07:05,19:15,12:10,1,In-flight meal not included,10711,21,05,2019,07,05,19,15,12,10
Jet Airways,1/04/2019,Kolkata,Banglore,CCU → DEL → BLR,09:35,18:00,8:25,1,No Info,11467,1,04,2019,09,35,18,00,8,25
Air India,6/05/2019,Kolkata,Banglore,CCU → BOM → COK → BLR,16:50,15:05,22:15,2,No Info,12434,6,05,2019,16,50,15,05,22,15
Air India,24/06/2019,Delhi,Cochin,DEL → COK,18:05,21:10,3:5,0,No Info,5201,24,06,2019,18,05,21,10,3,5
Vistara,18/05/2019,Banglore,Delhi,BLR → DEL,17:00,19:35,2:35,0,No Info,4878,18,05,2019,17,00,19,35,2,35
Jet Airways,6/06/2019,Delhi,Cochin,DEL → JAI → BOM → COK,05:30,04:25,22:55,2,No Info,13014,6,06,2019,05,30,04,25,22,55
SpiceJet,6/06/2019,Chennai,Kolkata,MAA → CCU,08:20,10:35,2:15,0,No Info,3597,6,06,2019,08,20,10,35,2,15
Air India,03/03/2019,Banglore,New Delhi,BLR → BOM → IDR → DEL,08:50,11:10,26:20,2,No Info,12599,03,03,2019,08,50,11,10,26,20
Jet Airways,24/05/2019,Kolkata,Banglore,CCU → BOM → BLR,18:55,22:35,27:40,1,In-flight meal not included,10844,24,05,2019,18,55,22,35,27,40
Jet Airways,21/05/2019,Delhi,Cochin,DEL → BOM → COK,02:15,19:00,16:45,1,In-flight meal not included,12898,21,05,2019,02,15,19,00,16,45
IndiGo,21/06/2019,Banglore,Delhi,BLR → DEL,13:00,15:50,2:50,0,No Info,3943,21,06,2019,13,00,15,50,2,50
Multiple carriers,12/06/2019,Delhi,Cochin,DEL → BOM → COK,13:00,01:30,12:30,1,No Info,7198,12,06,2019,13,00,01,30,12,30
SpiceJet,18/05/2019,Kolkata,Banglore,CCU → MAA → BLR,15:05,20:20,5:15,1,No Info,4963,18,05,2019,15,05,20,20,5,15
IndiGo,01/03/2019,Banglore,New Delhi,BLR → DEL,16:55,19:45,2:50,0,No Info,12649,01,03,2019,16,55,19,45,2,50
Multiple carriers,6/03/2019,Delhi,Cochin,DEL → BOM → COK,08:00,15:30,7:30,1,No Info,17267,6,03,2019,08,00,15,30,7,30
Jet Airways,9/05/2019,Delhi,Cochin,DEL → BOM → COK,07:05,19:00,11:55,1,In-flight meal not included,12373,9,05,2019,07,05,19,00,11,55
Jet Airways,03/03/2019,Banglore,New Delhi,BLR → BOM → DEL,11:40,00:45,13:5,1,In-flight meal not included,13502,03,03,2019,11,40,00,45,13,5
Multiple carriers,21/03/2019,Delhi,Cochin,DEL → BOM → COK,11:30,18:50,7:20,1,No Info,11622,21,03,2019,11,30,18,50,7,20
SpiceJet,3/03/2019,Kolkata,Banglore,CCU → BLR,22:20,00:40,2:20,0,No Info,5515,3,03,2019,22,20,00,40,2,20
Jet Airways,15/05/2019,Kolkata,Banglore,CCU → DEL → BLR,20:25,14:25,18h,1,In-flight meal not included,9314,15,05,2019,20,25,14,25,18h,
Multiple carriers,3/06/2019,Delhi,Cochin,DEL → BOM → COK,10:20,19:00,8:40,1,No Info,11789,3,06,2019,10,20,19,00,8,40
IndiGo,6/04/2019,Banglore,Delhi,BLR → DEL,20:00,22:50,2:50,0,No Info,4823,6,04,2019,20,00,22,50,2,50
Air India,3/06/2019,Delhi,Cochin,DEL → HYD → MAA → COK,13:15,09:25,20:10,2,No Info,10467,3,06,2019,13,15,09,25,20,10
Multiple carriers,3/06/2019,Delhi,Cochin,DEL → BOM → COK,13:00,21:00,8h,1,No Info,7408,3,06,2019,13,00,21,00,8h,
Air India,15/06/2019,Delhi,Cochin,DEL → MAA → COK,06:05,09:25,27:20,1,No Info,7480,15,06,2019,06,05,09,25,27,20
SpiceJet,24/04/2019,Kolkata,Banglore,CCU → BLR,22:20,00:40,2:20,0,No check-in baggage included,3841,24,04,2019,22,20,00,40,2,20
SpiceJet,18/05/2019,Chennai,Kolkata,MAA → CCU,17:45,20:05,2:20,0,No check-in baggage included,3543,18,05,2019,17,45,20,05,2,20
Air India,24/06/2019,Delhi,Cochin,DEL → RPR → NAG → BOM → COK,05:15,19:15,38h,3,No Info,10493,24,06,2019,05,15,19,15,38h,
Multiple carriers,27/05/2019,Delhi,Cochin,DEL → BOM → COK,11:25,19:00,7:35,1,No Info,9103,27,05,2019,11,25,19,00,7,35
Jet Airways,6/05/2019,Kolkata,Banglore,CCU → BOM → BLR,14:05,19:50,5:45,1,In-flight meal not included,10844,6,05,2019,14,05,19,50,5,45
IndiGo,9/06/2019,Banglore,Delhi,BLR → DEL,20:00,22:50,2:50,0,No Info,4823,9,06,2019,20,00,22,50,2,50
Air Asia,24/03/2019,Banglore,New Delhi,BLR → DEL,23:25,02:10,2:45,0,No Info,4482,24,03,2019,23,25,02,10,2,45
Jet Airways,12/06/2019,Kolkata,Banglore,CCU → BOM → BLR,06:30,10:05,27:35,1,In-flight meal not included,8529,12,06,2019,06,30,10,05,27,35
Air India,3/03/2019,Delhi,Cochin,DEL → COK,14:10,17:10,3h,0,No Info,7931,3,03,2019,14,10,17,10,3h,
Jet Airways,18/05/2019,Kolkata,Banglore,CCU → BOM → BLR,18:55,09:20,14:25,1,In-flight meal not included,9663,18,05,2019,18,55,09,20,14,25
Jet Airways,1/06/2019,Delhi,Cochin,DEL → JAI → BOM → COK,09:40,19:00,9:20,2,In-flight meal not included,10368,1,06,2019,09,40,19,00,9,20
Air India,18/05/2019,Kolkata,Banglore,CCU → BBI → BOM → BLR,12:00,21:50,9:50,2,No Info,10151,18,05,2019,12,00,21,50,9,50
SpiceJet,27/05/2019,Chennai,Kolkata,MAA → CCU,17:45,20:05,2:20,0,No check-in baggage included,3543,27,05,2019,17,45,20,05,2,20
Multiple carriers,1/06/2019,Delhi,Cochin,DEL → BOM → COK,19:00,01:30,6:30,1,No Info,7530,1,06,2019,19,00,01,30,6,30
Multiple carriers,9/05/2019,Delhi,Cochin,DEL → HYD → COK,14:55,22:30,7:35,1,No Info,6805,9,05,2019,14,55,22,30,7,35
GoAir,18/06/2019,Banglore,Delhi,BLR → DEL,07:45,10:40,2:55,0,No Info,3419,18,06,2019,07,45,10,40,2,55
Air Asia,9/06/2019,Banglore,Delhi,BLR → DEL,23:55,02:45,2:50,0,No Info,7120,9,06,2019,23,55,02,45,2,50
Jet Airways,21/05/2019,Kolkata,Banglore,CCU → DEL → BLR,17:00,10:55,17:55,1,No Info,14151,21,05,2019,17,00,10,55,17,55
Air India,21/06/2019,Mumbai,Hyderabad,BOM → HYD,06:20,07:40,1:20,0,No Info,3100,21,06,2019,06,20,07,40,1,20
Jet Airways,24/05/2019,Kolkata,Banglore,CCU → DEL → BLR,17:00,14:25,21:25,1,No Info,12121,24,05,2019,17,00,14,25,21,25
SpiceJet,6/05/2019,Mumbai,Hyderabad,BOM → HYD,05:45,07:15,1:30,0,No Info,2017,6,05,2019,05,45,07,15,1,30
SpiceJet,15/06/2019,Mumbai,Hyderabad,BOM → HYD,05:45,07:15,1:30,0,No check-in baggage included,2647,15,06,2019,05,45,07,15,1,30
IndiGo,12/06/2019,Delhi,Cochin,DEL → BLR → COK,17:05,22:25,5:20,1,No Info,6147,12,06,2019,17,05,22,25,5,20
Jet Airways,1/06/2019,Delhi,Cochin,DEL → BDQ → BOM → COK,18:25,04:25,10h,2,No Info,14237,1,06,2019,18,25,04,25,10h,
Jet Airways,12/06/2019,Kolkata,Banglore,CCU → BOM → BLR,21:10,09:20,12:10,1,No Info,13044,12,06,2019,21,10,09,20,12,10
Jet Airways,18/05/2019,Delhi,Cochin,DEL → BOM → COK,02:15,19:00,16:45,1,No Info,15554,18,05,2019,02,15,19,00,16,45
SpiceJet,9/04/2019,Banglore,Delhi,BLR → DEL,09:30,12:20,2:50,0,No Info,4423,9,04,2019,09,30,12,20,2,50
Air India,6/06/2019,Delhi,Cochin,DEL → BOM → COK,21:00,07:40,10:40,1,No Info,8372,6,06,2019,21,00,07,40,10,40
Jet Airways,18/05/2019,Kolkata,Banglore,CCU → BOM → BLR,20:00,23:35,27:35,1,In-flight meal not included,10844,18,05,2019,20,00,23,35,27,35
Vistara,18/05/2019,Kolkata,Banglore,CCU → DEL → BLR,17:00,18:50,25:50,1,No Info,9555,18,05,2019,17,00,18,50,25,50
Air India,15/05/2019,Delhi,Cochin,DEL → HYD → MAA → COK,17:15,09:25,16:10,2,No Info,8839,15,05,2019,17,15,09,25,16,10
Air India,6/05/2019,Kolkata,Banglore,CCU → BBI → BOM → BLR,12:00,18:30,30:30,2,No Info,10151,6,05,2019,12,00,18,30,30,30
Air India,12/05/2019,Kolkata,Banglore,CCU → BOM → GOI → BLR,09:25,05:35,20:10,2,No Info,11432,12,05,2019,09,25,05,35,20,10
SpiceJet,15/04/2019,Banglore,Delhi,BLR → DEL,09:30,12:20,2:50,0,No check-in baggage included,4319,15,04,2019,09,30,12,20,2,50
Air India,6/06/2019,Kolkata,Banglore,CCU → BBI → BOM → BLR,12:00,18:30,30:30,2,No Info,9626,6,06,2019,12,00,18,30,30,30
Air India,18/05/2019,Kolkata,Banglore,CCU → DEL → BLR,17:30,20:25,26:55,1,No Info,10623,18,05,2019,17,30,20,25,26,55
Jet Airways,18/04/2019,Delhi,Cochin,DEL → COK,11:00,14:15,3:15,0,No Info,9564,18,04,2019,11,00,14,15,3,15
Jet Airways,9/05/2019,Kolkata,Banglore,CCU → BOM → BLR,14:05,20:45,6:40,1,No Info,14781,9,05,2019,14,05,20,45,6,40
Jet Airways,15/05/2019,Banglore,Delhi,BLR → DEL,08:20,11:20,3h,0,No Info,7229,15,05,2019,08,20,11,20,3h,
IndiGo,27/06/2019,Delhi,Cochin,DEL → BOM → COK,17:30,01:30,8h,1,No Info,5684,27,06,2019,17,30,01,30,8h,
Jet Airways,18/05/2019,Kolkata,Banglore,CCU → BOM → BLR,05:45,09:20,27:35,1,No Info,14388,18,05,2019,05,45,09,20,27,35
SpiceJet,18/04/2019,Banglore,Delhi,BLR → DEL,09:30,12:20,2:50,0,No check-in baggage included,5515,18,04,2019,09,30,12,20,2,50
Jet Airways,9/06/2019,Kolkata,Banglore,CCU → DEL → BLR,20:25,22:05,25:40,1,No Info,12692,9,06,2019,20,25,22,05,25,40
Jet Airways,1/05/2019,Kolkata,Banglore,CCU → DEL → BLR,09:35,19:10,9:35,1,In-flight meal not included,9314,1,05,2019,09,35,19,10,9,35
SpiceJet,15/06/2019,Kolkata,Banglore,CCU → BLR,17:10,19:40,2:30,0,No Info,3873,15,06,2019,17,10,19,40,2,30
SpiceJet,21/04/2019,Kolkata,Banglore,CCU → BLR,22:20,00:40,2:20,0,No check-in baggage included,4807,21,04,2019,22,20,00,40,2,20
Multiple carriers,27/06/2019,Delhi,Cochin,DEL → BOM → COK,09:00,19:15,10:15,1,No Info,14848,27,06,2019,09,00,19,15,10,15
IndiGo,24/04/2019,Delhi,Cochin,DEL → HYD → COK,05:05,12:10,7:5,1,No Info,6171,24,04,2019,05,05,12,10,7,5
SpiceJet,24/06/2019,Mumbai,Hyderabad,BOM → HYD,13:15,14:45,1:30,0,No check-in baggage included,1965,24,06,2019,13,15,14,45,1,30
Jet Airways,12/06/2019,Kolkata,Banglore,CCU → DEL → BLR,09:35,21:05,11:30,1,In-flight meal not included,10539,12,06,2019,09,35,21,05,11,30
Air Asia,1/06/2019,Banglore,Delhi,BLR → DEL,11:10,13:55,2:45,0,No Info,4483,1,06,2019,11,10,13,55,2,45
Multiple carriers,27/03/2019,Delhi,Cochin,DEL → BOM → COK,06:00,19:15,13:15,1,No Info,8371,27,03,2019,06,00,19,15,13,15
Jet Airways,6/03/2019,Delhi,Cochin,DEL → BOM → COK,13:55,04:25,14:30,1,No Info,15764,6,03,2019,13,55,04,25,14,30
Jet Airways,12/05/2019,Kolkata,Banglore,CCU → BOM → BLR,16:30,23:35,7:5,1,In-flight meal not included,10844,12,05,2019,16,30,23,35,7,5
Air India,18/05/2019,Kolkata,Banglore,CCU → BOM → GOI → BLR,16:50,05:35,12:45,2,No Info,11642,18,05,2019,16,50,05,35,12,45
IndiGo,12/04/2019,Banglore,Delhi,BLR → DEL,04:00,06:50,2:50,0,No Info,4423,12,04,2019,04,00,06,50,2,50
Vistara,15/06/2019,Banglore,Delhi,BLR → DEL,09:45,12:35,2:50,0,No Info,4878,15,06,2019,09,45,12,35,2,50
SpiceJet,9/05/2019,Mumbai,Hyderabad,BOM → HYD,13:15,14:45,1:30,0,No Info,2227,9,05,2019,13,15,14,45,1,30
Jet Airways,15/05/2019,Kolkata,Banglore,CCU → BOM → BLR,16:30,18:15,25:45,1,In-flight meal not included,10844,15,05,2019,16,30,18,15,25,45
Air Asia,3/04/2019,Kolkata,Banglore,CCU → BLR,19:55,22:25,2:30,0,No Info,4107,3,04,2019,19,55,22,25,2,30
Vistara,24/03/2019,Kolkata,Banglore,CCU → DEL → BLR,07:10,10:50,27:40,1,No Info,11262,24,03,2019,07,10,10,50,27,40
Jet Airways,3/06/2019,Delhi,Cochin,DEL → BOM → COK,14:00,12:35,22:35,1,In-flight meal not included,10262,3,06,2019,14,00,12,35,22,35
Jet Airways,18/05/2019,Banglore,Delhi,BLR → DEL,15:15,18:10,2:55,0,In-flight meal not included,4544,18,05,2019,15,15,18,10,2,55
Jet Airways,24/05/2019,Banglore,Delhi,BLR → DEL,18:55,22:00,3:5,0,In-flight meal not included,6144,24,05,2019,18,55,22,00,3,5
GoAir,15/03/2019,Banglore,New Delhi,BLR → DEL,07:45,10:40,2:55,0,No Info,5706,15,03,2019,07,45,10,40,2,55
Jet Airways,15/03/2019,Banglore,New Delhi,BLR → BDQ → DEL,05:50,12:20,6:30,1,In-flight meal not included,5853,15,03,2019,05,50,12,20,6,30
Jet Airways,21/05/2019,Kolkata,Banglore,CCU → BOM → PNQ → BLR,06:30,20:50,14:20,2,In-flight meal not included,10118,21,05,2019,06,30,20,50,14,20
Air India,1/05/2019,Kolkata,Banglore,CCU → BOM → AMD → BLR,09:25,05:25,20h,2,No Info,14687,1,05,2019,09,25,05,25,20h,
Multiple carriers,27/05/2019,Delhi,Cochin,DEL → BOM → COK,11:30,19:15,7:45,1,In-flight meal not included,9254,27,05,2019,11,30,19,15,7,45
Jet Airways,1/06/2019,Delhi,Cochin,DEL → JAI → BOM → COK,09:40,04:25,18:45,2,In-flight meal not included,10368,1,06,2019,09,40,04,25,18,45
Jet Airways,6/06/2019,Kolkata,Banglore,CCU → BOM → BLR,14:05,20:45,6:40,1,No Info,14571,6,06,2019,14,05,20,45,6,40
Jet Airways,1/06/2019,Banglore,Delhi,BLR → DEL,15:15,18:10,2:55,0,In-flight meal not included,7229,1,06,2019,15,15,18,10,2,55
IndiGo,6/06/2019,Delhi,Cochin,DEL → BOM → COK,06:40,21:00,14:20,1,No Info,6093,6,06,2019,06,40,21,00,14,20
Multiple carriers,9/03/2019,Delhi,Cochin,DEL → BOM → COK,08:00,21:00,13h,1,No Info,16023,9,03,2019,08,00,21,00,13h,
IndiGo,6/06/2019,Chennai,Kolkata,MAA → CCU,14:45,17:05,2:20,0,No Info,3597,6,06,2019,14,45,17,05,2,20
Jet Airways,24/03/2019,Kolkata,Banglore,CCU → BOM → BLR,06:30,23:25,16:55,1,In-flight meal not included,8824,24,03,2019,06,30,23,25,16,55
IndiGo,9/03/2019,Delhi,Cochin,DEL → BLR → COK,02:00,07:45,5:45,1,No Info,7060,9,03,2019,02,00,07,45,5,45
Jet Airways,24/03/2019,Kolkata,Banglore,CCU → BOM → BLR,13:55,09:15,19:20,1,No Info,14231,24,03,2019,13,55,09,15,19,20
Jet Airways,24/04/2019,Banglore,Delhi,BLR → DEL,18:55,22:00,3:5,0,In-flight meal not included,4544,24,04,2019,18,55,22,00,3,5
Jet Airways,9/03/2019,Delhi,Cochin,DEL → BOM → COK,15:05,18:50,27:45,1,No Info,16289,9,03,2019,15,05,18,50,27,45
IndiGo,3/03/2019,Kolkata,Banglore,CCU → BLR,10:10,12:55,2:45,0,No Info,6565,3,03,2019,10,10,12,55,2,45
IndiGo,21/06/2019,Chennai,Kolkata,MAA → CCU,14:45,17:05,2:20,0,No Info,3597,21,06,2019,14,45,17,05,2,20
Air India,6/05/2019,Delhi,Cochin,DEL → MAA → COK,20:40,09:25,12:45,1,No Info,7480,6,05,2019,20,40,09,25,12,45
Vistara,12/05/2019,Kolkata,Banglore,CCU → DEL → BLR,17:00,10:45,17:45,1,No Info,9922,12,05,2019,17,00,10,45,17,45
Jet Airways,27/05/2019,Banglore,Delhi,BLR → DEL,17:45,20:45,3h,0,No Info,7229,27,05,2019,17,45,20,45,3h,
Jet Airways,15/06/2019,Delhi,Cochin,DEL → ATQ → BOM → COK,20:00,12:35,16:35,2,No Info,14300,15,06,2019,20,00,12,35,16,35
Jet Airways,27/03/2019,Delhi,Cochin,DEL → BOM → COK,02:15,04:25,26:10,1,No Info,12242,27,03,2019,02,15,04,25,26,10
Multiple carriers,24/06/2019,Delhi,Cochin,DEL → BOM → COK,11:25,19:00,7:35,1,No Info,10678,24,06,2019,11,25,19,00,7,35
Multiple carriers,27/05/2019,Delhi,Cochin,DEL → BOM → COK,08:00,21:00,13h,1,In-flight meal not included,9450,27,05,2019,08,00,21,00,13h,
IndiGo,6/04/2019,Kolkata,Banglore,CCU → BLR,21:25,00:05,2:40,0,No Info,4174,6,04,2019,21,25,00,05,2,40
Jet Airways,6/04/2019,Banglore,Delhi,BLR → DEL,07:10,10:10,3h,0,In-flight meal not included,4544,6,04,2019,07,10,10,10,3h,
IndiGo,15/05/2019,Kolkata,Banglore,CCU → MAA → BLR,17:35,22:15,4:40,1,No Info,5386,15,05,2019,17,35,22,15,4,40
Jet Airways,24/05/2019,Delhi,Cochin,DEL → AMD → BOM → COK,19:10,19:00,23:50,2,No Info,15129,24,05,2019,19,10,19,00,23,50
IndiGo,15/06/2019,Delhi,Cochin,DEL → HYD → COK,14:20,22:30,8:10,1,No Info,6412,15,06,2019,14,20,22,30,8,10
Jet Airways,27/06/2019,Delhi,Cochin,DEL → AMD → BOM → COK,23:05,04:25,29:20,2,No Info,15339,27,06,2019,23,05,04,25,29,20
Jet Airways,24/03/2019,Banglore,New Delhi,BLR → DEL,02:00,04:45,2:45,0,No Info,7229,24,03,2019,02,00,04,45,2,45
Vistara,1/06/2019,Banglore,Delhi,BLR → DEL,09:45,12:35,2:50,0,No Info,4878,1,06,2019,09,45,12,35,2,50
Air Asia,6/04/2019,Kolkata,Banglore,CCU → BLR,10:20,12:55,2:35,0,No Info,3807,6,04,2019,10,20,12,55,2,35
Jet Airways,18/05/2019,Delhi,Cochin,DEL → BOM → COK,17:30,12:35,19:5,1,In-flight meal not included,12373,18,05,2019,17,30,12,35,19,5
Jet Airways,6/06/2019,Kolkata,Banglore,CCU → BOM → BLR,14:05,23:35,9:30,1,No Info,14571,6,06,2019,14,05,23,35,9,30
Jet Airways,12/06/2019,Delhi,Cochin,DEL → BOM → COK,19:45,04:25,8:40,1,In-flight meal not included,10262,12,06,2019,19,45,04,25,8,40
Jet Airways,9/06/2019,Delhi,Cochin,DEL → BOM → COK,20:55,19:00,22:5,1,In-flight meal not included,10577,9,06,2019,20,55,19,00,22,5
Vistara,6/03/2019,Mumbai,Hyderabad,BOM → DEL → HYD,20:55,22:55,26h,1,No Info,12395,6,03,2019,20,55,22,55,26h,
SpiceJet,27/04/2019,Kolkata,Banglore,CCU → BLR,06:55,09:30,2:35,0,No check-in baggage included,3841,27,04,2019,06,55,09,30,2,35
Air Asia,3/06/2019,Delhi,Cochin,DEL → BLR → COK,07:55,15:45,7:50,1,No Info,8759,3,06,2019,07,55,15,45,7,50
IndiGo,21/03/2019,Delhi,Cochin,DEL → BOM → COK,04:45,15:30,10:45,1,No Info,7738,21,03,2019,04,45,15,30,10,45
IndiGo,18/05/2019,Delhi,Cochin,DEL → BOM → COK,15:00,01:30,10:30,1,No Info,7503,18,05,2019,15,00,01,30,10,30
IndiGo,3/06/2019,Delhi,Cochin,DEL → BOM → COK,11:25,01:30,14:5,1,No Info,5883,3,06,2019,11,25,01,30,14,5
Jet Airways,12/06/2019,Kolkata,Banglore,CCU → DEL → BLR,20:25,09:45,13:20,1,No Info,12692,12,06,2019,20,25,09,45,13,20
IndiGo,15/04/2019,Banglore,Delhi,BLR → DEL,08:30,11:20,2:50,0,No Info,4823,15,04,2019,08,30,11,20,2,50
SpiceJet,27/05/2019,Mumbai,Hyderabad,BOM → HYD,05:45,07:15,1:30,0,No Info,2017,27,05,2019,05,45,07,15,1,30
Air India,12/06/2019,Delhi,Cochin,DEL → JAI → BOM → COK,12:00,07:40,19:40,2,No Info,8603,12,06,2019,12,00,07,40,19,40
Jet Airways,21/06/2019,Banglore,Delhi,BLR → DEL,11:10,14:05,2:55,0,In-flight meal not included,5769,21,06,2019,11,10,14,05,2,55
Jet Airways,1/04/2019,Kolkata,Banglore,CCU → BOM → BLR,18:55,18:15,23:20,1,No Info,12681,1,04,2019,18,55,18,15,23,20
SpiceJet,24/06/2019,Banglore,Delhi,BLR → DEL,05:55,08:35,2:40,0,No Info,3625,24,06,2019,05,55,08,35,2,40
IndiGo,9/05/2019,Delhi,Cochin,DEL → BOM → COK,09:15,01:30,16:15,1,No Info,8854,9,05,2019,09,15,01,30,16,15
IndiGo,15/05/2019,Mumbai,Hyderabad,BOM → HYD,02:35,04:05,1:30,0,No Info,2754,15,05,2019,02,35,04,05,1,30
Air India,12/06/2019,Delhi,Cochin,DEL → BOM → COK,10:00,19:15,9:15,1,No Info,8372,12,06,2019,10,00,19,15,9,15
Jet Airways,12/06/2019,Delhi,Cochin,DEL → BOM → COK,16:00,12:35,20:35,1,In-flight meal not included,10262,12,06,2019,16,00,12,35,20,35
Air India,3/03/2019,Chennai,Kolkata,MAA → CCU,11:40,13:55,2:15,0,No Info,10810,3,03,2019,11,40,13,55,2,15
IndiGo,15/06/2019,Chennai,Kolkata,MAA → CCU,05:15,07:40,2:25,0,No Info,3540,15,06,2019,05,15,07,40,2,25
Jet Airways,6/06/2019,Banglore,Delhi,BLR → DEL,18:55,22:00,3:5,0,No Info,8016,6,06,2019,18,55,22,00,3,5
IndiGo,09/03/2019,Banglore,New Delhi,BLR → DEL,10:30,13:20,2:50,0,No Info,6860,09,03,2019,10,30,13,20,2,50
Air Asia,27/04/2019,Delhi,Cochin,DEL → BLR → COK,16:45,22:25,5:40,1,No Info,6451,27,04,2019,16,45,22,25,5,40
Jet Airways,6/05/2019,Kolkata,Banglore,CCU → DEL → BLR,20:25,15:05,18:40,1,No Info,13067,6,05,2019,20,25,15,05,18,40
Jet Airways,6/05/2019,Kolkata,Banglore,CCU → DEL → BLR,17:00,18:00,25h,1,No Info,11467,6,05,2019,17,00,18,00,25h,
Air India,9/05/2019,Kolkata,Banglore,CCU → DEL → BLR,10:00,23:15,13:15,1,No Info,10203,9,05,2019,10,00,23,15,13,15
Air Asia,12/03/2019,Kolkata,Banglore,CCU → BLR,22:50,01:20,2:30,0,No Info,4082,12,03,2019,22,50,01,20,2,30
Air India,21/05/2019,Delhi,Cochin,DEL → GOI → BOM → COK,10:55,19:15,8:20,2,No Info,13276,21,05,2019,10,55,19,15,8,20
Jet Airways,09/03/2019,Banglore,New Delhi,BLR → BOM → JDH → DEL,08:55,15:55,7h,2,No Info,23001,09,03,2019,08,55,15,55,7h,
Jet Airways,6/06/2019,Kolkata,Banglore,CCU → BOM → BLR,18:55,20:45,25:50,1,In-flight meal not included,10844,6,06,2019,18,55,20,45,25,50
IndiGo,27/06/2019,Banglore,Delhi,BLR → DEL,18:55,21:50,2:55,0,No Info,4990,27,06,2019,18,55,21,50,2,55
Jet Airways,09/03/2019,Banglore,New Delhi,BLR → BDQ → DEL,05:50,15:00,9:10,1,In-flight meal not included,10037,09,03,2019,05,50,15,00,9,10
Jet Airways,6/05/2019,Kolkata,Banglore,CCU → BOM → BLR,20:00,04:40,8:40,1,No Info,14388,6,05,2019,20,00,04,40,8,40
IndiGo,24/03/2019,Banglore,New Delhi,BLR → DEL,16:55,19:45,2:50,0,No Info,7303,24,03,2019,16,55,19,45,2,50
Air India,3/03/2019,Delhi,Cochin,DEL → HYD → BOM → COK,21:30,19:15,21:45,2,No Info,12287,3,03,2019,21,30,19,15,21,45
Jet Airways,6/06/2019,Kolkata,Banglore,CCU → BOM → BLR,14:05,20:45,6:40,1,In-flight meal not included,10844,6,06,2019,14,05,20,45,6,40
Jet Airways,24/05/2019,Mumbai,Hyderabad,BOM → HYD,10:20,11:50,1:30,0,In-flight meal not included,4995,24,05,2019,10,20,11,50,1,30
Multiple carriers,27/05/2019,Delhi,Cochin,DEL → BOM → COK,11:40,19:00,7:20,1,No Info,9794,27,05,2019,11,40,19,00,7,20
IndiGo,6/06/2019,Kolkata,Banglore,CCU → MAA → BLR,06:20,10:20,4h,1,No Info,4226,6,06,2019,06,20,10,20,4h,
IndiGo,21/03/2019,Delhi,Cochin,DEL → BOM → COK,11:30,01:35,14:5,1,No Info,7318,21,03,2019,11,30,01,35,14,5
Jet Airways,12/06/2019,Kolkata,Banglore,CCU → BOM → BLR,20:00,08:15,12:15,1,In-flight meal not included,8529,12,06,2019,20,00,08,15,12,15
Air India,12/06/2019,Kolkata,Banglore,CCU → BBI → BOM → BLR,12:00,18:30,30:30,2,No Info,9416,12,06,2019,12,00,18,30,30,30
Jet Airways,3/06/2019,Delhi,Cochin,DEL → IDR → BOM → COK,09:35,12:35,27h,2,In-flight meal not included,11507,3,06,2019,09,35,12,35,27h,
Air India,1/04/2019,Kolkata,Banglore,CCU → GAU → DEL → BLR,16:45,08:55,16:10,2,No Info,9920,1,04,2019,16,45,08,55,16,10
Multiple carriers,18/05/2019,Delhi,Cochin,DEL → HYD → COK,07:10,16:10,9h,1,No Info,7038,18,05,2019,07,10,16,10,9h,
GoAir,3/06/2019,Delhi,Cochin,DEL → BOM → COK,07:00,12:55,5:55,1,No Info,4959,3,06,2019,07,00,12,55,5,55
Jet Airways,9/06/2019,Mumbai,Hyderabad,BOM → HYD,07:05,08:30,1:25,0,No Info,5678,9,06,2019,07,05,08,30,1,25
Jet Airways,9/06/2019,Banglore,Delhi,BLR → DEL,08:20,11:20,3h,0,In-flight meal not included,7229,9,06,2019,08,20,11,20,3h,
Jet Airways,1/04/2019,Kolkata,Banglore,CCU → BOM → BLR,16:30,23:35,7:5,1,In-flight meal not included,7064,1,04,2019,16,30,23,35,7,5
IndiGo,6/04/2019,Banglore,Delhi,BLR → DEL,08:30,11:20,2:50,0,No Info,4823,6,04,2019,08,30,11,20,2,50
Jet Airways,24/05/2019,Kolkata,Banglore,CCU → BOM → BLR,16:30,22:35,6:5,1,No Info,14571,24,05,2019,16,30,22,35,6,5
IndiGo,27/03/2019,Kolkata,Banglore,CCU → BLR,09:35,12:20,2:45,0,No Info,4148,27,03,2019,09,35,12,20,2,45
Air India,24/05/2019,Kolkata,Banglore,CCU → DEL → COK → BLR,10:00,01:20,15:20,2,No Info,13873,24,05,2019,10,00,01,20,15,20
Jet Airways,24/06/2019,Delhi,Cochin,DEL → BOM → COK,13:00,12:35,23:35,1,In-flight meal not included,10262,24,06,2019,13,00,12,35,23,35
Jet Airways,21/05/2019,Delhi,Cochin,DEL → AMD → BOM → COK,19:10,19:00,23:50,2,No Info,15129,21,05,2019,19,10,19,00,23,50
Multiple carriers,9/04/2019,Delhi,Cochin,DEL → BOM → COK,11:40,01:30,13:50,1,No Info,6645,9,04,2019,11,40,01,30,13,50
IndiGo,1/05/2019,Kolkata,Banglore,CCU → BLR,17:15,19:50,2:35,0,No Info,4804,1,05,2019,17,15,19,50,2,35
IndiGo,09/03/2019,Banglore,New Delhi,BLR → STV → DEL,11:20,15:25,4:5,1,No Info,5746,09,03,2019,11,20,15,25,4,5
GoAir,9/06/2019,Delhi,Cochin,DEL → HYD → COK,05:55,13:35,7:40,1,No Info,5199,9,06,2019,05,55,13,35,7,40
IndiGo,18/03/2019,Chennai,Kolkata,MAA → CCU,19:35,21:55,2:20,0,No Info,4332,18,03,2019,19,35,21,55,2,20
IndiGo,1/06/2019,Delhi,Cochin,DEL → BOM → COK,11:25,21:00,9:35,1,No Info,6416,1,06,2019,11,25,21,00,9,35
Air India,18/03/2019,Banglore,New Delhi,BLR → BOM → JDH → DEL,06:45,16:20,9:35,2,No Info,12935,18,03,2019,06,45,16,20,9,35
Jet Airways,21/03/2019,Banglore,New Delhi,BLR → BOM → DEL,08:55,20:20,11:25,1,In-flight meal not included,7832,21,03,2019,08,55,20,20,11,25
Jet Airways,1/05/2019,Kolkata,Banglore,CCU → BOM → BLR,16:30,04:40,12:10,1,In-flight meal not included,8586,1,05,2019,16,30,04,40,12,10
Jet Airways,24/06/2019,Banglore,Delhi,BLR → DEL,15:15,18:10,2:55,0,In-flight meal not included,5769,24,06,2019,15,15,18,10,2,55
Jet Airways,21/05/2019,Mumbai,Hyderabad,BOM → HYD,10:20,11:50,1:30,0,No Info,8040,21,05,2019,10,20,11,50,1,30
Vistara,6/03/2019,Delhi,Cochin,DEL → COK,06:00,09:10,3:10,0,No Info,12411,6,03,2019,06,00,09,10,3,10
Air India,9/06/2019,Kolkata,Banglore,CCU → BOM → BLR,09:25,21:50,12:25,1,No Info,8366,9,06,2019,09,25,21,50,12,25
Multiple carriers,3/06/2019,Delhi,Cochin,DEL → BOM → COK,07:30,19:15,11:45,1,No Info,7354,3,06,2019,07,30,19,15,11,45
Air India,01/03/2019,Banglore,New Delhi,BLR → CCU → GAU → DEL,11:05,22:10,11:5,2,Change airports,13576,01,03,2019,11,05,22,10,11,5
Multiple carriers,3/06/2019,Delhi,Cochin,DEL → BOM → COK,09:15,19:00,9:45,1,No Info,11622,3,06,2019,09,15,19,00,9,45
Air India,6/06/2019,Kolkata,Banglore,CCU → IXR → DEL → BLR,05:50,23:15,17:25,2,No Info,12723,6,06,2019,05,50,23,15,17,25
Jet Airways,24/03/2019,Kolkata,Banglore,CCU → BOM → BLR,08:25,23:25,15h,1,No Info,13759,24,03,2019,08,25,23,25,15h,
IndiGo,15/05/2019,Delhi,Cochin,DEL → HYD → COK,16:10,22:30,6:20,1,No Info,6412,15,05,2019,16,10,22,30,6,20
IndiGo,27/03/2019,Delhi,Cochin,DEL → HYD → MAA → COK,08:35,21:20,12:45,2,No Info,6494,27,03,2019,08,35,21,20,12,45
Jet Airways,24/03/2019,Mumbai,Hyderabad,BOM → HYD,15:50,17:20,1:30,0,No Info,5678,24,03,2019,15,50,17,20,1,30
Air India,12/05/2019,Kolkata,Banglore,CCU → BOM → BLR,09:25,11:10,25:45,1,No Info,8891,12,05,2019,09,25,11,10,25,45
Jet Airways,3/03/2019,Delhi,Cochin,DEL → BOM → COK,21:50,18:50,21h,1,No Info,17024,3,03,2019,21,50,18,50,21h,
Jet Airways,12/06/2019,Delhi,Cochin,DEL → JAI → BOM → COK,09:40,19:00,9:20,2,In-flight meal not included,10368,12,06,2019,09,40,19,00,9,20
Jet Airways,9/06/2019,Kolkata,Banglore,CCU → BOM → BLR,20:00,18:15,22:15,1,No Info,14571,9,06,2019,20,00,18,15,22,15
Jet Airways,21/03/2019,Banglore,New Delhi,BLR → BOM → DEL,07:00,15:15,8:15,1,In-flight meal not included,7832,21,03,2019,07,00,15,15,8,15
Jet Airways,9/05/2019,Kolkata,Banglore,CCU → DEL → BLR,09:35,22:05,12:30,1,No Info,14151,9,05,2019,09,35,22,05,12,30
Multiple carriers,21/03/2019,Delhi,Cochin,DEL → BOM → COK,10:45,19:15,8:30,1,No Info,7154,21,03,2019,10,45,19,15,8,30
Air Asia,15/04/2019,Kolkata,Banglore,CCU → DEL → BLR,07:35,19:25,11:50,1,No Info,5192,15,04,2019,07,35,19,25,11,50
Multiple carriers,6/03/2019,Delhi,Cochin,DEL → IDR → BOM → COK,15:05,01:35,10:30,2,No Info,21483,6,03,2019,15,05,01,35,10,30
Jet Airways,6/06/2019,Kolkata,Banglore,CCU → BOM → BLR,16:30,04:40,12:10,1,In-flight meal not included,6812,6,06,2019,16,30,04,40,12,10
IndiGo,03/03/2019,Banglore,New Delhi,BLR → BOM → DEL,19:35,00:35,5h,1,No Info,13292,03,03,2019,19,35,00,35,5h,
IndiGo,9/04/2019,Kolkata,Banglore,CCU → BLR,22:15,00:50,2:35,0,No Info,4174,9,04,2019,22,15,00,50,2,35
Jet Airways,27/06/2019,Delhi,Cochin,DEL → AMD → BOM → COK,19:10,12:35,17:25,2,In-flight meal not included,11150,27,06,2019,19,10,12,35,17,25
IndiGo,24/04/2019,Delhi,Cochin,DEL → BLR → COK,17:05,22:15,5:10,1,No Info,5912,24,04,2019,17,05,22,15,5,10
Air India,27/06/2019,Delhi,Cochin,DEL → BLR → COK,13:30,23:00,9:30,1,No Info,8907,27,06,2019,13,30,23,00,9,30
Air India,09/03/2019,Banglore,New Delhi,BLR → GOI → DEL,17:00,03:40,10:40,1,No Info,8767,09,03,2019,17,00,03,40,10,40
Jet Airways,27/03/2019,Delhi,Cochin,DEL → BOM → COK,19:45,04:25,8:40,1,No Info,12242,27,03,2019,19,45,04,25,8,40
Air India,24/05/2019,Kolkata,Banglore,CCU → HYD → BLR,19:00,04:40,9:40,1,No Info,6327,24,05,2019,19,00,04,40,9,40
SpiceJet,24/05/2019,Chennai,Kolkata,MAA → CCU,09:45,12:00,2:15,0,No check-in baggage included,3543,24,05,2019,09,45,12,00,2,15
Multiple carriers,3/06/2019,Delhi,Cochin,DEL → BOM → COK,08:00,19:15,11:15,1,No Info,15058,3,06,2019,08,00,19,15,11,15
Jet Airways,12/03/2019,Banglore,New Delhi,BLR → BOM → DEL,18:55,18:25,23:30,1,In-flight meal not included,11087,12,03,2019,18,55,18,25,23,30
Jet Airways,9/05/2019,Kolkata,Banglore,CCU → BOM → BLR,20:00,04:40,8:40,1,No Info,13941,9,05,2019,20,00,04,40,8,40
SpiceJet,1/06/2019,Delhi,Cochin,DEL → MAA → COK,15:45,22:05,6:20,1,No Info,7317,1,06,2019,15,45,22,05,6,20
Jet Airways,9/05/2019,Delhi,Cochin,DEL → AMD → BOM → COK,19:10,19:00,23:50,2,No Info,15129,9,05,2019,19,10,19,00,23,50
Jet Airways,24/05/2019,Kolkata,Banglore,CCU → BOM → BLR,21:10,10:05,12:55,1,In-flight meal not included,9663,24,05,2019,21,10,10,05,12,55
IndiGo,24/04/2019,Delhi,Cochin,DEL → BOM → COK,16:00,21:00,5h,1,No Info,5065,24,04,2019,16,00,21,00,5h,
Air India,27/06/2019,Delhi,Cochin,DEL → BLR → COK,09:45,23:00,13:15,1,No Info,8907,27,06,2019,09,45,23,00,13,15
SpiceJet,21/03/2019,Kolkata,Banglore,CCU → BLR,09:00,11:30,2:30,0,No Info,4148,21,03,2019,09,00,11,30,2,30
Multiple carriers,9/06/2019,Delhi,Cochin,DEL → BOM → COK,14:00,21:00,7h,1,No Info,13587,9,06,2019,14,00,21,00,7h,
Jet Airways,6/06/2019,Delhi,Cochin,DEL → BOM → COK,21:50,04:25,6:35,1,In-flight meal not included,10262,6,06,2019,21,50,04,25,6,35
Jet Airways,18/03/2019,Banglore,New Delhi,BLR → BOM → DEL,14:05,08:15,18:10,1,No Info,12284,18,03,2019,14,05,08,15,18,10
Jet Airways,15/05/2019,Kolkata,Banglore,CCU → BOM → BLR,18:55,16:20,21:25,1,No Info,14781,15,05,2019,18,55,16,20,21,25
Jet Airways,18/05/2019,Kolkata,Banglore,CCU → BOM → BLR,08:25,09:20,24:55,1,In-flight meal not included,9663,18,05,2019,08,25,09,20,24,55
IndiGo,01/03/2019,Banglore,New Delhi,BLR → DEL,13:00,15:50,2:50,0,No Info,19685,01,03,2019,13,00,15,50,2,50
Air India,12/05/2019,Kolkata,Banglore,CCU → DEL → BLR,10:00,23:15,13:15,1,No Info,10203,12,05,2019,10,00,23,15,13,15
Jet Airways,15/05/2019,Kolkata,Banglore,CCU → BOM → BLR,06:30,04:40,22:10,1,No Info,13941,15,05,2019,06,30,04,40,22,10
Air India,01/03/2019,Banglore,New Delhi,BLR → DEL,21:10,23:55,2:45,0,No Info,25703,01,03,2019,21,10,23,55,2,45
Jet Airways,9/06/2019,Delhi,Cochin,DEL → BOM → COK,14:00,04:25,14:25,1,In-flight meal not included,10262,9,06,2019,14,00,04,25,14,25
SpiceJet,1/05/2019,Chennai,Kolkata,MAA → CCU,17:45,20:05,2:20,0,No check-in baggage included,3543,1,05,2019,17,45,20,05,2,20
SpiceJet,6/04/2019,Kolkata,Banglore,CCU → BLR,14:55,17:25,2:30,0,No check-in baggage included,3841,6,04,2019,14,55,17,25,2,30
Jet Airways,18/05/2019,Delhi,Cochin,DEL → BOM → COK,11:30,19:00,7:30,1,No Info,15554,18,05,2019,11,30,19,00,7,30
Jet Airways,24/05/2019,Kolkata,Banglore,CCU → BOM → BLR,14:05,19:50,5:45,1,In-flight meal not included,10844,24,05,2019,14,05,19,50,5,45
Jet Airways,12/06/2019,Kolkata,Banglore,CCU → DEL → BLR,17:00,14:25,21:25,1,No Info,12692,12,06,2019,17,00,14,25,21,25
Jet Airways,9/06/2019,Mumbai,Hyderabad,BOM → HYD,19:35,21:05,1:30,0,In-flight meal not included,3210,9,06,2019,19,35,21,05,1,30
Air India,15/05/2019,Delhi,Cochin,DEL → JAI → BOM → COK,12:00,19:15,7:15,2,No Info,9601,15,05,2019,12,00,19,15,7,15
Multiple carriers,15/06/2019,Delhi,Cochin,DEL → BOM → COK,13:00,01:30,12:30,1,No Info,13377,15,06,2019,13,00,01,30,12,30
Jet Airways,24/03/2019,Kolkata,Banglore,CCU → BOM → BLR,18:55,18:10,23:15,1,In-flight meal not included,11134,24,03,2019,18,55,18,10,23,15
Multiple carriers,27/03/2019,Delhi,Cochin,DEL → BOM → COK,08:55,21:00,12:5,1,No Info,8055,27,03,2019,08,55,21,00,12,5
Jet Airways,27/03/2019,Delhi,Cochin,DEL → BOM → COK,17:30,04:25,10:55,1,No Info,12242,27,03,2019,17,30,04,25,10,55
Air India,09/03/2019,Banglore,New Delhi,BLR → COK → DEL,22:00,23:20,25:20,1,No Info,8425,09,03,2019,22,00,23,20,25,20
SpiceJet,15/06/2019,Mumbai,Hyderabad,BOM → HYD,05:45,07:15,1:30,0,No Info,2753,15,06,2019,05,45,07,15,1,30
SpiceJet,27/05/2019,Banglore,Delhi,BLR → DEL,21:10,00:05,2:55,0,No Info,3311,27,05,2019,21,10,00,05,2,55
IndiGo,12/06/2019,Kolkata,Banglore,CCU → MAA → BLR,06:20,10:20,4h,1,No Info,4226,12,06,2019,06,20,10,20,4h,
Jet Airways,01/03/2019,Banglore,New Delhi,BLR → BOM → DEL,08:55,05:05,20:10,1,1 Long layover,26890,01,03,2019,08,55,05,05,20,10
Multiple carriers,24/06/2019,Delhi,Cochin,DEL → BOM → COK,06:00,19:00,13h,1,No Info,12524,24,06,2019,06,00,19,00,13h,
SpiceJet,21/03/2019,Kolkata,Banglore,CCU → BLR,17:15,19:45,2:30,0,No Info,3847,21,03,2019,17,15,19,45,2,30
Jet Airways,1/04/2019,Kolkata,Banglore,CCU → BOM → BLR,16:30,23:35,7:5,1,No Info,12681,1,04,2019,16,30,23,35,7,5
Jet Airways,6/06/2019,Delhi,Cochin,DEL → LKO → BOM → COK,09:25,04:25,19h,2,No Info,13882,6,06,2019,09,25,04,25,19h,
Jet Airways,18/05/2019,Delhi,Cochin,DEL → JAI → BOM → COK,09:40,12:35,26:55,2,No Info,15129,18,05,2019,09,40,12,35,26,55
Jet Airways,6/06/2019,Kolkata,Banglore,CCU → BOM → BLR,08:25,20:45,12:20,1,In-flight meal not included,10844,6,06,2019,08,25,20,45,12,20
Jet Airways,12/03/2019,Banglore,New Delhi,BLR → BOM → DEL,21:25,08:15,10:50,1,No Info,12547,12,03,2019,21,25,08,15,10,50
Jet Airways,9/06/2019,Kolkata,Banglore,CCU → BOM → BLR,18:55,04:40,9:45,1,No Info,14178,9,06,2019,18,55,04,40,9,45
IndiGo,3/03/2019,Delhi,Cochin,DEL → BOM → COK,16:00,01:35,9:35,1,No Info,14871,3,03,2019,16,00,01,35,9,35
Jet Airways,9/06/2019,Delhi,Cochin,DEL → JAI → BOM → COK,09:40,04:25,18:45,2,In-flight meal not included,10368,9,06,2019,09,40,04,25,18,45
Multiple carriers,6/03/2019,Delhi,Cochin,DEL → BOM → COK,08:00,21:00,13h,1,No Info,15078,6,03,2019,08,00,21,00,13h,
IndiGo,21/05/2019,Kolkata,Banglore,CCU → BLR,21:25,00:05,2:40,0,No Info,4804,21,05,2019,21,25,00,05,2,40
SpiceJet,9/05/2019,Kolkata,Banglore,CCU → BLR,17:10,19:40,2:30,0,No Info,3873,9,05,2019,17,10,19,40,2,30
SpiceJet,24/06/2019,Kolkata,Banglore,CCU → BLR,17:10,19:40,2:30,0,No check-in baggage included,3841,24,06,2019,17,10,19,40,2,30
GoAir,1/06/2019,Delhi,Cochin,DEL → BOM → COK,07:00,12:55,5:55,1,No Info,5457,1,06,2019,07,00,12,55,5,55
Jet Airways,12/05/2019,Kolkata,Banglore,CCU → BOM → BLR,14:05,22:35,8:30,1,No Info,14781,12,05,2019,14,05,22,35,8,30
Jet Airways,9/03/2019,Delhi,Cochin,DEL → BOM → COK,21:50,18:50,21h,1,No Info,15764,9,03,2019,21,50,18,50,21h,
Vistara,12/06/2019,Banglore,Delhi,BLR → DEL,09:45,12:35,2:50,0,No Info,4668,12,06,2019,09,45,12,35,2,50
Jet Airways,24/06/2019,Delhi,Cochin,DEL → COK,11:00,14:15,3:15,0,No Info,9564,24,06,2019,11,00,14,15,3,15
IndiGo,15/05/2019,Delhi,Cochin,DEL → BOM → COK,06:40,21:00,14:20,1,No Info,7191,15,05,2019,06,40,21,00,14,20
Jet Airways,6/03/2019,Delhi,Cochin,DEL → BOM → COK,19:45,04:25,8:40,1,No Info,15764,6,03,2019,19,45,04,25,8,40
Jet Airways,6/05/2019,Kolkata,Banglore,CCU → BOM → BLR,14:05,12:00,21:55,1,No Info,14388,6,05,2019,14,05,12,00,21,55
Jet Airways,27/03/2019,Delhi,Cochin,DEL → BOM → COK,19:45,04:25,8:40,1,In-flight meal not included,6540,27,03,2019,19,45,04,25,8,40
SpiceJet,24/06/2019,Banglore,Delhi,BLR → DEL,09:30,12:20,2:50,0,No Info,3625,24,06,2019,09,30,12,20,2,50
Multiple carriers,9/05/2019,Delhi,Cochin,DEL → BOM → COK,07:30,19:15,11:45,1,No Info,8266,9,05,2019,07,30,19,15,11,45
SpiceJet,18/05/2019,Kolkata,Banglore,CCU → IXB → BLR,11:15,18:30,7:15,1,No Info,10944,18,05,2019,11,15,18,30,7,15
IndiGo,27/03/2019,Delhi,Cochin,DEL → BOM → COK,16:00,21:00,5h,1,No Info,5073,27,03,2019,16,00,21,00,5h,
Jet Airways,15/03/2019,Banglore,New Delhi,BLR → BOM → DEL,05:45,12:25,6:40,1,In-flight meal not included,9134,15,03,2019,05,45,12,25,6,40
Vistara,12/06/2019,Kolkata,Banglore,CCU → DEL → BLR,20:20,20:20,24h,1,No Info,8085,12,06,2019,20,20,20,20,24h,
Jet Airways,06/03/2019,Banglore,New Delhi,BLR → BOM → DEL,07:00,12:25,5:25,1,No Info,22270,06,03,2019,07,00,12,25,5,25
Air India,1/04/2019,Kolkata,Banglore,CCU → DEL → VGA → BLR,07:00,10:00,27h,2,No Info,9836,1,04,2019,07,00,10,00,27h,
IndiGo,3/03/2019,Delhi,Cochin,DEL → BOM → COK,18:35,01:35,7h,1,No Info,14871,3,03,2019,18,35,01,35,7h,
Jet Airways,12/03/2019,Mumbai,Hyderabad,BOM → VNS → DEL → HYD,06:30,16:35,10:5,2,No Info,23528,12,03,2019,06,30,16,35,10,5
Jet Airways,6/06/2019,Banglore,Delhi,BLR → DEL,07:10,10:10,3h,0,No Info,8016,6,06,2019,07,10,10,10,3h,
Jet Airways,18/03/2019,Banglore,New Delhi,BLR → BOM → DEL,07:00,16:10,9:10,1,No Info,12284,18,03,2019,07,00,16,10,9,10
Multiple carriers,12/06/2019,Delhi,Cochin,DEL → BOM → COK,06:00,21:00,15h,1,No Info,7005,12,06,2019,06,00,21,00,15h,
IndiGo,3/06/2019,Kolkata,Banglore,CCU → BLR,11:30,14:05,2:35,0,No Info,4804,3,06,2019,11,30,14,05,2,35
IndiGo,27/03/2019,Delhi,Cochin,DEL → BLR → COK,05:05,10:05,5h,1,No Info,6827,27,03,2019,05,05,10,05,5h,
Air India,12/05/2019,Mumbai,Hyderabad,BOM → HYD,06:20,07:40,1:20,0,No Info,3100,12,05,2019,06,20,07,40,1,20
Jet Airways,15/03/2019,Mumbai,Hyderabad,BOM → HYD,19:35,21:05,1:30,0,In-flight meal not included,2759,15,03,2019,19,35,21,05,1,30
Jet Airways,9/05/2019,Kolkata,Banglore,CCU → DEL → BLR,20:25,21:05,24:40,1,No Info,13067,9,05,2019,20,25,21,05,24,40
GoAir,15/04/2019,Banglore,Delhi,BLR → DEL,20:55,23:40,2:45,0,No Info,3898,15,04,2019,20,55,23,40,2,45
Jet Airways,12/06/2019,Delhi,Cochin,DEL → JAI → BOM → COK,09:40,04:25,18:45,2,In-flight meal not included,10368,12,06,2019,09,40,04,25,18,45
SpiceJet,18/03/2019,Banglore,New Delhi,BLR → DEL,05:45,08:35,2:50,0,No check-in baggage included,4273,18,03,2019,05,45,08,35,2,50
SpiceJet,24/05/2019,Banglore,Delhi,BLR → DEL,05:55,08:35,2:40,0,No Info,3311,24,05,2019,05,55,08,35,2,40
Multiple carriers,6/03/2019,Delhi,Cochin,DEL → BOM → COK,09:00,21:00,12h,1,In-flight meal not included,15136,6,03,2019,09,00,21,00,12h,
Multiple carriers,9/04/2019,Delhi,Cochin,DEL → HYD → COK,07:05,18:10,11:5,1,No Info,6601,9,04,2019,07,05,18,10,11,5
Vistara,24/05/2019,Kolkata,Banglore,CCU → DEL → BLR,20:20,22:40,26:20,1,No Info,8452,24,05,2019,20,20,22,40,26,20
Jet Airways,1/05/2019,Kolkata,Banglore,CCU → DEL → BLR,17:00,14:25,21:25,1,In-flight meal not included,9314,1,05,2019,17,00,14,25,21,25
IndiGo,1/06/2019,Delhi,Cochin,DEL → BLR → COK,02:00,07:45,5:45,1,No Info,6386,1,06,2019,02,00,07,45,5,45
Multiple carriers,24/06/2019,Delhi,Cochin,DEL → BOM → COK,11:30,01:30,14h,1,No Info,13377,24,06,2019,11,30,01,30,14h,
Jet Airways,3/03/2019,Mumbai,Hyderabad,BOM → HYD,02:55,04:25,1:30,0,No Info,5678,3,03,2019,02,55,04,25,1,30
Air Asia,18/05/2019,Banglore,Delhi,BLR → DEL,23:55,02:45,2:50,0,No Info,4483,18,05,2019,23,55,02,45,2,50
Jet Airways,27/05/2019,Delhi,Cochin,DEL → BOM → COK,14:00,12:35,22:35,1,In-flight meal not included,12898,27,05,2019,14,00,12,35,22,35
IndiGo,03/03/2019,Banglore,New Delhi,BLR → DEL,07:10,10:05,2:55,0,No Info,7648,03,03,2019,07,10,10,05,2,55
Jet Airways,9/06/2019,Kolkata,Banglore,CCU → BOM → BLR,06:30,23:35,17:5,1,No Info,14571,9,06,2019,06,30,23,35,17,5
IndiGo,27/06/2019,Mumbai,Hyderabad,BOM → HYD,06:25,07:55,1:30,0,No Info,4049,27,06,2019,06,25,07,55,1,30
Air India,18/03/2019,Banglore,New Delhi,BLR → BOM → BHO → DEL,08:50,23:25,14:35,2,No Info,11728,18,03,2019,08,50,23,25,14,35
SpiceJet,18/04/2019,Kolkata,Banglore,CCU → BLR,06:55,09:30,2:35,0,No Info,3873,18,04,2019,06,55,09,30,2,35
Air India,9/05/2019,Delhi,Cochin,DEL → MAA → COK,20:40,09:25,12:45,1,No Info,7480,9,05,2019,20,40,09,25,12,45
Jet Airways,21/06/2019,Banglore,Delhi,BLR → DEL,19:50,22:50,3h,0,No Info,8541,21,06,2019,19,50,22,50,3h,
Jet Airways,01/03/2019,Banglore,New Delhi,BLR → BOM → DEL,22:50,11:25,12:35,1,1 Long layover,31825,01,03,2019,22,50,11,25,12,35
IndiGo,1/06/2019,Chennai,Kolkata,MAA → CCU,14:45,17:05,2:20,0,No Info,3597,1,06,2019,14,45,17,05,2,20
Jet Airways,12/03/2019,Banglore,New Delhi,BLR → BOM → DEL,21:25,15:15,17:50,1,No Info,13817,12,03,2019,21,25,15,15,17,50
Jet Airways,24/05/2019,Kolkata,Banglore,CCU → BOM → BLR,08:25,20:45,12:20,1,No Info,14571,24,05,2019,08,25,20,45,12,20
Air Asia,15/06/2019,Delhi,Cochin,DEL → BLR → COK,16:45,07:10,14:25,1,No Info,6853,15,06,2019,16,45,07,10,14,25
Jet Airways,27/05/2019,Delhi,Cochin,DEL → AMD → BOM → COK,23:05,04:25,29:20,2,No Info,16704,27,05,2019,23,05,04,25,29,20
SpiceJet,27/05/2019,Banglore,Delhi,BLR → DEL,09:30,12:20,2:50,0,No check-in baggage included,3573,27,05,2019,09,30,12,20,2,50
Vistara,15/05/2019,Kolkata,Banglore,CCU → DEL → BLR,17:00,18:50,25:50,1,No Info,9345,15,05,2019,17,00,18,50,25,50
Jet Airways,15/06/2019,Delhi,Cochin,DEL → JAI → BOM → COK,05:30,04:25,22:55,2,No Info,13014,15,06,2019,05,30,04,25,22,55
Multiple carriers,12/06/2019,Delhi,Cochin,DEL → BOM → COK,08:00,21:00,13h,1,No Info,13797,12,06,2019,08,00,21,00,13h,
Air India,03/03/2019,Banglore,New Delhi,BLR → HBX → BOM → NAG → DEL,12:00,10:35,22:35,3,No Info,12358,03,03,2019,12,00,10,35,22,35
Multiple carriers,9/03/2019,Delhi,Cochin,DEL → BOM → COK,18:15,01:35,7:20,1,In-flight meal not included,14086,9,03,2019,18,15,01,35,7,20
IndiGo,3/05/2019,Chennai,Kolkata,MAA → CCU,19:35,21:55,2:20,0,No Info,3597,3,05,2019,19,35,21,55,2,20
Jet Airways,24/05/2019,Kolkata,Banglore,CCU → BOM → BLR,18:55,08:15,13:20,1,No Info,13731,24,05,2019,18,55,08,15,13,20
Jet Airways,21/05/2019,Delhi,Cochin,DEL → BOM → COK,19:45,04:25,8:40,1,In-flight meal not included,12898,21,05,2019,19,45,04,25,8,40
Jet Airways,6/06/2019,Delhi,Cochin,DEL → BOM → COK,16:00,04:25,12:25,1,No Info,14714,6,06,2019,16,00,04,25,12,25
Vistara,12/04/2019,Banglore,Delhi,BLR → DEL,11:30,14:20,2:50,0,No Info,5403,12,04,2019,11,30,14,20,2,50
Jet Airways,24/06/2019,Banglore,Delhi,BLR → DEL,06:00,08:45,2:45,0,In-flight meal not included,5769,24,06,2019,06,00,08,45,2,45
Air Asia,24/03/2019,Kolkata,Banglore,CCU → BLR,10:20,12:55,2:35,0,No Info,5620,24,03,2019,10,20,12,55,2,35
IndiGo,18/06/2019,Delhi,Cochin,DEL → COK,05:35,08:50,3:15,0,No Info,5000,18,06,2019,05,35,08,50,3,15
Air India,21/03/2019,Delhi,Cochin,DEL → LKO → BOM → COK,12:20,19:15,30:55,2,No Info,10703,21,03,2019,12,20,19,15,30,55
Multiple carriers,18/05/2019,Delhi,Cochin,DEL → BOM → COK,11:30,21:00,9:30,1,No Info,13727,18,05,2019,11,30,21,00,9,30
Jet Airways,12/05/2019,Kolkata,Banglore,CCU → BOM → BLR,20:00,09:20,13:20,1,No Info,14388,12,05,2019,20,00,09,20,13,20
Air India,6/06/2019,Kolkata,Banglore,CCU → DEL → COK → BLR,10:00,01:20,15:20,2,No Info,13033,6,06,2019,10,00,01,20,15,20
Jet Airways,01/03/2019,Banglore,New Delhi,BLR → BOM → DEL,08:00,07:40,23:40,1,No Info,22270,01,03,2019,08,00,07,40,23,40
IndiGo,27/05/2019,Delhi,Cochin,DEL → LKO → COK,21:50,03:35,5:45,1,No Info,6769,27,05,2019,21,50,03,35,5,45
Air Asia,24/05/2019,Kolkata,Banglore,CCU → IXR → DEL → BLR,15:10,23:30,8:20,2,No Info,5192,24,05,2019,15,10,23,30,8,20
Jet Airways,24/05/2019,Mumbai,Hyderabad,BOM → HYD,02:55,04:20,1:25,0,In-flight meal not included,4995,24,05,2019,02,55,04,20,1,25
IndiGo,1/03/2019,Chennai,Kolkata,MAA → CCU,07:55,10:15,2:20,0,No Info,8580,1,03,2019,07,55,10,15,2,20
Air India,15/06/2019,Delhi,Cochin,DEL → MAA → COK,12:30,09:25,20:55,1,No Info,7480,15,06,2019,12,30,09,25,20,55
Jet Airways,27/04/2019,Banglore,Delhi,BLR → DEL,08:20,11:20,3h,0,In-flight meal not included,5198,27,04,2019,08,20,11,20,3h,
Jet Airways,6/06/2019,Delhi,Cochin,DEL → JAI → BOM → COK,09:40,19:00,9:20,2,In-flight meal not included,10368,6,06,2019,09,40,19,00,9,20
Jet Airways,6/05/2019,Mumbai,Hyderabad,BOM → HYD,07:05,08:30,1:25,0,No Info,8040,6,05,2019,07,05,08,30,1,25
Jet Airways,9/03/2019,Delhi,Cochin,DEL → ATQ → BOM → COK,08:20,04:25,20:5,2,No Info,18909,9,03,2019,08,20,04,25,20,5
Air India,1/04/2019,Kolkata,Banglore,CCU → DEL → AMD → BLR,07:00,05:25,22:25,2,No Info,12849,1,04,2019,07,00,05,25,22,25
Air India,1/03/2019,Delhi,Cochin,DEL → BLR → COK,09:45,08:15,22:30,1,No Info,22798,1,03,2019,09,45,08,15,22,30
Jet Airways,6/06/2019,Kolkata,Banglore,CCU → BOM → BLR,08:25,18:15,9:50,1,No Info,14571,6,06,2019,08,25,18,15,9,50
Jet Airways,06/03/2019,Banglore,New Delhi,BLR → BOM → DEL,14:05,08:15,18:10,1,In-flight meal not included,13502,06,03,2019,14,05,08,15,18,10
SpiceJet,27/03/2019,Chennai,Kolkata,MAA → CCU,17:45,20:05,2:20,0,No check-in baggage included,3332,27,03,2019,17,45,20,05,2,20
Multiple carriers,6/06/2019,Delhi,Cochin,DEL → BOM → COK,07:30,19:15,11:45,1,No Info,7354,6,06,2019,07,30,19,15,11,45
Multiple carriers,15/05/2019,Delhi,Cochin,DEL → BOM → COK,10:00,21:00,11h,1,No Info,8073,15,05,2019,10,00,21,00,11h,
IndiGo,21/03/2019,Mumbai,Hyderabad,BOM → HYD,09:10,10:35,1:25,0,No Info,4049,21,03,2019,09,10,10,35,1,25
Jet Airways,9/03/2019,Delhi,Cochin,DEL → BOM → COK,02:15,04:25,26:10,1,No Info,15029,9,03,2019,02,15,04,25,26,10
Air India,24/06/2019,Delhi,Cochin,DEL → HYD → MAA → COK,09:45,09:25,23:40,2,No Info,10975,24,06,2019,09,45,09,25,23,40
Multiple carriers,1/06/2019,Delhi,Cochin,DEL → HYD → COK,07:10,22:30,15:20,1,No Info,7038,1,06,2019,07,10,22,30,15,20
Jet Airways,9/05/2019,Delhi,Cochin,DEL → BOM → COK,08:00,19:00,11h,1,No Info,15554,9,05,2019,08,00,19,00,11h,
Air India,12/06/2019,Banglore,Delhi,BLR → DEL,21:05,23:55,2:50,0,No Info,5228,12,06,2019,21,05,23,55,2,50
IndiGo,1/06/2019,Delhi,Cochin,DEL → MAA → COK,02:00,07:25,5:25,1,No Info,5636,1,06,2019,02,00,07,25,5,25
Air India,27/06/2019,Delhi,Cochin,DEL → JAI → BOM → COK,12:00,07:40,19:40,2,No Info,9653,27,06,2019,12,00,07,40,19,40
Jet Airways,24/05/2019,Kolkata,Banglore,CCU → BOM → BLR,18:55,10:05,15:10,1,In-flight meal not included,8586,24,05,2019,18,55,10,05,15,10
SpiceJet,21/05/2019,Mumbai,Hyderabad,BOM → HYD,13:15,14:45,1:30,0,No Info,2017,21,05,2019,13,15,14,45,1,30
Vistara,24/05/2019,Kolkata,Banglore,CCU → DEL → BLR,20:20,23:25,27:5,1,No Info,9345,24,05,2019,20,20,23,25,27,5
Jet Airways,21/03/2019,Delhi,Cochin,DEL → BDQ → BOM → COK,10:45,18:50,32:5,2,In-flight meal not included,9270,21,03,2019,10,45,18,50,32,5
Jet Airways,3/06/2019,Delhi,Cochin,DEL → IDR → BOM → COK,05:30,19:00,13:30,2,No Info,13292,3,06,2019,05,30,19,00,13,30
Jet Airways,27/03/2019,Delhi,Cochin,DEL → MAA → BOM → COK,17:35,19:45,26:10,2,In-flight meal not included,8098,27,03,2019,17,35,19,45,26,10
Air India,6/06/2019,Delhi,Cochin,DEL → MAA → COK,09:45,09:25,23:40,1,No Info,7952,6,06,2019,09,45,09,25,23,40
IndiGo,12/06/2019,Delhi,Cochin,DEL → BOM → COK,18:35,01:30,6:55,1,No Info,5883,12,06,2019,18,35,01,30,6,55
Jet Airways,6/06/2019,Banglore,Delhi,BLR → DEL,19:50,22:50,3h,0,No Info,8016,6,06,2019,19,50,22,50,3h,
SpiceJet,18/05/2019,Kolkata,Banglore,CCU → BLR,17:10,19:40,2:30,0,No Info,4174,18,05,2019,17,10,19,40,2,30
Multiple carriers,3/06/2019,Delhi,Cochin,DEL → HYD → COK,07:05,22:30,15:25,1,No Info,10696,3,06,2019,07,05,22,30,15,25
Vistara,12/06/2019,Banglore,Delhi,BLR → DEL,17:00,19:35,2:35,0,No Info,4878,12,06,2019,17,00,19,35,2,35
SpiceJet,1/04/2019,Banglore,Delhi,BLR → DEL,09:30,12:20,2:50,0,No Info,3971,1,04,2019,09,30,12,20,2,50
Multiple carriers,3/06/2019,Delhi,Cochin,DEL → BOM → COK,19:00,01:30,6:30,1,No Info,7198,3,06,2019,19,00,01,30,6,30
Jet Airways,6/05/2019,Kolkata,Banglore,CCU → DEL → BLR,20:25,22:05,25:40,1,In-flight meal not included,9314,6,05,2019,20,25,22,05,25,40
SpiceJet,1/05/2019,Banglore,Delhi,BLR → DEL,09:30,12:20,2:50,0,No Info,4423,1,05,2019,09,30,12,20,2,50
SpiceJet,6/04/2019,Kolkata,Banglore,CCU → BLR,06:55,09:30,2:35,0,No check-in baggage included,3841,6,04,2019,06,55,09,30,2,35
Multiple carriers,27/03/2019,Delhi,Cochin,DEL → BOM → COK,10:45,19:15,8:30,1,No Info,7154,27,03,2019,10,45,19,15,8,30
Air India,15/06/2019,Delhi,Cochin,DEL → BOM → COK,07:00,19:15,12:15,1,No Info,9929,15,06,2019,07,00,19,15,12,15
Multiple carriers,9/05/2019,Delhi,Cochin,DEL → BOM → COK,11:40,19:15,7:35,1,No Info,8266,9,05,2019,11,40,19,15,7,35
Multiple carriers,12/06/2019,Delhi,Cochin,DEL → BOM → COK,08:30,19:00,10:30,1,No Info,10877,12,06,2019,08,30,19,00,10,30
IndiGo,24/06/2019,Kolkata,Banglore,CCU → BLR,15:15,17:45,2:30,0,No Info,4804,24,06,2019,15,15,17,45,2,30
Multiple carriers,15/06/2019,Delhi,Cochin,DEL → BOM → COK,11:30,21:00,9:30,1,No Info,13587,15,06,2019,11,30,21,00,9,30
IndiGo,6/03/2019,Delhi,Cochin,DEL → BOM → COK,04:45,13:20,8:35,1,No Info,13611,6,03,2019,04,45,13,20,8,35
IndiGo,6/06/2019,Delhi,Cochin,DEL → BOM → COK,09:15,01:30,16:15,1,No Info,6628,6,06,2019,09,15,01,30,16,15
IndiGo,12/06/2019,Delhi,Cochin,DEL → COK,14:25,17:40,3:15,0,No Info,5601,12,06,2019,14,25,17,40,3,15
SpiceJet,15/04/2019,Delhi,Cochin,DEL → MAA → COK,06:05,11:20,5:15,1,No Info,5583,15,04,2019,06,05,11,20,5,15
IndiGo,21/05/2019,Banglore,Delhi,BLR → DEL,10:10,13:00,2:50,0,No Info,3943,21,05,2019,10,10,13,00,2,50
IndiGo,24/03/2019,Banglore,New Delhi,BLR → DEL,04:00,06:50,2:50,0,No Info,4777,24,03,2019,04,00,06,50,2,50
Jet Airways,12/05/2019,Kolkata,Banglore,CCU → BOM → BLR,20:00,12:00,16h,1,In-flight meal not included,9663,12,05,2019,20,00,12,00,16h,
Jet Airways,1/06/2019,Delhi,Cochin,DEL → JAI → BOM → COK,05:30,04:25,22:55,2,In-flight meal not included,10368,1,06,2019,05,30,04,25,22,55
IndiGo,15/06/2019,Delhi,Cochin,DEL → BOM → COK,18:35,01:30,6:55,1,No Info,5883,15,06,2019,18,35,01,30,6,55
IndiGo,27/04/2019,Kolkata,Banglore,CCU → BLR,11:30,14:05,2:35,0,No Info,4804,27,04,2019,11,30,14,05,2,35
Vistara,03/03/2019,Banglore,New Delhi,BLR → DEL,16:00,18:35,2:35,0,No Info,13383,03,03,2019,16,00,18,35,2,35
Multiple carriers,1/06/2019,Delhi,Cochin,DEL → HYD → COK,13:15,22:30,9:15,1,No Info,9646,1,06,2019,13,15,22,30,9,15
Jet Airways,1/05/2019,Kolkata,Banglore,CCU → DEL → BLR,17:00,19:10,26:10,1,No Info,11467,1,05,2019,17,00,19,10,26,10
Air Asia,12/05/2019,Kolkata,Banglore,CCU → DEL → BLR,22:40,10:40,12h,1,No Info,5192,12,05,2019,22,40,10,40,12h,
Jet Airways,12/06/2019,Delhi,Cochin,DEL → NAG → BOM → COK,06:45,04:25,21:40,2,No Info,13376,12,06,2019,06,45,04,25,21,40
Air Asia,03/03/2019,Banglore,New Delhi,BLR → DEL,23:25,02:10,2:45,0,No Info,6477,03,03,2019,23,25,02,10,2,45
Multiple carriers,18/05/2019,Delhi,Cochin,DEL → BOM → COK,09:00,21:00,12h,1,No Info,13727,18,05,2019,09,00,21,00,12h,
Vistara,18/05/2019,Kolkata,Banglore,CCU → DEL → BLR,17:00,20:20,27:20,1,No Info,9555,18,05,2019,17,00,20,20,27,20
Jet Airways,24/06/2019,Delhi,Cochin,DEL → AMD → BOM → COK,19:10,19:00,23:50,2,No Info,12819,24,06,2019,19,10,19,00,23,50
Vistara,6/03/2019,Mumbai,Hyderabad,BOM → DEL → HYD,10:25,22:55,12:30,1,No Info,12395,6,03,2019,10,25,22,55,12,30
Jet Airways,15/06/2019,Delhi,Cochin,DEL → BOM → COK,19:15,04:25,9:10,1,In-flight meal not included,10262,15,06,2019,19,15,04,25,9,10
Jet Airways,21/05/2019,Kolkata,Banglore,CCU → BOM → BLR,08:25,20:45,12:20,1,No Info,14781,21,05,2019,08,25,20,45,12,20
Jet Airways,12/05/2019,Mumbai,Hyderabad,BOM → HYD,10:20,11:50,1:30,0,No Info,5678,12,05,2019,10,20,11,50,1,30
SpiceJet,15/05/2019,Kolkata,Banglore,CCU → IXB → BLR,15:55,21:25,5:30,1,No Info,7804,15,05,2019,15,55,21,25,5,30
Jet Airways,27/06/2019,Delhi,Cochin,DEL → BOM → COK,15:00,19:00,28h,1,In-flight meal not included,10262,27,06,2019,15,00,19,00,28h,
Jet Airways,18/05/2019,Banglore,Delhi,BLR → DEL,19:50,22:50,3h,0,In-flight meal not included,5198,18,05,2019,19,50,22,50,3h,
IndiGo,3/05/2019,Mumbai,Hyderabad,BOM → HYD,06:25,07:55,1:30,0,No Info,4049,3,05,2019,06,25,07,55,1,30
Air Asia,15/06/2019,Banglore,Delhi,BLR → DEL,11:10,13:55,2:45,0,No Info,3383,15,06,2019,11,10,13,55,2,45
Air India,27/05/2019,Delhi,Cochin,DEL → BLR → COK,17:40,23:00,5:20,1,No Info,7174,27,05,2019,17,40,23,00,5,20
Air India,15/05/2019,Delhi,Cochin,DEL → BLR → COK,20:30,23:00,26:30,1,No Info,8907,15,05,2019,20,30,23,00,26,30
Jet Airways,1/06/2019,Delhi,Cochin,DEL → JAI → BOM → COK,09:40,12:35,26:55,2,No Info,13014,1,06,2019,09,40,12,35,26,55
Jet Airways,6/05/2019,Kolkata,Banglore,CCU → BOM → BLR,21:10,08:15,11:5,1,No Info,13584,6,05,2019,21,10,08,15,11,5
Air Asia,15/05/2019,Kolkata,Banglore,CCU → BLR,22:50,01:20,2:30,0,No Info,4107,15,05,2019,22,50,01,20,2,30
Jet Airways,15/03/2019,Mumbai,Hyderabad,BOM → HYD,02:55,04:25,1:30,0,In-flight meal not included,2071,15,03,2019,02,55,04,25,1,30
Jet Airways,9/05/2019,Delhi,Cochin,DEL → BOM → COK,20:55,04:25,7:30,1,In-flight meal not included,12373,9,05,2019,20,55,04,25,7,30
Air India,12/03/2019,Banglore,New Delhi,BLR → BOM → IXC → DEL,08:50,13:55,29:5,2,No Info,13303,12,03,2019,08,50,13,55,29,5
Jet Airways,12/06/2019,Kolkata,Banglore,CCU → BOM → BLR,16:30,10:05,17:35,1,In-flight meal not included,8529,12,06,2019,16,30,10,05,17,35
Jet Airways,6/06/2019,Kolkata,Banglore,CCU → BOM → BLR,18:55,19:50,24:55,1,No Info,14571,6,06,2019,18,55,19,50,24,55
Jet Airways,27/05/2019,Delhi,Cochin,DEL → AMD → BOM → COK,23:05,04:25,29:20,2,No Info,15129,27,05,2019,23,05,04,25,29,20
Jet Airways,9/06/2019,Banglore,Delhi,BLR → DEL,08:20,11:20,3h,0,No Info,8016,9,06,2019,08,20,11,20,3h,
IndiGo,6/06/2019,Kolkata,Banglore,CCU → BLR,21:25,00:05,2:40,0,No Info,4804,6,06,2019,21,25,00,05,2,40
Air India,09/03/2019,Banglore,New Delhi,BLR → HYD → DEL,06:50,12:15,5:25,1,No Info,5118,09,03,2019,06,50,12,15,5,25
Jet Airways,18/05/2019,Kolkata,Banglore,CCU → BOM → BLR,08:25,08:15,23:50,1,In-flight meal not included,9663,18,05,2019,08,25,08,15,23,50
Air India,9/06/2019,Kolkata,Banglore,CCU → IXR → DEL → BLR,05:50,12:30,30:40,2,No Info,12723,9,06,2019,05,50,12,30,30,40
GoAir,12/05/2019,Banglore,Delhi,BLR → DEL,20:55,23:40,2:45,0,No Info,3419,12,05,2019,20,55,23,40,2,45
Jet Airways,12/03/2019,Banglore,New Delhi,BLR → BOM → DEL,22:55,10:45,11:50,1,In-flight meal not included,11087,12,03,2019,22,55,10,45,11,50
IndiGo,12/04/2019,Kolkata,Banglore,CCU → BLR,22:15,00:50,2:35,0,No Info,4174,12,04,2019,22,15,00,50,2,35
Jet Airways,9/06/2019,Delhi,Cochin,DEL → BOM → COK,08:00,04:25,20:25,1,In-flight meal not included,10262,9,06,2019,08,00,04,25,20,25
Jet Airways,15/06/2019,Delhi,Cochin,DEL → IDR → BOM → COK,09:35,12:35,27h,2,No Info,12609,15,06,2019,09,35,12,35,27h,
Vistara,3/06/2019,Banglore,Delhi,BLR → DEL,07:00,09:40,2:40,0,No Info,4668,3,06,2019,07,00,09,40,2,40
SpiceJet,24/05/2019,Mumbai,Hyderabad,BOM → HYD,22:45,00:15,1:30,0,No check-in baggage included,1965,24,05,2019,22,45,00,15,1,30
IndiGo,1/06/2019,Mumbai,Hyderabad,BOM → HYD,06:25,07:55,1:30,0,No Info,4049,1,06,2019,06,25,07,55,1,30
Air India,12/04/2019,Kolkata,Banglore,CCU → BLR,14:15,16:45,2:30,0,No Info,5195,12,04,2019,14,15,16,45,2,30
IndiGo,18/05/2019,Kolkata,Banglore,CCU → BLR,20:20,22:55,2:35,0,No Info,4804,18,05,2019,20,20,22,55,2,35
IndiGo,03/03/2019,Banglore,New Delhi,BLR → DEL,13:00,15:50,2:50,0,No Info,7648,03,03,2019,13,00,15,50,2,50
IndiGo,3/05/2019,Chennai,Kolkata,MAA → CCU,07:55,10:15,2:20,0,No Info,3850,3,05,2019,07,55,10,15,2,20
Air India,15/04/2019,Banglore,Delhi,BLR → DEL,10:00,12:45,2:45,0,No Info,6121,15,04,2019,10,00,12,45,2,45
IndiGo,18/06/2019,Chennai,Kolkata,MAA → CCU,05:15,07:40,2:25,0,No Info,3540,18,06,2019,05,15,07,40,2,25
Jet Airways,15/03/2019,Banglore,New Delhi,BLR → BOM → DEL,05:45,11:25,5:40,1,In-flight meal not included,9134,15,03,2019,05,45,11,25,5,40
Jet Airways,6/06/2019,Kolkata,Banglore,CCU → BOM → BLR,18:55,22:35,27:40,1,In-flight meal not included,10844,6,06,2019,18,55,22,35,27,40
IndiGo,3/06/2019,Chennai,Kolkata,MAA → CCU,22:05,00:25,2:20,0,No Info,5277,3,06,2019,22,05,00,25,2,20
IndiGo,6/04/2019,Delhi,Cochin,DEL → BOM → COK,16:00,21:00,5h,1,No Info,5073,6,04,2019,16,00,21,00,5h,
SpiceJet,24/06/2019,Kolkata,Banglore,CCU → BLR,06:55,09:30,2:35,0,No check-in baggage included,3841,24,06,2019,06,55,09,30,2,35
Multiple carriers,3/06/2019,Delhi,Cochin,DEL → BOM → COK,07:30,19:00,11:30,1,No Info,10877,3,06,2019,07,30,19,00,11,30
Jet Airways,27/03/2019,Delhi,Cochin,DEL → BOM → COK,17:30,19:45,26:15,1,In-flight meal not included,5406,27,03,2019,17,30,19,45,26,15
Jet Airways,9/06/2019,Kolkata,Banglore,CCU → DEL → BLR,17:00,09:45,16:45,1,No Info,14151,9,06,2019,17,00,09,45,16,45
Jet Airways,3/06/2019,Delhi,Cochin,DEL → BDQ → BOM → COK,18:25,12:35,18:10,2,No Info,14237,3,06,2019,18,25,12,35,18,10
IndiGo,24/06/2019,Mumbai,Hyderabad,BOM → HYD,01:40,03:10,1:30,0,No Info,2754,24,06,2019,01,40,03,10,1,30
Air India,18/05/2019,Kolkata,Banglore,CCU → DEL → BLR,07:00,20:25,13:25,1,No Info,11306,18,05,2019,07,00,20,25,13,25
Air Asia,1/05/2019,Kolkata,Banglore,CCU → DEL → BLR,22:40,10:40,12h,1,No Info,5192,1,05,2019,22,40,10,40,12h,
Vistara,12/06/2019,Chennai,Kolkata,MAA → CCU,07:05,09:20,2:15,0,No Info,3687,12,06,2019,07,05,09,20,2,15
Multiple carriers,3/06/2019,Delhi,Cochin,DEL → BOM → COK,03:50,19:00,15:10,1,No Info,12192,3,06,2019,03,50,19,00,15,10
Jet Airways,27/05/2019,Delhi,Cochin,DEL → BOM → COK,13:00,19:00,6h,1,In-flight meal not included,12898,27,05,2019,13,00,19,00,6h,
Jet Airways,9/06/2019,Delhi,Cochin,DEL → BOM → COK,19:45,19:00,23:15,1,No Info,14924,9,06,2019,19,45,19,00,23,15
SpiceJet,24/05/2019,Kolkata,Banglore,CCU → KNU → BLR,11:35,18:50,7:15,1,No Info,8479,24,05,2019,11,35,18,50,7,15
Multiple carriers,27/05/2019,Delhi,Cochin,DEL → BOM → COK,14:00,01:30,11:30,1,In-flight meal not included,6943,27,05,2019,14,00,01,30,11,30
Multiple carriers,27/06/2019,Delhi,Cochin,DEL → BOM → COK,06:40,19:15,12:35,1,No Info,7354,27,06,2019,06,40,19,15,12,35
Multiple carriers,6/06/2019,Delhi,Cochin,DEL → BOM → COK,09:00,19:00,10h,1,No Info,12192,6,06,2019,09,00,19,00,10h,
IndiGo,3/05/2019,Banglore,Delhi,BLR → DEL,21:15,00:15,3h,0,No Info,3943,3,05,2019,21,15,00,15,3h,
Jet Airways,6/05/2019,Delhi,Cochin,DEL → AMD → BOM → COK,19:10,19:00,23:50,2,No Info,15129,6,05,2019,19,10,19,00,23,50
Vistara,9/04/2019,Banglore,Delhi,BLR → DEL,07:00,09:40,2:40,0,No Info,5403,9,04,2019,07,00,09,40,2,40
Jet Airways,27/06/2019,Delhi,Cochin,DEL → LKO → BOM → COK,09:25,04:25,19h,2,No Info,13882,27,06,2019,09,25,04,25,19h,
Jet Airways,21/03/2019,Mumbai,Hyderabad,BOM → HYD,19:35,21:05,1:30,0,No Info,5678,21,03,2019,19,35,21,05,1,30
Vistara,27/04/2019,Banglore,Delhi,BLR → DEL,11:30,14:20,2:50,0,No Info,5403,27,04,2019,11,30,14,20,2,50
Vistara,27/06/2019,Banglore,Delhi,BLR → DEL,21:00,23:50,2:50,0,No Info,4878,27,06,2019,21,00,23,50,2,50
IndiGo,27/03/2019,Delhi,Cochin,DEL → HYD → MAA → COK,06:40,21:20,14:40,2,No Info,6494,27,03,2019,06,40,21,20,14,40
IndiGo,24/03/2019,Banglore,New Delhi,BLR → DEL,01:30,04:15,2:45,0,No Info,4777,24,03,2019,01,30,04,15,2,45
Air India,6/06/2019,Mumbai,Hyderabad,BOM → HYD,13:55,15:25,1:30,0,No Info,3625,6,06,2019,13,55,15,25,1,30
Air India,1/04/2019,Kolkata,Banglore,CCU → BBI → BOM → BLR,12:00,18:30,30:30,2,No Info,9258,1,04,2019,12,00,18,30,30,30
Jet Airways,6/06/2019,Delhi,Cochin,DEL → BOM → COK,13:00,19:00,6h,1,In-flight meal not included,10262,6,06,2019,13,00,19,00,6h,
Air India,01/03/2019,Banglore,New Delhi,BLR → CCU → BBI → HYD → VGA → DEL,05:50,11:20,29:30,4,Change airports,17686,01,03,2019,05,50,11,20,29,30
IndiGo,3/04/2019,Kolkata,Banglore,CCU → BLR,15:15,17:45,2:30,0,No Info,4174,3,04,2019,15,15,17,45,2,30
Multiple carriers,21/05/2019,Delhi,Cochin,DEL → BOM → COK,10:20,01:30,15:10,1,No Info,7485,21,05,2019,10,20,01,30,15,10
Air India,18/05/2019,Kolkata,Banglore,CCU → JAI → BOM → BLR,08:20,11:10,26:50,2,No Info,11222,18,05,2019,08,20,11,10,26,50
Jet Airways,1/05/2019,Kolkata,Banglore,CCU → DEL → BLR,17:00,21:05,28:5,1,No Info,12121,1,05,2019,17,00,21,05,28,5
Air India,21/05/2019,Kolkata,Banglore,CCU → JAI → BOM → BLR,08:20,18:30,10:10,2,No Info,10697,21,05,2019,08,20,18,30,10,10
Jet Airways,9/05/2019,Delhi,Cochin,DEL → BOM → COK,11:30,19:00,7:30,1,In-flight meal not included,12373,9,05,2019,11,30,19,00,7,30
SpiceJet,21/05/2019,Kolkata,Banglore,CCU → PNQ → BLR,08:35,17:15,8:40,1,No Info,6381,21,05,2019,08,35,17,15,8,40
Jet Airways,6/03/2019,Delhi,Cochin,DEL → UDR → BOM → COK,17:55,04:25,34:30,2,No Info,17072,6,03,2019,17,55,04,25,34,30
Jet Airways,9/06/2019,Delhi,Cochin,DEL → JAI → BOM → COK,09:40,12:35,26:55,2,In-flight meal not included,10368,9,06,2019,09,40,12,35,26,55
IndiGo,24/05/2019,Banglore,Delhi,BLR → DEL,18:25,21:20,2:55,0,No Info,4823,24,05,2019,18,25,21,20,2,55
Air India,3/03/2019,Delhi,Cochin,DEL → BLR → COK,09:45,23:00,13:15,1,No Info,27282,3,03,2019,09,45,23,00,13,15
IndiGo,12/06/2019,Mumbai,Hyderabad,BOM → HYD,20:05,21:40,1:35,0,No Info,2227,12,06,2019,20,05,21,40,1,35
IndiGo,09/03/2019,Banglore,New Delhi,BLR → DEL,00:40,03:25,2:45,0,No Info,4545,09,03,2019,00,40,03,25,2,45
IndiGo,21/03/2019,Kolkata,Banglore,CCU → BLR,17:15,19:55,2:40,0,No Info,4148,21,03,2019,17,15,19,55,2,40
IndiGo,12/03/2019,Kolkata,Banglore,CCU → BLR,15:10,17:45,2:35,0,No Info,4148,12,03,2019,15,10,17,45,2,35
Air India,21/03/2019,Banglore,New Delhi,BLR → HYD → VGA → DEL,08:15,11:20,27:5,2,No Info,7642,21,03,2019,08,15,11,20,27,5
Jet Airways,3/06/2019,Delhi,Cochin,DEL → BOM → COK,16:00,12:35,20:35,1,In-flight meal not included,10262,3,06,2019,16,00,12,35,20,35
Jet Airways,24/05/2019,Banglore,Delhi,BLR → DEL,08:20,11:20,3h,0,In-flight meal not included,4030,24,05,2019,08,20,11,20,3h,
IndiGo,27/06/2019,Delhi,Cochin,DEL → COK,14:25,17:40,3:15,0,No Info,5000,27,06,2019,14,25,17,40,3,15
SpiceJet,9/06/2019,Delhi,Cochin,DEL → PNQ → COK,08:45,13:15,4:30,1,No Info,5264,9,06,2019,08,45,13,15,4,30
Jet Airways,1/06/2019,Banglore,Delhi,BLR → DEL,18:55,22:00,3:5,0,In-flight meal not included,7229,1,06,2019,18,55,22,00,3,5
Jet Airways,3/06/2019,Delhi,Cochin,DEL → BOM → COK,08:00,19:00,11h,1,In-flight meal not included,10577,3,06,2019,08,00,19,00,11h,
Air India,24/05/2019,Kolkata,Banglore,CCU → IXR → DEL → BLR,05:50,08:55,27:5,2,No Info,12723,24,05,2019,05,50,08,55,27,5
Jet Airways,1/06/2019,Delhi,Cochin,DEL → BOM → COK,21:50,04:25,6:35,1,No Info,14714,1,06,2019,21,50,04,25,6,35
Jet Airways,21/03/2019,Delhi,Cochin,DEL → BOM → COK,02:15,04:25,26:10,1,In-flight meal not included,7438,21,03,2019,02,15,04,25,26,10
Air India,15/05/2019,Kolkata,Banglore,CCU → DEL → BLR,20:30,20:25,23:55,1,No Info,10203,15,05,2019,20,30,20,25,23,55
Air Asia,27/03/2019,Kolkata,Banglore,CCU → BLR,22:50,01:20,2:30,0,No Info,3782,27,03,2019,22,50,01,20,2,30
Jet Airways,12/06/2019,Delhi,Cochin,DEL → JAI → BOM → COK,05:30,19:00,13:30,2,No Info,13014,12,06,2019,05,30,19,00,13,30
Multiple carriers,15/05/2019,Delhi,Cochin,DEL → BOM → COK,19:00,01:30,6:30,1,No Info,8073,15,05,2019,19,00,01,30,6,30
IndiGo,9/05/2019,Kolkata,Banglore,CCU → BLR,15:30,18:05,2:35,0,No Info,4804,9,05,2019,15,30,18,05,2,35
IndiGo,9/05/2019,Kolkata,Banglore,CCU → BBI → BLR,07:10,12:40,5:30,1,No Info,4864,9,05,2019,07,10,12,40,5,30
Multiple carriers,6/03/2019,Delhi,Cochin,DEL → BOM → COK,06:40,18:50,12:10,1,No Info,15135,6,03,2019,06,40,18,50,12,10
Air India,6/06/2019,Kolkata,Banglore,CCU → BOM → BLR,16:50,11:10,18:20,1,No Info,8366,6,06,2019,16,50,11,10,18,20
Jet Airways,9/06/2019,Delhi,Cochin,DEL → IDR → BOM → COK,05:30,04:25,22:55,2,No Info,13292,9,06,2019,05,30,04,25,22,55
Air India,15/06/2019,Banglore,Delhi,BLR → DEL,17:00,19:45,2:45,0,No Info,7171,15,06,2019,17,00,19,45,2,45
Jet Airways,6/05/2019,Kolkata,Banglore,CCU → DEL → BLR,09:35,21:05,11:30,1,No Info,12121,6,05,2019,09,35,21,05,11,30
Air India,12/06/2019,Delhi,Cochin,DEL → GOI → BOM → COK,10:55,19:15,8:20,2,No Info,11753,12,06,2019,10,55,19,15,8,20
IndiGo,01/03/2019,Banglore,New Delhi,BLR → HYD → DEL,05:15,10:00,4:45,1,No Info,8064,01,03,2019,05,15,10,00,4,45
Jet Airways,6/06/2019,Delhi,Cochin,DEL → BOM → COK,15:00,19:00,28h,1,In-flight meal not included,10262,6,06,2019,15,00,19,00,28h,
IndiGo,3/05/2019,Chennai,Kolkata,MAA → CCU,22:05,00:25,2:20,0,No Info,5277,3,05,2019,22,05,00,25,2,20
Jet Airways,9/06/2019,Banglore,Delhi,BLR → DEL,17:45,20:45,3h,0,No Info,8016,9,06,2019,17,45,20,45,3h,
Air India,12/03/2019,Mumbai,Hyderabad,BOM → AMD → ISK → HYD,05:30,14:50,9:20,2,No Info,11342,12,03,2019,05,30,14,50,9,20
Jet Airways,12/06/2019,Kolkata,Banglore,CCU → BOM → BLR,06:30,04:40,22:10,1,In-flight meal not included,7594,12,06,2019,06,30,04,40,22,10
Air Asia,3/06/2019,Banglore,Delhi,BLR → DEL,11:10,13:55,2:45,0,No Info,4483,3,06,2019,11,10,13,55,2,45
Jet Airways,18/05/2019,Delhi,Cochin,DEL → ATQ → BOM → COK,20:00,04:25,8:25,2,No Info,16263,18,05,2019,20,00,04,25,8,25
Air India,12/05/2019,Kolkata,Banglore,CCU → DEL → COK → BLR,10:00,01:20,15:20,2,No Info,13243,12,05,2019,10,00,01,20,15,20
Jet Airways,12/06/2019,Banglore,Delhi,BLR → DEL,06:00,08:45,2:45,0,In-flight meal not included,6478,12,06,2019,06,00,08,45,2,45
Jet Airways,6/03/2019,Delhi,Cochin,DEL → BOM → COK,23:05,04:25,5:20,1,No Info,15764,6,03,2019,23,05,04,25,5,20
Air India,3/04/2019,Kolkata,Banglore,CCU → BBI → HYD → BLR,09:10,04:40,19:30,2,No Info,4647,3,04,2019,09,10,04,40,19,30
Jet Airways,3/06/2019,Banglore,Delhi,BLR → DEL,19:50,22:50,3h,0,No Info,8016,3,06,2019,19,50,22,50,3h,
Air India,12/06/2019,Kolkata,Banglore,CCU → BLR,20:45,23:20,2:35,0,No Info,4145,12,06,2019,20,45,23,20,2,35
Multiple carriers,27/03/2019,Delhi,Cochin,DEL → BOM → COK,07:30,21:00,13:30,1,No Info,8055,27,03,2019,07,30,21,00,13,30
Air India,18/05/2019,Delhi,Cochin,DEL → HYD → BOM → COK,17:15,19:15,26h,2,No Info,12409,18,05,2019,17,15,19,15,26h,
IndiGo,24/03/2019,Kolkata,Banglore,CCU → BLR,09:35,12:20,2:45,0,No Info,6038,24,03,2019,09,35,12,20,2,45
Air Asia,21/05/2019,Kolkata,Banglore,CCU → BLR,22:50,01:20,2:30,0,No Info,4107,21,05,2019,22,50,01,20,2,30
Air India,21/05/2019,Delhi,Cochin,DEL → BHO → BOM → COK,05:55,07:40,25:45,2,No Info,11911,21,05,2019,05,55,07,40,25,45
Jet Airways,01/03/2019,Banglore,New Delhi,BLR → BOM → DEL,22:50,23:00,24:10,1,No Info,25735,01,03,2019,22,50,23,00,24,10
Air India,6/06/2019,Kolkata,Banglore,CCU → BOM → COK → BLR,09:25,01:20,15:55,2,No Info,11458,6,06,2019,09,25,01,20,15,55
Air Asia,24/04/2019,Delhi,Cochin,DEL → BLR → COK,16:45,22:25,5:40,1,No Info,6152,24,04,2019,16,45,22,25,5,40
Jet Airways,9/06/2019,Kolkata,Banglore,CCU → BOM → BLR,21:10,23:35,26:25,1,In-flight meal not included,10844,9,06,2019,21,10,23,35,26,25
Vistara,24/05/2019,Chennai,Kolkata,MAA → CCU,17:45,20:05,2:20,0,No Info,11982,24,05,2019,17,45,20,05,2,20
Jet Airways,9/05/2019,Kolkata,Banglore,CCU → BOM → BLR,06:30,16:20,9:50,1,No Info,13941,9,05,2019,06,30,16,20,9,50
IndiGo,27/03/2019,Delhi,Cochin,DEL → HYD → COK,14:20,22:20,8h,1,No Info,6938,27,03,2019,14,20,22,20,8h,
Jet Airways,27/06/2019,Delhi,Cochin,DEL → AMD → BOM → COK,13:25,19:00,29:35,2,No Info,15339,27,06,2019,13,25,19,00,29,35
Jet Airways,3/03/2019,Delhi,Cochin,DEL → IDR → BOM → COK,05:25,18:50,37:25,2,No Info,20064,3,03,2019,05,25,18,50,37,25
Multiple carriers,15/06/2019,Delhi,Cochin,DEL → HYD → COK,14:55,22:30,7:35,1,In-flight meal not included,6093,15,06,2019,14,55,22,30,7,35
Multiple carriers Premium economy,21/03/2019,Delhi,Cochin,DEL → BOM → COK,19:00,01:35,6:35,1,No Info,10885,21,03,2019,19,00,01,35,6,35
Air India,1/06/2019,Delhi,Cochin,DEL → BLR → COK,13:30,23:00,9:30,1,No Info,8907,1,06,2019,13,30,23,00,9,30
Jet Airways,6/05/2019,Kolkata,Banglore,CCU → BOM → BLR,06:30,20:45,14:15,1,In-flight meal not included,9663,6,05,2019,06,30,20,45,14,15
IndiGo,27/04/2019,Delhi,Cochin,DEL → HYD → COK,05:05,12:10,7:5,1,No Info,7160,27,04,2019,05,05,12,10,7,5
Multiple carriers Premium economy,21/03/2019,Delhi,Cochin,DEL → BOM → COK,07:30,15:30,8h,1,No Info,11269,21,03,2019,07,30,15,30,8h,
Jet Airways,1/04/2019,Mumbai,Hyderabad,BOM → HYD,19:35,21:05,1:30,0,No Info,5678,1,04,2019,19,35,21,05,1,30
Jet Airways,27/05/2019,Mumbai,Hyderabad,BOM → HYD,02:55,04:20,1:25,0,No Info,5678,27,05,2019,02,55,04,20,1,25
Air India,6/06/2019,Delhi,Cochin,DEL → BLR → COK,09:45,23:00,13:15,1,No Info,8907,6,06,2019,09,45,23,00,13,15
Jet Airways,27/06/2019,Mumbai,Hyderabad,BOM → HYD,02:55,04:20,1:25,0,In-flight meal not included,3210,27,06,2019,02,55,04,20,1,25
Air India,15/05/2019,Banglore,Delhi,BLR → DEL,06:10,08:55,2:45,0,No Info,6961,15,05,2019,06,10,08,55,2,45
Jet Airways,06/03/2019,Banglore,New Delhi,BLR → BOM → DEL,14:05,08:15,18:10,1,No Info,14815,06,03,2019,14,05,08,15,18,10
Jet Airways,6/05/2019,Kolkata,Banglore,CCU → DEL → BLR,20:25,22:05,25:40,1,No Info,11467,6,05,2019,20,25,22,05,25,40
Jet Airways,15/06/2019,Delhi,Cochin,DEL → NAG → BOM → COK,14:35,12:35,22h,2,In-flight meal not included,10919,15,06,2019,14,35,12,35,22h,
GoAir,3/06/2019,Delhi,Cochin,DEL → BOM → COK,14:25,19:35,5:10,1,No Info,9069,3,06,2019,14,25,19,35,5,10
SpiceJet,1/05/2019,Kolkata,Banglore,CCU → MAA → BLR,15:05,20:20,5:15,1,No Info,4649,1,05,2019,15,05,20,20,5,15
IndiGo,3/06/2019,Banglore,Delhi,BLR → DEL,18:25,21:20,2:55,0,No Info,4823,3,06,2019,18,25,21,20,2,55
Air India,21/05/2019,Kolkata,Banglore,CCU → MAA → BLR,14:35,14:35,24h,1,No Info,6528,21,05,2019,14,35,14,35,24h,
Jet Airways,06/03/2019,Banglore,New Delhi,BLR → BOM → DEL,05:45,12:25,6:40,1,No Info,22270,06,03,2019,05,45,12,25,6,40
Jet Airways,9/03/2019,Delhi,Cochin,DEL → BDQ → BOM → COK,10:45,04:25,17:40,2,In-flight meal not included,15654,9,03,2019,10,45,04,25,17,40
Vistara,1/04/2019,Kolkata,Banglore,CCU → DEL → BLR,20:20,22:55,26:35,1,No Info,7770,1,04,2019,20,20,22,55,26,35
IndiGo,3/05/2019,Kolkata,Banglore,CCU → BLR,04:40,07:15,2:35,0,No Info,4804,3,05,2019,04,40,07,15,2,35
Jet Airways,15/06/2019,Delhi,Cochin,DEL → JAI → BOM → COK,19:30,12:35,17:5,2,In-flight meal not included,10368,15,06,2019,19,30,12,35,17,5
IndiGo,3/03/2019,Delhi,Cochin,DEL → COK,21:05,00:20,3:15,0,No Info,7673,3,03,2019,21,05,00,20,3,15
IndiGo,21/04/2019,Delhi,Cochin,DEL → COK,05:35,08:50,3:15,0,No Info,6015,21,04,2019,05,35,08,50,3,15
IndiGo,24/04/2019,Kolkata,Banglore,CCU → BLR,11:30,14:05,2:35,0,No Info,4804,24,04,2019,11,30,14,05,2,35
Jet Airways,15/05/2019,Kolkata,Banglore,CCU → BOM → BLR,20:00,08:15,12:15,1,No Info,13941,15,05,2019,20,00,08,15,12,15
Air Asia,9/05/2019,Kolkata,Banglore,CCU → BBI → BLR,19:55,23:30,3:35,1,No Info,5162,9,05,2019,19,55,23,30,3,35
Air India,09/03/2019,Banglore,New Delhi,BLR → CCU → DEL,11:05,22:45,11:40,1,No Info,10657,09,03,2019,11,05,22,45,11,40
Jet Airways,9/05/2019,Kolkata,Banglore,CCU → BOM → BLR,16:30,23:35,7:5,1,No Info,14781,9,05,2019,16,30,23,35,7,5
IndiGo,3/04/2019,Mumbai,Hyderabad,BOM → HYD,19:05,20:35,1:30,0,No Info,2754,3,04,2019,19,05,20,35,1,30
Air India,12/03/2019,Banglore,New Delhi,BLR → HYD → VGA → DEL,06:50,22:55,16:5,2,No Info,11474,12,03,2019,06,50,22,55,16,5
Jet Airways,18/05/2019,Kolkata,Banglore,CCU → BOM → BLR,18:55,08:15,13:20,1,In-flight meal not included,7757,18,05,2019,18,55,08,15,13,20
Jet Airways,3/04/2019,Mumbai,Hyderabad,BOM → HYD,02:55,04:20,1:25,0,In-flight meal not included,2228,3,04,2019,02,55,04,20,1,25
Jet Airways,15/03/2019,Banglore,New Delhi,BLR → BOM → DEL,08:00,08:15,24:15,1,In-flight meal not included,10405,15,03,2019,08,00,08,15,24,15
GoAir,27/06/2019,Banglore,Delhi,BLR → DEL,07:45,10:40,2:55,0,No Info,3419,27,06,2019,07,45,10,40,2,55
Jet Airways,9/06/2019,Delhi,Cochin,DEL → BOM → COK,17:30,12:35,19:5,1,In-flight meal not included,10262,9,06,2019,17,30,12,35,19,5
Air India,9/06/2019,Mumbai,Hyderabad,BOM → HYD,13:55,15:25,1:30,0,No Info,3100,9,06,2019,13,55,15,25,1,30
Jet Airways,9/03/2019,Delhi,Cochin,DEL → BOM → COK,02:15,04:25,26:10,1,In-flight meal not included,11848,9,03,2019,02,15,04,25,26,10
Air India,9/04/2019,Delhi,Cochin,DEL → BLR → COK,20:30,08:15,11:45,1,No Info,5683,9,04,2019,20,30,08,15,11,45
Jet Airways,9/05/2019,Kolkata,Banglore,CCU → BOM → BLR,08:25,12:00,27:35,1,In-flight meal not included,9663,9,05,2019,08,25,12,00,27,35
Jet Airways,24/04/2019,Banglore,Delhi,BLR → DEL,19:50,22:50,3h,0,In-flight meal not included,4544,24,04,2019,19,50,22,50,3h,
Jet Airways,27/05/2019,Mumbai,Hyderabad,BOM → HYD,02:55,04:20,1:25,0,In-flight meal not included,4050,27,05,2019,02,55,04,20,1,25
Vistara,9/05/2019,Kolkata,Banglore,CCU → DEL → BLR,20:20,09:05,12:45,1,No Info,9187,9,05,2019,20,20,09,05,12,45
Vistara,1/04/2019,Kolkata,Banglore,CCU → DEL → BLR,20:20,20:20,24h,1,No Info,8452,1,04,2019,20,20,20,20,24h,
Air India,18/05/2019,Kolkata,Banglore,CCU → BOM → COK → BLR,09:25,01:20,15:55,2,No Info,11668,18,05,2019,09,25,01,20,15,55
Air India,9/06/2019,Delhi,Cochin,DEL → CCU → BOM → COK,14:25,19:15,28:50,2,No Info,13381,9,06,2019,14,25,19,15,28,50
Multiple carriers,18/05/2019,Delhi,Cochin,DEL → BOM → COK,07:00,21:00,14h,1,No Info,8073,18,05,2019,07,00,21,00,14h,
Air Asia,1/03/2019,Kolkata,Banglore,CCU → BLR,10:20,12:55,2:35,0,No Info,5620,1,03,2019,10,20,12,55,2,35
Jet Airways,12/06/2019,Kolkata,Banglore,CCU → BOM → BLR,14:05,04:40,14:35,1,No Info,12739,12,06,2019,14,05,04,40,14,35
Air Asia,3/05/2019,Kolkata,Banglore,CCU → BLR,19:55,22:25,2:30,0,No Info,5989,3,05,2019,19,55,22,25,2,30
Air India,21/05/2019,Kolkata,Banglore,CCU → BOM → BLR,09:25,07:55,22:30,1,No Info,8891,21,05,2019,09,25,07,55,22,30
Jet Airways,27/04/2019,Banglore,Delhi,BLR → DEL,19:50,22:50,3h,0,In-flight meal not included,4544,27,04,2019,19,50,22,50,3h,
Jet Airways,6/06/2019,Delhi,Cochin,DEL → BOM → COK,16:00,19:00,27h,1,In-flight meal not included,10262,6,06,2019,16,00,19,00,27h,
Vistara,21/05/2019,Kolkata,Banglore,CCU → DEL → BLR,17:00,20:20,27:20,1,No Info,9345,21,05,2019,17,00,20,20,27,20
Vistara,01/03/2019,Banglore,New Delhi,BLR → DEL,19:40,22:20,2:40,0,No Info,21730,01,03,2019,19,40,22,20,2,40
IndiGo,15/06/2019,Delhi,Cochin,DEL → BOM → COK,09:15,21:00,11:45,1,No Info,6838,15,06,2019,09,15,21,00,11,45
Air India,12/03/2019,Mumbai,Hyderabad,BOM → DEL → HYD,21:00,19:25,22:25,1,No Info,10943,12,03,2019,21,00,19,25,22,25
IndiGo,18/06/2019,Banglore,Delhi,BLR → DEL,04:00,06:50,2:50,0,No Info,3943,18,06,2019,04,00,06,50,2,50
SpiceJet,18/06/2019,Banglore,Delhi,BLR → DEL,05:55,08:35,2:40,0,No check-in baggage included,3573,18,06,2019,05,55,08,35,2,40
SpiceJet,15/05/2019,Kolkata,Banglore,CCU → BLR,09:00,11:25,2:25,0,No check-in baggage included,3841,15,05,2019,09,00,11,25,2,25
Multiple carriers,21/05/2019,Delhi,Cochin,DEL → HYD → COK,09:45,18:10,8:25,1,No Info,9646,21,05,2019,09,45,18,10,8,25
Air India,18/03/2019,Delhi,Cochin,DEL → COK,18:05,21:10,3:5,0,No Info,4729,18,03,2019,18,05,21,10,3,5
Jet Airways,06/03/2019,Banglore,New Delhi,BLR → BOM → DEL,22:50,09:30,10:40,1,No Info,17261,06,03,2019,22,50,09,30,10,40
Jet Airways,1/05/2019,Kolkata,Banglore,CCU → BOM → BLR,14:05,10:05,20h,1,No Info,13941,1,05,2019,14,05,10,05,20h,
Jet Airways,21/05/2019,Kolkata,Banglore,CCU → BOM → BLR,21:10,12:00,14:50,1,In-flight meal not included,10844,21,05,2019,21,10,12,00,14,50
Jet Airways,24/03/2019,Kolkata,Banglore,CCU → BOM → BLR,18:55,16:20,21:25,1,No Info,14231,24,03,2019,18,55,16,20,21,25
Jet Airways,12/06/2019,Delhi,Cochin,DEL → BOM → COK,13:00,19:00,6h,1,No Info,14714,12,06,2019,13,00,19,00,6h,
SpiceJet,21/03/2019,Delhi,Cochin,DEL → PNQ → COK,08:45,13:15,4:30,1,No Info,6460,21,03,2019,08,45,13,15,4,30
Jet Airways,1/05/2019,Kolkata,Banglore,CCU → DEL → BLR,20:25,23:35,27:10,1,No Info,11467,1,05,2019,20,25,23,35,27,10
IndiGo,3/05/2019,Banglore,Delhi,BLR → DEL,00:30,03:25,2:55,0,No Info,3943,3,05,2019,00,30,03,25,2,55
IndiGo,15/04/2019,Kolkata,Banglore,CCU → HYD → BLR,15:15,20:05,4:50,1,No Info,4775,15,04,2019,15,15,20,05,4,50
SpiceJet,6/04/2019,Kolkata,Banglore,CCU → BLR,09:00,11:25,2:25,0,No check-in baggage included,3841,6,04,2019,09,00,11,25,2,25
Jet Airways,18/03/2019,Banglore,New Delhi,BLR → BOM → DEL,11:40,07:40,20h,1,No Info,12284,18,03,2019,11,40,07,40,20h,
IndiGo,9/06/2019,Kolkata,Banglore,CCU → BLR,17:15,19:50,2:35,0,No Info,4804,9,06,2019,17,15,19,50,2,35
Jet Airways,24/06/2019,Delhi,Cochin,DEL → AMD → BOM → COK,13:25,12:35,23:10,2,No Info,12819,24,06,2019,13,25,12,35,23,10
Jet Airways,3/06/2019,Delhi,Cochin,DEL → BOM → COK,18:15,04:25,10:10,1,No Info,14714,3,06,2019,18,15,04,25,10,10
Jet Airways,27/05/2019,Mumbai,Hyderabad,BOM → HYD,10:20,11:50,1:30,0,No Info,8040,27,05,2019,10,20,11,50,1,30
Multiple carriers,15/05/2019,Delhi,Cochin,DEL → IDR → BOM → COK,15:05,01:30,10:25,2,No Info,16840,15,05,2019,15,05,01,30,10,25
Jet Airways,6/05/2019,Delhi,Cochin,DEL → BOM → COK,22:50,04:25,5:35,1,No Info,15554,6,05,2019,22,50,04,25,5,35
GoAir,15/04/2019,Delhi,Cochin,DEL → BOM → COK,10:35,19:35,9h,1,No Info,5752,15,04,2019,10,35,19,35,9h,
Vistara,9/05/2019,Kolkata,Banglore,CCU → DEL → BLR,17:00,10:45,17:45,1,No Info,8452,9,05,2019,17,00,10,45,17,45
Multiple carriers,27/05/2019,Delhi,Cochin,DEL → BOM → COK,08:00,19:15,11:15,1,In-flight meal not included,11761,27,05,2019,08,00,19,15,11,15
Multiple carriers,27/06/2019,Delhi,Cochin,DEL → BOM → COK,13:00,19:15,6:15,1,No Info,14848,27,06,2019,13,00,19,15,6,15
Jet Airways,3/06/2019,Delhi,Cochin,DEL → JAI → BOM → COK,05:30,19:00,13:30,2,In-flight meal not included,10368,3,06,2019,05,30,19,00,13,30
Air India,18/05/2019,Delhi,Cochin,DEL → AMD → BOM → COK,16:40,19:15,26:35,2,No Info,9863,18,05,2019,16,40,19,15,26,35
Jet Airways,27/06/2019,Delhi,Cochin,DEL → BOM → COK,10:00,19:00,9h,1,In-flight meal not included,10262,27,06,2019,10,00,19,00,9h,
Vistara,6/06/2019,Banglore,Delhi,BLR → DEL,07:00,09:40,2:40,0,No Info,4668,6,06,2019,07,00,09,40,2,40
Multiple carriers,15/05/2019,Delhi,Cochin,DEL → BOM → COK,11:25,19:00,7:35,1,No Info,9103,15,05,2019,11,25,19,00,7,35
Jet Airways,12/06/2019,Delhi,Cochin,DEL → BOM → COK,21:50,12:35,14:45,1,In-flight meal not included,10262,12,06,2019,21,50,12,35,14,45
GoAir,27/06/2019,Delhi,Cochin,DEL → AMD → COK,07:25,13:35,6:10,1,No Info,4525,27,06,2019,07,25,13,35,6,10
Air India,27/04/2019,Banglore,Delhi,BLR → DEL,10:00,12:45,2:45,0,No Info,5228,27,04,2019,10,00,12,45,2,45
Jet Airways,06/03/2019,Banglore,New Delhi,BLR → BOM → DEL,21:25,05:05,7:40,1,No Info,19225,06,03,2019,21,25,05,05,7,40
Jet Airways,9/05/2019,Mumbai,Hyderabad,BOM → HYD,10:20,11:50,1:30,0,No Info,8040,9,05,2019,10,20,11,50,1,30
Jet Airways,21/03/2019,Delhi,Cochin,DEL → BOM → COK,14:00,04:25,14:25,1,In-flight meal not included,7438,21,03,2019,14,00,04,25,14,25
Multiple carriers,6/03/2019,Delhi,Cochin,DEL → BOM → COK,04:00,15:30,11:30,1,No Info,13135,6,03,2019,04,00,15,30,11,30
IndiGo,9/05/2019,Delhi,Cochin,DEL → COK,14:25,17:40,3:15,0,No Info,6015,9,05,2019,14,25,17,40,3,15
Multiple carriers,18/05/2019,Delhi,Cochin,DEL → BOM → COK,17:00,01:30,8:30,1,No Info,8283,18,05,2019,17,00,01,30,8,30
SpiceJet,9/06/2019,Chennai,Kolkata,MAA → CCU,08:20,10:35,2:15,0,No check-in baggage included,3543,9,06,2019,08,20,10,35,2,15
IndiGo,27/03/2019,Kolkata,Banglore,CCU → BLR,10:10,12:55,2:45,0,No Info,4148,27,03,2019,10,10,12,55,2,45
GoAir,15/03/2019,Banglore,New Delhi,BLR → GOI → DEL,15:45,20:15,4:30,1,No Info,7657,15,03,2019,15,45,20,15,4,30
IndiGo,12/05/2019,Kolkata,Banglore,CCU → BBI → BLR,19:35,23:15,3:40,1,No Info,5276,12,05,2019,19,35,23,15,3,40
Jet Airways,15/05/2019,Kolkata,Banglore,CCU → DEL → BLR,09:35,23:35,14h,1,No Info,14151,15,05,2019,09,35,23,35,14h,
Jet Airways,21/06/2019,Mumbai,Hyderabad,BOM → HYD,10:20,11:50,1:30,0,No Info,8040,21,06,2019,10,20,11,50,1,30
IndiGo,9/03/2019,Delhi,Cochin,DEL → HYD → MAA → COK,11:55,21:20,9:25,2,No Info,8378,9,03,2019,11,55,21,20,9,25
SpiceJet,9/06/2019,Chennai,Kolkata,MAA → CCU,09:45,12:00,2:15,0,No check-in baggage included,3543,9,06,2019,09,45,12,00,2,15
IndiGo,12/06/2019,Banglore,Delhi,BLR → DEL,18:55,21:50,2:55,0,No Info,4823,12,06,2019,18,55,21,50,2,55
Jet Airways,15/05/2019,Kolkata,Banglore,CCU → BOM → BLR,18:55,08:15,13:20,1,No Info,14388,15,05,2019,18,55,08,15,13,20
SpiceJet,9/06/2019,Chennai,Kolkata,MAA → CCU,17:45,20:05,2:20,0,No check-in baggage included,3543,9,06,2019,17,45,20,05,2,20
Jet Airways,12/05/2019,Kolkata,Banglore,CCU → BOM → BLR,14:05,20:45,6:40,1,In-flight meal not included,10844,12,05,2019,14,05,20,45,6,40
Jet Airways,9/06/2019,Kolkata,Banglore,CCU → BOM → BLR,06:30,18:15,11:45,1,In-flight meal not included,10844,9,06,2019,06,30,18,15,11,45
SpiceJet,12/06/2019,Delhi,Cochin,DEL → BLR → COK,17:55,22:50,4:55,1,No Info,4957,12,06,2019,17,55,22,50,4,55
IndiGo,15/05/2019,Delhi,Cochin,DEL → HYD → COK,07:35,16:10,8:35,1,No Info,6442,15,05,2019,07,35,16,10,8,35
Air India,15/05/2019,Delhi,Cochin,DEL → MAA → COK,17:20,09:25,16:5,1,No Info,7480,15,05,2019,17,20,09,25,16,5
IndiGo,1/04/2019,Delhi,Cochin,DEL → BOM → COK,20:25,01:30,5:5,1,No Info,5073,1,04,2019,20,25,01,30,5,5
Jet Airways,9/05/2019,Kolkata,Banglore,CCU → BOM → BLR,16:30,22:35,6:5,1,No Info,14781,9,05,2019,16,30,22,35,6,5
Multiple carriers,3/06/2019,Delhi,Cochin,DEL → HYD → COK,09:45,16:10,6:25,1,No Info,9646,3,06,2019,09,45,16,10,6,25
Jet Airways,1/04/2019,Kolkata,Banglore,CCU → BOM → BLR,06:30,16:20,9:50,1,In-flight meal not included,7851,1,04,2019,06,30,16,20,9,50
SpiceJet,24/03/2019,Mumbai,Hyderabad,BOM → HYD,05:45,07:05,1:20,0,No check-in baggage included,2175,24,03,2019,05,45,07,05,1,20
Air India,9/05/2019,Kolkata,Banglore,CCU → DEL → AMD → BLR,10:00,05:25,19:25,2,No Info,14424,9,05,2019,10,00,05,25,19,25
Jet Airways,12/06/2019,Delhi,Cochin,DEL → JAI → BOM → COK,09:40,19:00,9:20,2,No Info,13014,12,06,2019,09,40,19,00,9,20
Jet Airways,6/04/2019,Delhi,Cochin,DEL → BOM → COK,02:15,19:00,16:45,1,In-flight meal not included,5177,6,04,2019,02,15,19,00,16,45
Multiple carriers,3/03/2019,Delhi,Cochin,DEL → BOM → COK,10:45,18:50,8:5,1,No Info,15135,3,03,2019,10,45,18,50,8,5
Air India,21/06/2019,Banglore,Delhi,BLR → DEL,21:05,23:55,2:50,0,No Info,5228,21,06,2019,21,05,23,55,2,50
Jet Airways,01/03/2019,Banglore,New Delhi,BLR → BOM → DEL,11:40,05:05,17:25,1,No Info,22270,01,03,2019,11,40,05,05,17,25
SpiceJet,15/06/2019,Chennai,Kolkata,MAA → CCU,09:45,12:00,2:15,0,No check-in baggage included,3543,15,06,2019,09,45,12,00,2,15
Jet Airways,18/05/2019,Delhi,Cochin,DEL → AMD → BOM → COK,23:05,19:00,19:55,2,No Info,15129,18,05,2019,23,05,19,00,19,55
IndiGo,15/06/2019,Delhi,Cochin,DEL → BOM → COK,06:40,21:00,14:20,1,No Info,6093,15,06,2019,06,40,21,00,14,20
Jet Airways,18/03/2019,Banglore,New Delhi,BLR → BOM → DEL,14:05,20:20,6:15,1,In-flight meal not included,11087,18,03,2019,14,05,20,20,6,15
Multiple carriers,27/06/2019,Delhi,Cochin,DEL → BOM → COK,09:00,21:00,12h,1,No Info,7408,27,06,2019,09,00,21,00,12h,
IndiGo,24/05/2019,Kolkata,Banglore,CCU → PNQ → BLR,21:00,02:15,5:15,1,No Info,6534,24,05,2019,21,00,02,15,5,15
Jet Airways,18/05/2019,Delhi,Cochin,DEL → JAI → BOM → COK,05:30,04:25,22:55,2,In-flight meal not included,13029,18,05,2019,05,30,04,25,22,55
Jet Airways,18/06/2019,Banglore,Delhi,BLR → DEL,07:10,10:10,3h,0,No Info,8016,18,06,2019,07,10,10,10,3h,
Air India,12/03/2019,Mumbai,Hyderabad,BOM → MAA → HYD,05:55,19:10,13:15,1,No Info,8528,12,03,2019,05,55,19,10,13,15
Air India,6/06/2019,Delhi,Cochin,DEL → HYD → BOM → COK,17:15,19:15,26h,2,No Info,12760,6,06,2019,17,15,19,15,26h,
Air India,9/06/2019,Delhi,Cochin,DEL → HYD → BOM → COK,17:15,19:15,26h,2,No Info,12199,9,06,2019,17,15,19,15,26h,
Multiple carriers,21/05/2019,Delhi,Cochin,DEL → BOM → COK,10:00,01:30,15:30,1,No Info,14067,21,05,2019,10,00,01,30,15,30
Jet Airways,15/06/2019,Banglore,Delhi,BLR → DEL,17:45,20:45,3h,0,No Info,8016,15,06,2019,17,45,20,45,3h,
Air India,3/05/2019,Kolkata,Banglore,CCU → BLR,14:15,16:45,2:30,0,No Info,5510,3,05,2019,14,15,16,45,2,30
Air India,24/03/2019,Kolkata,Banglore,CCU → MAA → BLR,14:35,14:35,24h,1,No Info,6241,24,03,2019,14,35,14,35,24h,
Air India,3/03/2019,Delhi,Cochin,DEL → MAA → COK,12:30,09:25,20:55,1,No Info,16142,3,03,2019,12,30,09,25,20,55
Jet Airways,27/06/2019,Delhi,Cochin,DEL → NAG → BOM → COK,14:35,12:35,22h,2,In-flight meal not included,10919,27,06,2019,14,35,12,35,22h,
IndiGo,21/04/2019,Kolkata,Banglore,CCU → BLR,21:25,00:05,2:40,0,No Info,4804,21,04,2019,21,25,00,05,2,40
IndiGo,15/05/2019,Delhi,Cochin,DEL → BOM → COK,11:25,21:00,9:35,1,No Info,6979,15,05,2019,11,25,21,00,9,35
Air India,18/04/2019,Delhi,Cochin,DEL → COK,14:10,17:10,3h,0,No Info,6094,18,04,2019,14,10,17,10,3h,
Air India,1/04/2019,Banglore,Delhi,BLR → DEL,17:00,19:45,2:45,0,No Info,5176,1,04,2019,17,00,19,45,2,45
Multiple carriers,6/03/2019,Delhi,Cochin,DEL → BOM → COK,13:00,21:00,8h,1,In-flight meal not included,15136,6,03,2019,13,00,21,00,8h,
Jet Airways,24/03/2019,Kolkata,Banglore,CCU → BOM → BLR,08:25,23:25,15h,1,In-flight meal not included,10031,24,03,2019,08,25,23,25,15h,
Jet Airways,21/03/2019,Delhi,Cochin,DEL → IDR → BOM → COK,05:25,18:50,37:25,2,No Info,12814,21,03,2019,05,25,18,50,37,25
Jet Airways,1/04/2019,Kolkata,Banglore,CCU → BOM → BLR,06:30,19:50,13:20,1,No Info,12681,1,04,2019,06,30,19,50,13,20
Multiple carriers,21/03/2019,Delhi,Cochin,DEL → BOM → COK,07:00,18:50,11:50,1,No Info,12402,21,03,2019,07,00,18,50,11,50
Jet Airways,24/03/2019,Kolkata,Banglore,CCU → BOM → BLR,08:25,18:10,9:45,1,No Info,13759,24,03,2019,08,25,18,10,9,45
SpiceJet,18/06/2019,Chennai,Kolkata,MAA → CCU,17:45,20:05,2:20,0,No Info,3597,18,06,2019,17,45,20,05,2,20
Air Asia,21/05/2019,Banglore,Delhi,BLR → DEL,23:55,02:45,2:50,0,No Info,3383,21,05,2019,23,55,02,45,2,50
Vistara,9/05/2019,Banglore,Delhi,BLR → DEL,09:45,12:35,2:50,0,No Info,4668,9,05,2019,09,45,12,35,2,50
Jet Airways,21/03/2019,Delhi,Cochin,DEL → AMD → BOM → COK,19:10,04:25,33:15,2,No Info,10929,21,03,2019,19,10,04,25,33,15
Vistara,1/04/2019,Kolkata,Banglore,CCU → DEL → BLR,17:00,10:45,17:45,1,No Info,9187,1,04,2019,17,00,10,45,17,45
Multiple carriers,3/06/2019,Delhi,Cochin,DEL → BOM → COK,11:40,01:30,13:50,1,No Info,7530,3,06,2019,11,40,01,30,13,50
Air India,24/03/2019,Kolkata,Banglore,CCU → BBI → BLR,09:10,13:40,4:30,1,No Info,8026,24,03,2019,09,10,13,40,4,30
SpiceJet,9/04/2019,Banglore,Delhi,BLR → DEL,09:30,12:20,2:50,0,No check-in baggage included,4319,9,04,2019,09,30,12,20,2,50
Jet Airways,24/06/2019,Delhi,Cochin,DEL → NAG → BOM → COK,14:35,04:25,13:50,2,No Info,13376,24,06,2019,14,35,04,25,13,50
SpiceJet,6/05/2019,Kolkata,Banglore,CCU → BLR,09:00,11:25,2:25,0,No Info,4174,6,05,2019,09,00,11,25,2,25
Vistara,27/05/2019,Banglore,Delhi,BLR → DEL,07:00,09:40,2:40,0,No Info,4668,27,05,2019,07,00,09,40,2,40
Multiple carriers,21/03/2019,Delhi,Cochin,DEL → BOM → COK,07:05,21:00,13:55,1,No Info,13062,21,03,2019,07,05,21,00,13,55
Jet Airways,27/05/2019,Delhi,Cochin,DEL → BOM → COK,19:15,04:25,9:10,1,In-flight meal not included,12898,27,05,2019,19,15,04,25,9,10
Jet Airways,6/06/2019,Delhi,Cochin,DEL → BOM → COK,15:00,04:25,13:25,1,No Info,14714,6,06,2019,15,00,04,25,13,25
Air India,9/05/2019,Kolkata,Banglore,CCU → IXR → DEL → BLR,05:50,20:25,14:35,2,No Info,10991,9,05,2019,05,50,20,25,14,35
Jet Airways,1/05/2019,Banglore,Delhi,BLR → DEL,11:10,14:05,2:55,0,In-flight meal not included,4030,1,05,2019,11,10,14,05,2,55
Jet Airways,21/05/2019,Delhi,Cochin,DEL → JAI → BOM → COK,09:40,04:25,18:45,2,In-flight meal not included,13029,21,05,2019,09,40,04,25,18,45
Vistara,15/03/2019,Banglore,New Delhi,BLR → AMD → DEL,06:40,12:35,5:55,1,No Info,6800,15,03,2019,06,40,12,35,5,55
Jet Airways,09/03/2019,Banglore,New Delhi,BLR → BOM → DEL,07:00,09:30,26:30,1,In-flight meal not included,11087,09,03,2019,07,00,09,30,26,30
Multiple carriers,18/05/2019,Delhi,Cochin,DEL → BOM → COK,10:20,19:00,8:40,1,No Info,9794,18,05,2019,10,20,19,00,8,40
Jet Airways,6/05/2019,Kolkata,Banglore,CCU → BOM → BLR,21:10,09:20,12:10,1,No Info,14388,6,05,2019,21,10,09,20,12,10
IndiGo,12/03/2019,Kolkata,Banglore,CCU → BLR,21:25,00:05,2:40,0,No Info,4148,12,03,2019,21,25,00,05,2,40
Air India,3/03/2019,Delhi,Cochin,DEL → BHO → BOM → COK,20:00,19:15,23:15,2,No Info,17266,3,03,2019,20,00,19,15,23,15
Air India,1/04/2019,Kolkata,Banglore,CCU → DEL → BLR,20:30,08:55,12:25,1,No Info,7893,1,04,2019,20,30,08,55,12,25
Jet Airways,9/05/2019,Banglore,Delhi,BLR → DEL,19:50,22:50,3h,0,No Info,7229,9,05,2019,19,50,22,50,3h,
Multiple carriers,21/05/2019,Delhi,Cochin,DEL → BOM → COK,07:05,21:00,13:55,1,In-flight meal not included,9930,21,05,2019,07,05,21,00,13,55
Multiple carriers,3/03/2019,Delhi,Cochin,DEL → BOM → COK,11:30,01:35,14:5,1,No Info,18286,3,03,2019,11,30,01,35,14,5
Jet Airways,27/06/2019,Banglore,Delhi,BLR → DEL,19:50,22:50,3h,0,In-flight meal not included,7229,27,06,2019,19,50,22,50,3h,
Vistara,24/06/2019,Delhi,Cochin,DEL → COK,06:00,09:10,3:10,0,No Info,6216,24,06,2019,06,00,09,10,3,10
Air Asia,6/06/2019,Banglore,Delhi,BLR → DEL,04:55,07:45,2:50,0,No Info,4282,6,06,2019,04,55,07,45,2,50
IndiGo,27/05/2019,Delhi,Cochin,DEL → HYD → COK,07:35,12:10,4:35,1,No Info,5054,27,05,2019,07,35,12,10,4,35
Jet Airways,6/06/2019,Delhi,Cochin,DEL → BOM → COK,07:05,19:00,11:55,1,In-flight meal not included,10262,6,06,2019,07,05,19,00,11,55
Air Asia,6/06/2019,Delhi,Cochin,DEL → BLR → COK,16:45,22:25,5:40,1,No Info,11410,6,06,2019,16,45,22,25,5,40
Jet Airways,24/05/2019,Kolkata,Banglore,CCU → BOM → BLR,06:30,18:15,11:45,1,No Info,14571,24,05,2019,06,30,18,15,11,45
GoAir,24/06/2019,Delhi,Cochin,DEL → AMD → COK,07:25,13:35,6:10,1,No Info,4692,24,06,2019,07,25,13,35,6,10
Jet Airways,15/06/2019,Delhi,Cochin,DEL → NAG → BOM → COK,14:35,04:25,13:50,2,In-flight meal not included,10919,15,06,2019,14,35,04,25,13,50
Jet Airways,6/05/2019,Kolkata,Banglore,CCU → BOM → BLR,08:25,19:50,11:25,1,In-flight meal not included,10844,6,05,2019,08,25,19,50,11,25
Jet Airways,21/05/2019,Kolkata,Banglore,CCU → BOM → BLR,20:00,16:20,20:20,1,In-flight meal not included,10844,21,05,2019,20,00,16,20,20,20
Air India,9/05/2019,Delhi,Cochin,DEL → COK,14:10,17:10,3h,0,No Info,6094,9,05,2019,14,10,17,10,3h,
Vistara,1/06/2019,Delhi,Cochin,DEL → COK,14:40,17:50,3:10,0,No Info,6741,1,06,2019,14,40,17,50,3,10
Air India,1/06/2019,Delhi,Cochin,DEL → MAA → COK,09:45,09:25,23:40,1,No Info,8372,1,06,2019,09,45,09,25,23,40
Multiple carriers,21/05/2019,Delhi,Cochin,DEL → BOM → COK,02:15,11:50,9:35,1,No Info,14067,21,05,2019,02,15,11,50,9,35
IndiGo,3/03/2019,Delhi,Cochin,DEL → HYD → COK,08:35,22:20,13:45,1,No Info,10236,3,03,2019,08,35,22,20,13,45
Air India,3/06/2019,Delhi,Cochin,DEL → MAA → COK,20:40,09:25,12:45,1,No Info,7480,3,06,2019,20,40,09,25,12,45
Multiple carriers,9/03/2019,Delhi,Cochin,DEL → HYD → COK,09:45,16:10,6:25,1,No Info,8386,9,03,2019,09,45,16,10,6,25
Multiple carriers,6/06/2019,Delhi,Cochin,DEL → BOM → COK,11:40,01:30,13:50,1,No Info,6795,6,06,2019,11,40,01,30,13,50
Air Asia,15/05/2019,Kolkata,Banglore,CCU → BLR,10:20,12:55,2:35,0,No Info,4409,15,05,2019,10,20,12,55,2,35
IndiGo,9/05/2019,Chennai,Kolkata,MAA → CCU,19:35,21:55,2:20,0,No Info,3597,9,05,2019,19,35,21,55,2,20
Air India,15/06/2019,Banglore,Delhi,BLR → DEL,06:10,08:55,2:45,0,No Info,6961,15,06,2019,06,10,08,55,2,45
Jet Airways,12/06/2019,Kolkata,Banglore,CCU → DEL → BLR,17:00,23:35,6:35,1,No Info,12692,12,06,2019,17,00,23,35,6,35
Air India,12/03/2019,Mumbai,Hyderabad,BOM → HYD,19:30,20:45,1:15,0,No Info,4307,12,03,2019,19,30,20,45,1,15
Jet Airways,15/05/2019,Banglore,Delhi,BLR → DEL,08:20,11:20,3h,0,In-flight meal not included,4030,15,05,2019,08,20,11,20,3h,
Air India,18/05/2019,Kolkata,Banglore,CCU → GAU → DEL → BLR,09:50,23:15,13:25,2,No Info,15957,18,05,2019,09,50,23,15,13,25
Jet Airways,21/03/2019,Banglore,New Delhi,BLR → BOM → DEL,22:50,11:25,12:35,1,In-flight meal not included,7832,21,03,2019,22,50,11,25,12,35
Air India,1/04/2019,Kolkata,Banglore,CCU → DEL → COK → TRV → BLR,10:00,10:30,24:30,3,No Info,12954,1,04,2019,10,00,10,30,24,30
Jet Airways,27/06/2019,Delhi,Cochin,DEL → AMD → BOM → COK,23:05,04:25,29:20,2,In-flight meal not included,11150,27,06,2019,23,05,04,25,29,20
IndiGo,12/03/2019,Mumbai,Hyderabad,BOM → HYD,06:20,07:45,1:25,0,No Info,4049,12,03,2019,06,20,07,45,1,25
Jet Airways,15/03/2019,Banglore,New Delhi,BLR → BOM → DEL,05:45,15:15,9:30,1,In-flight meal not included,9134,15,03,2019,05,45,15,15,9,30
Air Asia,1/05/2019,Kolkata,Banglore,CCU → BLR,22:50,01:20,2:30,0,No Info,4409,1,05,2019,22,50,01,20,2,30
Jet Airways,1/05/2019,Kolkata,Banglore,CCU → BOM → BLR,14:05,22:35,8:30,1,No Info,14781,1,05,2019,14,05,22,35,8,30
Air India,24/04/2019,Banglore,Delhi,BLR → DEL,21:05,23:55,2:50,0,No Info,5228,24,04,2019,21,05,23,55,2,50
SpiceJet,21/05/2019,Chennai,Kolkata,MAA → CCU,17:45,20:05,2:20,0,No Info,3597,21,05,2019,17,45,20,05,2,20
Multiple carriers,12/06/2019,Delhi,Cochin,DEL → BOM → COK,15:15,01:30,10:15,1,No Info,6795,12,06,2019,15,15,01,30,10,15
Air Asia,18/06/2019,Kolkata,Banglore,CCU → BLR,22:50,01:20,2:30,0,No Info,3807,18,06,2019,22,50,01,20,2,30
Jet Airways,1/05/2019,Kolkata,Banglore,CCU → BOM → BLR,16:30,23:35,7:5,1,No Info,14781,1,05,2019,16,30,23,35,7,5
Air India,9/05/2019,Delhi,Cochin,DEL → BOM → COK,09:00,19:15,10:15,1,No Info,8372,9,05,2019,09,00,19,15,10,15
IndiGo,24/06/2019,Delhi,Cochin,DEL → COK,14:20,17:35,3:15,0,No Info,5000,24,06,2019,14,20,17,35,3,15
Vistara,1/04/2019,Banglore,Delhi,BLR → DEL,09:45,12:35,2:50,0,No Info,5403,1,04,2019,09,45,12,35,2,50
IndiGo,3/03/2019,Delhi,Cochin,DEL → HYD → COK,11:55,22:20,10:25,1,No Info,11600,3,03,2019,11,55,22,20,10,25
Multiple carriers,18/05/2019,Delhi,Cochin,DEL → BOM → COK,08:45,19:15,10:30,1,No Info,8476,18,05,2019,08,45,19,15,10,30
Air India,15/03/2019,Banglore,New Delhi,BLR → VGA → HYD → DEL,10:30,21:25,10:55,2,No Info,6593,15,03,2019,10,30,21,25,10,55
IndiGo,09/03/2019,Banglore,New Delhi,BLR → DEL,16:55,19:45,2:50,0,No Info,7648,09,03,2019,16,55,19,45,2,50
Vistara,1/05/2019,Kolkata,Banglore,CCU → DEL → BLR,07:10,18:50,11:40,1,No Info,9345,1,05,2019,07,10,18,50,11,40
Jet Airways,27/05/2019,Delhi,Cochin,DEL → JAI → BOM → COK,09:40,04:25,18:45,2,No Info,15129,27,05,2019,09,40,04,25,18,45
Multiple carriers,27/06/2019,Delhi,Cochin,DEL → BOM → COK,12:50,19:15,6:25,1,In-flight meal not included,7268,27,06,2019,12,50,19,15,6,25
Jet Airways,6/06/2019,Mumbai,Hyderabad,BOM → HYD,19:35,21:05,1:30,0,In-flight meal not included,3210,6,06,2019,19,35,21,05,1,30
IndiGo,24/03/2019,Chennai,Kolkata,MAA → CCU,19:35,21:55,2:20,0,No Info,7295,24,03,2019,19,35,21,55,2,20
IndiGo,27/06/2019,Delhi,Cochin,DEL → HYD → COK,05:05,12:10,7:5,1,No Info,6442,27,06,2019,05,05,12,10,7,5
IndiGo,6/05/2019,Kolkata,Banglore,CCU → HYD → BLR,19:20,23:45,4:25,1,No Info,3809,6,05,2019,19,20,23,45,4,25
Air India,01/03/2019,Banglore,New Delhi,BLR → CCU → BBI → DEL,05:50,16:20,10:30,2,Change airports,15119,01,03,2019,05,50,16,20,10,30
GoAir,9/06/2019,Delhi,Cochin,DEL → BOM → COK,14:25,19:35,5:10,1,No Info,9069,9,06,2019,14,25,19,35,5,10
IndiGo,6/05/2019,Banglore,Delhi,BLR → DEL,10:10,13:00,2:50,0,No Info,3943,6,05,2019,10,10,13,00,2,50
Air India,9/06/2019,Kolkata,Banglore,CCU → DEL → AMD → BLR,07:00,05:25,22:25,2,No Info,12534,9,06,2019,07,00,05,25,22,25
Multiple carriers,3/06/2019,Delhi,Cochin,DEL → BOM → COK,09:00,19:00,10h,1,No Info,13714,3,06,2019,09,00,19,00,10h,
Air India,21/03/2019,Delhi,Cochin,DEL → RPR → NAG → BOM → COK,05:15,19:15,38h,3,No Info,9128,21,03,2019,05,15,19,15,38h,
IndiGo,21/05/2019,Mumbai,Hyderabad,BOM → HYD,21:20,22:50,1:30,0,No Info,2227,21,05,2019,21,20,22,50,1,30
Jet Airways,18/05/2019,Kolkata,Banglore,CCU → BOM → BLR,20:00,22:35,26:35,1,In-flight meal not included,10844,18,05,2019,20,00,22,35,26,35
Jet Airways,6/05/2019,Kolkata,Banglore,CCU → BOM → BLR,16:30,04:40,12:10,1,No Info,13941,6,05,2019,16,30,04,40,12,10
Jet Airways,21/03/2019,Banglore,New Delhi,BLR → BOM → DEL,05:45,15:15,9:30,1,In-flight meal not included,7832,21,03,2019,05,45,15,15,9,30
GoAir,12/06/2019,Banglore,Delhi,BLR → DEL,07:45,10:40,2:55,0,No Info,3419,12,06,2019,07,45,10,40,2,55
Jet Airways,21/05/2019,Kolkata,Banglore,CCU → DEL → BLR,20:25,21:05,24:40,1,No Info,14151,21,05,2019,20,25,21,05,24,40
IndiGo,3/04/2019,Delhi,Cochin,DEL → HYD → COK,07:35,12:10,4:35,1,No Info,5073,3,04,2019,07,35,12,10,4,35
Vistara,12/05/2019,Kolkata,Banglore,CCU → DEL → BLR,17:00,09:05,16:5,1,No Info,9922,12,05,2019,17,00,09,05,16,5
IndiGo,24/03/2019,Chennai,Kolkata,MAA → CCU,13:20,15:35,2:15,0,No Info,4752,24,03,2019,13,20,15,35,2,15
Multiple carriers,27/05/2019,Delhi,Cochin,DEL → BOM → COK,09:00,19:15,10:15,1,In-flight meal not included,10197,27,05,2019,09,00,19,15,10,15
Air India,12/06/2019,Banglore,Delhi,BLR → DEL,10:00,12:45,2:45,0,No Info,6961,12,06,2019,10,00,12,45,2,45
Multiple carriers,3/03/2019,Delhi,Cochin,DEL → BOM → COK,13:00,21:00,8h,1,No Info,17493,3,03,2019,13,00,21,00,8h,
Multiple carriers,6/06/2019,Delhi,Cochin,DEL → BOM → COK,07:05,21:00,13:55,1,No Info,13587,6,06,2019,07,05,21,00,13,55
Jet Airways,6/06/2019,Delhi,Cochin,DEL → BOM → COK,16:00,04:25,12:25,1,In-flight meal not included,10262,6,06,2019,16,00,04,25,12,25
Air India,21/05/2019,Kolkata,Banglore,CCU → VNS → DEL → BLR,14:30,08:55,18:25,2,No Info,15107,21,05,2019,14,30,08,55,18,25
Vistara,15/05/2019,Kolkata,Banglore,CCU → DEL → BLR,17:00,10:45,17:45,1,No Info,8452,15,05,2019,17,00,10,45,17,45
Air India,21/06/2019,Mumbai,Hyderabad,BOM → HYD,21:05,22:25,1:20,0,No Info,3100,21,06,2019,21,05,22,25,1,20
IndiGo,24/05/2019,Banglore,Delhi,BLR → DEL,07:10,10:05,2:55,0,No Info,4823,24,05,2019,07,10,10,05,2,55
Air Asia,21/04/2019,Banglore,Delhi,BLR → DEL,23:55,02:45,2:50,0,No Info,4483,21,04,2019,23,55,02,45,2,50
Air India,18/05/2019,Kolkata,Banglore,CCU → DEL → COK → BLR,10:00,01:20,15:20,2,No Info,13243,18,05,2019,10,00,01,20,15,20
IndiGo,27/06/2019,Delhi,Cochin,DEL → BOM → COK,11:25,01:30,14:5,1,No Info,5684,27,06,2019,11,25,01,30,14,5
Jet Airways,3/04/2019,Mumbai,Hyderabad,BOM → HYD,10:20,11:50,1:30,0,In-flight meal not included,3205,3,04,2019,10,20,11,50,1,30
Jet Airways,15/06/2019,Delhi,Cochin,DEL → BOM → COK,10:00,04:25,18:25,1,In-flight meal not included,10262,15,06,2019,10,00,04,25,18,25
IndiGo,21/05/2019,Banglore,Delhi,BLR → DEL,20:00,22:50,2:50,0,No Info,4823,21,05,2019,20,00,22,50,2,50
Jet Airways,9/05/2019,Delhi,Cochin,DEL → BOM → COK,13:00,19:00,6h,1,No Info,15554,9,05,2019,13,00,19,00,6h,
IndiGo,27/06/2019,Banglore,Delhi,BLR → DEL,04:00,06:50,2:50,0,No Info,3943,27,06,2019,04,00,06,50,2,50
Vistara,12/03/2019,Mumbai,Hyderabad,BOM → DEL → HYD,07:30,19:55,12:25,1,No Info,12080,12,03,2019,07,30,19,55,12,25
Air Asia,27/05/2019,Banglore,Delhi,BLR → DEL,23:55,02:45,2:50,0,No Info,3383,27,05,2019,23,55,02,45,2,50
SpiceJet,18/03/2019,Mumbai,Hyderabad,BOM → HYD,05:45,07:05,1:20,0,No Info,2437,18,03,2019,05,45,07,05,1,20
SpiceJet,1/06/2019,Mumbai,Hyderabad,BOM → HYD,22:45,00:15,1:30,0,No check-in baggage included,1965,1,06,2019,22,45,00,15,1,30
Jet Airways,21/03/2019,Banglore,New Delhi,BLR → BOM → DEL,22:50,10:25,11:35,1,In-flight meal not included,7832,21,03,2019,22,50,10,25,11,35
IndiGo,9/06/2019,Delhi,Cochin,DEL → HYD → COK,06:50,16:10,9:20,1,No Info,6442,9,06,2019,06,50,16,10,9,20
Air India,15/05/2019,Kolkata,Banglore,CCU → IXR → DEL → BLR,05:50,08:55,27:5,2,No Info,12723,15,05,2019,05,50,08,55,27,5
Jet Airways,12/06/2019,Banglore,Delhi,BLR → DEL,15:15,18:10,2:55,0,No Info,8016,12,06,2019,15,15,18,10,2,55
Jet Airways,24/06/2019,Delhi,Cochin,DEL → IDR → BOM → COK,21:25,12:35,15:10,2,In-flight meal not included,10199,24,06,2019,21,25,12,35,15,10
Vistara,24/03/2019,Kolkata,Banglore,CCU → DEL → BLR,09:55,09:10,23:15,1,No Info,10842,24,03,2019,09,55,09,10,23,15
Multiple carriers,12/06/2019,Delhi,Cochin,DEL → BOM → COK,12:50,21:00,8:10,1,No Info,7005,12,06,2019,12,50,21,00,8,10
Air Asia,3/05/2019,Kolkata,Banglore,CCU → BLR,10:20,12:55,2:35,0,No Info,4409,3,05,2019,10,20,12,55,2,35
Jet Airways,1/04/2019,Kolkata,Banglore,CCU → BOM → BLR,21:10,09:20,12:10,1,No Info,13364,1,04,2019,21,10,09,20,12,10
Multiple carriers,27/06/2019,Delhi,Cochin,DEL → BOM → COK,16:00,01:30,9:30,1,No Info,13377,27,06,2019,16,00,01,30,9,30
Jet Airways,9/06/2019,Delhi,Cochin,DEL → BOM → COK,21:50,04:25,6:35,1,In-flight meal not included,10262,9,06,2019,21,50,04,25,6,35
Jet Airways,18/05/2019,Kolkata,Banglore,CCU → BOM → BLR,16:30,23:35,7:5,1,In-flight meal not included,10844,18,05,2019,16,30,23,35,7,5
Jet Airways,24/05/2019,Kolkata,Banglore,CCU → BOM → BLR,06:30,16:20,9:50,1,No Info,14571,24,05,2019,06,30,16,20,9,50
Jet Airways,9/03/2019,Delhi,Cochin,DEL → BDQ → BOM → COK,10:45,18:50,32:5,2,No Info,19329,9,03,2019,10,45,18,50,32,5
Air India,21/03/2019,Banglore,New Delhi,BLR → HYD → DEL,08:15,23:10,14:55,1,No Info,4943,21,03,2019,08,15,23,10,14,55
Jet Airways,9/05/2019,Delhi,Cochin,DEL → AMD → BOM → COK,23:05,04:25,29:20,2,No Info,15129,9,05,2019,23,05,04,25,29,20
Jet Airways,18/05/2019,Delhi,Cochin,DEL → JAI → BOM → COK,09:40,19:00,9:20,2,No Info,15129,18,05,2019,09,40,19,00,9,20
Jet Airways,6/06/2019,Kolkata,Banglore,CCU → DEL → BLR,17:00,18:00,25h,1,In-flight meal not included,10539,6,06,2019,17,00,18,00,25h,
Jet Airways,24/03/2019,Kolkata,Banglore,CCU → BOM → BLR,21:10,22:35,25:25,1,In-flight meal not included,10031,24,03,2019,21,10,22,35,25,25
Multiple carriers,24/05/2019,Delhi,Cochin,DEL → BOM → COK,17:45,01:30,7:45,1,No Info,9140,24,05,2019,17,45,01,30,7,45
Air Asia,27/04/2019,Kolkata,Banglore,CCU → BLR,22:50,01:20,2:30,0,No Info,4409,27,04,2019,22,50,01,20,2,30
IndiGo,15/05/2019,Banglore,Delhi,BLR → DEL,22:10,01:00,2:50,0,No Info,3419,15,05,2019,22,10,01,00,2,50
Multiple carriers,15/05/2019,Delhi,Cochin,DEL → HYD → COK,09:45,16:10,6:25,1,No Info,9646,15,05,2019,09,45,16,10,6,25
Jet Airways,9/05/2019,Kolkata,Banglore,CCU → BOM → BLR,14:05,18:15,28:10,1,No Info,13584,9,05,2019,14,05,18,15,28,10
Air India,21/05/2019,Delhi,Cochin,DEL → AMD → BOM → COK,05:00,07:40,26:40,2,No Info,11806,21,05,2019,05,00,07,40,26,40
GoAir,1/04/2019,Delhi,Cochin,DEL → AMD → COK,07:25,13:35,6:10,1,No Info,4563,1,04,2019,07,25,13,35,6,10
Jet Airways,27/03/2019,Delhi,Cochin,DEL → MAA → BOM → COK,05:10,04:25,23:15,2,In-flight meal not included,9412,27,03,2019,05,10,04,25,23,15
Jet Airways,27/06/2019,Delhi,Cochin,DEL → BOM → COK,21:50,04:25,6:35,1,In-flight meal not included,12898,27,06,2019,21,50,04,25,6,35
Vistara,27/04/2019,Delhi,Cochin,DEL → COK,14:40,17:50,3:10,0,No Info,6216,27,04,2019,14,40,17,50,3,10
Jet Airways,21/05/2019,Delhi,Cochin,DEL → BOM → COK,13:00,04:25,15:25,1,In-flight meal not included,12898,21,05,2019,13,00,04,25,15,25
Jet Airways,9/06/2019,Delhi,Cochin,DEL → BOM → COK,22:50,19:00,20:10,1,In-flight meal not included,10262,9,06,2019,22,50,19,00,20,10
Air India,01/03/2019,Banglore,New Delhi,BLR → DEL,13:20,16:10,2:50,0,No Info,12526,01,03,2019,13,20,16,10,2,50
Air India,6/03/2019,Delhi,Cochin,DEL → TRV → COK,05:15,06:50,25:35,1,No Info,11522,6,03,2019,05,15,06,50,25,35
Jet Airways,12/06/2019,Mumbai,Hyderabad,BOM → HYD,02:55,04:20,1:25,0,No Info,5678,12,06,2019,02,55,04,20,1,25
Vistara,09/03/2019,Banglore,New Delhi,BLR → DEL,11:30,14:10,2:40,0,No Info,9918,09,03,2019,11,30,14,10,2,40
Jet Airways,1/05/2019,Kolkata,Banglore,CCU → BOM → BLR,21:10,08:15,11:5,1,No Info,14781,1,05,2019,21,10,08,15,11,5
Air India,27/03/2019,Delhi,Cochin,DEL → AMD → BOM → COK,05:00,19:15,38:15,2,No Info,8026,27,03,2019,05,00,19,15,38,15
Air India,24/03/2019,Banglore,New Delhi,BLR → DEL,13:20,16:10,2:50,0,No Info,7276,24,03,2019,13,20,16,10,2,50
Jet Airways,1/04/2019,Kolkata,Banglore,CCU → BOM → BLR,08:25,18:15,9:50,1,In-flight meal not included,7064,1,04,2019,08,25,18,15,9,50
Multiple carriers,21/03/2019,Delhi,Cochin,DEL → BOM → COK,13:00,21:00,8h,1,No Info,13062,21,03,2019,13,00,21,00,8h,
Multiple carriers,27/03/2019,Delhi,Cochin,DEL → BOM → COK,11:30,21:00,9:30,1,No Info,12537,27,03,2019,11,30,21,00,9,30
Jet Airways,15/03/2019,Banglore,New Delhi,BLR → BOM → DEL,18:55,00:45,5:50,1,No Info,21934,15,03,2019,18,55,00,45,5,50
Jet Airways,24/06/2019,Delhi,Cochin,DEL → BOM → COK,13:00,19:00,6h,1,In-flight meal not included,10262,24,06,2019,13,00,19,00,6h,
Vistara,3/06/2019,Banglore,Delhi,BLR → DEL,17:00,19:35,2:35,0,No Info,4878,3,06,2019,17,00,19,35,2,35
Jet Airways,15/06/2019,Delhi,Cochin,DEL → BOM → COK,14:00,19:00,5h,1,No Info,14714,15,06,2019,14,00,19,00,5h,
Jet Airways,15/03/2019,Banglore,New Delhi,BLR → BOM → DEL,07:00,15:15,8:15,1,In-flight meal not included,9134,15,03,2019,07,00,15,15,8,15
IndiGo,1/04/2019,Banglore,Delhi,BLR → DEL,16:55,19:55,3h,0,No Info,4823,1,04,2019,16,55,19,55,3h,
Multiple carriers,27/06/2019,Delhi,Cochin,DEL → HYD → COK,07:10,16:10,9h,1,In-flight meal not included,6093,27,06,2019,07,10,16,10,9h,
SpiceJet,3/06/2019,Chennai,Kolkata,MAA → CCU,08:20,10:35,2:15,0,No Info,3597,3,06,2019,08,20,10,35,2,15
Multiple carriers,9/05/2019,Delhi,Cochin,DEL → BOM → COK,14:00,21:00,7h,1,No Info,13727,9,05,2019,14,00,21,00,7h,
IndiGo,1/04/2019,Kolkata,Banglore,CCU → BLR,11:30,14:05,2:35,0,No Info,4174,1,04,2019,11,30,14,05,2,35
Jet Airways,27/06/2019,Delhi,Cochin,DEL → BOM → COK,11:30,19:00,7:30,1,In-flight meal not included,10262,27,06,2019,11,30,19,00,7,30
Multiple carriers,6/06/2019,Delhi,Cochin,DEL → BOM → COK,10:20,19:00,8:40,1,No Info,11789,6,06,2019,10,20,19,00,8,40
Jet Airways,1/05/2019,Kolkata,Banglore,CCU → BOM → BLR,18:55,08:15,13:20,1,In-flight meal not included,8586,1,05,2019,18,55,08,15,13,20
Air India,01/03/2019,Banglore,New Delhi,BLR → CCU → BBI → HYD → DEL,05:50,08:50,27h,3,No Info,13081,01,03,2019,05,50,08,50,27h,
Jet Airways,1/05/2019,Kolkata,Banglore,CCU → DEL → BLR,20:25,23:35,27:10,1,In-flight meal not included,9314,1,05,2019,20,25,23,35,27,10
Jet Airways,21/06/2019,Mumbai,Hyderabad,BOM → HYD,19:35,21:05,1:30,0,No Info,5678,21,06,2019,19,35,21,05,1,30
Jet Airways,27/05/2019,Delhi,Cochin,DEL → BOM → COK,10:00,19:00,9h,1,In-flight meal not included,11924,27,05,2019,10,00,19,00,9h,
Jet Airways,9/06/2019,Kolkata,Banglore,CCU → DEL → BLR,20:25,23:35,27:10,1,No Info,12692,9,06,2019,20,25,23,35,27,10
Jet Airways,24/06/2019,Banglore,Delhi,BLR → DEL,18:55,22:00,3:5,0,In-flight meal not included,6478,24,06,2019,18,55,22,00,3,5
IndiGo,15/05/2019,Kolkata,Banglore,CCU → MAA → BLR,06:20,10:20,4h,1,No Info,4226,15,05,2019,06,20,10,20,4h,
IndiGo,9/03/2019,Delhi,Cochin,DEL → BBI → COK,02:35,08:30,5:55,1,No Info,11532,9,03,2019,02,35,08,30,5,55
Air India,6/03/2019,Chennai,Kolkata,MAA → CCU,11:40,13:55,2:15,0,No Info,9340,6,03,2019,11,40,13,55,2,15
Jet Airways,12/06/2019,Delhi,Cochin,DEL → JAI → BOM → COK,05:30,04:25,22:55,2,In-flight meal not included,10368,12,06,2019,05,30,04,25,22,55
Jet Airways,12/06/2019,Kolkata,Banglore,CCU → BOM → BLR,14:05,20:45,6:40,1,No Info,13626,12,06,2019,14,05,20,45,6,40
Jet Airways,24/05/2019,Kolkata,Banglore,CCU → BOM → BLR,06:30,12:00,5:30,1,In-flight meal not included,9663,24,05,2019,06,30,12,00,5,30
Jet Airways,6/03/2019,Delhi,Cochin,DEL → IDR → BOM → COK,05:25,04:25,23h,2,In-flight meal not included,16389,6,03,2019,05,25,04,25,23h,
Multiple carriers,18/05/2019,Delhi,Cochin,DEL → BOM → COK,03:50,19:00,15:10,1,No Info,10197,18,05,2019,03,50,19,00,15,10
Jet Airways,12/06/2019,Kolkata,Banglore,CCU → BOM → BLR,21:10,04:40,7:30,1,In-flight meal not included,7594,12,06,2019,21,10,04,40,7,30
Jet Airways,12/03/2019,Banglore,New Delhi,BLR → BOM → DEL,21:25,11:25,14h,1,No Info,13817,12,03,2019,21,25,11,25,14h,
Jet Airways,15/04/2019,Banglore,Delhi,BLR → DEL,17:45,20:45,3h,0,No Info,7229,15,04,2019,17,45,20,45,3h,
Jet Airways,24/06/2019,Delhi,Cochin,DEL → JAI → BOM → COK,09:40,04:25,18:45,2,In-flight meal not included,10368,24,06,2019,09,40,04,25,18,45
Air Asia,15/05/2019,Banglore,Delhi,BLR → DEL,04:55,07:45,2:50,0,No Info,4282,15,05,2019,04,55,07,45,2,50
Jet Airways,12/06/2019,Delhi,Cochin,DEL → IDR → BOM → COK,09:35,04:25,18:50,2,No Info,13292,12,06,2019,09,35,04,25,18,50
Jet Airways,27/06/2019,Delhi,Cochin,DEL → JAI → BOM → COK,19:30,12:35,17:5,2,No Info,13764,27,06,2019,19,30,12,35,17,5
Jet Airways,1/04/2019,Kolkata,Banglore,CCU → BOM → BLR,18:55,16:20,21:25,1,No Info,12681,1,04,2019,18,55,16,20,21,25
Jet Airways,12/05/2019,Banglore,Delhi,BLR → DEL,11:10,14:05,2:55,0,In-flight meal not included,5198,12,05,2019,11,10,14,05,2,55
Multiple carriers,9/03/2019,Delhi,Cochin,DEL → BOM → COK,07:30,19:45,12:15,1,No Info,12615,9,03,2019,07,30,19,45,12,15
IndiGo,21/04/2019,Kolkata,Banglore,CCU → BLR,11:30,14:05,2:35,0,No Info,5644,21,04,2019,11,30,14,05,2,35
Jet Airways,12/03/2019,Banglore,New Delhi,BLR → BOM → DEL,22:55,13:15,14:20,1,In-flight meal not included,11087,12,03,2019,22,55,13,15,14,20
SpiceJet,3/05/2019,Mumbai,Hyderabad,BOM → HYD,22:45,00:15,1:30,0,No Info,2227,3,05,2019,22,45,00,15,1,30
Jet Airways,18/06/2019,Banglore,Delhi,BLR → DEL,19:50,22:50,3h,0,No Info,8016,18,06,2019,19,50,22,50,3h,
SpiceJet,9/05/2019,Banglore,Delhi,BLR → DEL,09:30,12:20,2:50,0,No check-in baggage included,4885,9,05,2019,09,30,12,20,2,50
IndiGo,1/04/2019,Kolkata,Banglore,CCU → BLR,09:35,12:20,2:45,0,No Info,4174,1,04,2019,09,35,12,20,2,45
Air Asia,9/05/2019,Kolkata,Banglore,CCU → BBI → BLR,06:50,10:30,3:40,1,No Info,5162,9,05,2019,06,50,10,30,3,40
Jet Airways,27/06/2019,Delhi,Cochin,DEL → BOM → COK,13:00,19:00,6h,1,In-flight meal not included,10262,27,06,2019,13,00,19,00,6h,
IndiGo,18/06/2019,Mumbai,Hyderabad,BOM → HYD,09:15,10:45,1:30,0,No Info,4049,18,06,2019,09,15,10,45,1,30
Air India,27/05/2019,Delhi,Cochin,DEL → BOM → COK,18:00,19:15,25:15,1,No Info,8372,27,05,2019,18,00,19,15,25,15
IndiGo,12/06/2019,Banglore,Delhi,BLR → DEL,00:30,03:25,2:55,0,No Info,3419,12,06,2019,00,30,03,25,2,55
IndiGo,27/03/2019,Delhi,Cochin,DEL → HYD → COK,07:35,12:00,4:25,1,No Info,5073,27,03,2019,07,35,12,00,4,25
IndiGo,6/06/2019,Delhi,Cochin,DEL → BOM → COK,16:00,21:00,5h,1,No Info,6069,6,06,2019,16,00,21,00,5h,
IndiGo,21/03/2019,Delhi,Cochin,DEL → BOM → COK,08:25,15:30,7:5,1,No Info,9709,21,03,2019,08,25,15,30,7,5
Jet Airways,12/06/2019,Delhi,Cochin,DEL → JAI → BOM → COK,09:40,12:35,26:55,2,No Info,13014,12,06,2019,09,40,12,35,26,55
Jet Airways,18/05/2019,Delhi,Cochin,DEL → JAI → BOM → COK,09:40,19:00,9:20,2,In-flight meal not included,13029,18,05,2019,09,40,19,00,9,20
Multiple carriers,15/05/2019,Delhi,Cochin,DEL → BOM → COK,08:00,21:00,13h,1,No Info,13937,15,05,2019,08,00,21,00,13h,
SpiceJet,3/03/2019,Delhi,Cochin,DEL → MAA → COK,15:55,21:55,6h,1,No Info,11349,3,03,2019,15,55,21,55,6h,
Jet Airways,21/05/2019,Delhi,Cochin,DEL → AMD → BOM → COK,23:05,04:25,29:20,2,No Info,15129,21,05,2019,23,05,04,25,29,20
SpiceJet,9/06/2019,Chennai,Kolkata,MAA → CCU,09:45,12:00,2:15,0,No Info,3597,9,06,2019,09,45,12,00,2,15
Jet Airways,6/05/2019,Kolkata,Banglore,CCU → BOM → BLR,20:00,20:45,24:45,1,No Info,14388,6,05,2019,20,00,20,45,24,45
Jet Airways,09/03/2019,Banglore,New Delhi,BLR → BOM → DEL,08:00,10:25,26:25,1,In-flight meal not included,11087,09,03,2019,08,00,10,25,26,25
Jet Airways,1/05/2019,Kolkata,Banglore,CCU → BOM → BLR,14:05,09:20,19:15,1,In-flight meal not included,9663,1,05,2019,14,05,09,20,19,15
Jet Airways,1/06/2019,Delhi,Cochin,DEL → JAI → BOM → COK,05:30,04:25,22:55,2,No Info,13014,1,06,2019,05,30,04,25,22,55
IndiGo,6/06/2019,Banglore,Delhi,BLR → DEL,04:00,06:50,2:50,0,No Info,3943,6,06,2019,04,00,06,50,2,50
Air India,15/03/2019,Banglore,New Delhi,BLR → COK → DEL,22:00,13:20,15:20,1,No Info,8845,15,03,2019,22,00,13,20,15,20
Air India,24/03/2019,Kolkata,Banglore,CCU → DEL → BLR,20:30,12:30,16h,1,No Info,12173,24,03,2019,20,30,12,30,16h,
Jet Airways,9/06/2019,Delhi,Cochin,DEL → BOM → COK,21:50,12:35,14:45,1,In-flight meal not included,10262,9,06,2019,21,50,12,35,14,45
Multiple carriers,21/03/2019,Delhi,Cochin,DEL → HYD → COK,09:45,16:10,6:25,1,No Info,7242,21,03,2019,09,45,16,10,6,25
Jet Airways,24/06/2019,Delhi,Cochin,DEL → IDR → BOM → COK,05:30,04:25,22:55,2,No Info,13292,24,06,2019,05,30,04,25,22,55
IndiGo,21/03/2019,Banglore,New Delhi,BLR → AMD → DEL,14:25,19:25,5h,1,No Info,7708,21,03,2019,14,25,19,25,5h,
Jet Airways,21/06/2019,Mumbai,Hyderabad,BOM → HYD,08:45,10:15,1:30,0,No Info,8040,21,06,2019,08,45,10,15,1,30
SpiceJet,12/05/2019,Chennai,Kolkata,MAA → CCU,08:20,10:35,2:15,0,No Info,3597,12,05,2019,08,20,10,35,2,15
SpiceJet,27/05/2019,Kolkata,Banglore,CCU → BLR,17:10,19:40,2:30,0,No check-in baggage included,3841,27,05,2019,17,10,19,40,2,30
Air India,15/05/2019,Kolkata,Banglore,CCU → DEL → BLR,17:30,20:25,26:55,1,No Info,10203,15,05,2019,17,30,20,25,26,55
IndiGo,27/04/2019,Delhi,Cochin,DEL → BLR → COK,02:00,07:45,5:45,1,No Info,7173,27,04,2019,02,00,07,45,5,45
SpiceJet,9/06/2019,Mumbai,Hyderabad,BOM → HYD,22:45,00:15,1:30,0,No check-in baggage included,1965,9,06,2019,22,45,00,15,1,30
IndiGo,6/06/2019,Delhi,Cochin,DEL → BOM → COK,20:25,01:30,5:5,1,No Info,5054,6,06,2019,20,25,01,30,5,5
IndiGo,03/03/2019,Banglore,New Delhi,BLR → DEL,16:55,19:45,2:50,0,No Info,8855,03,03,2019,16,55,19,45,2,50
Jet Airways,01/03/2019,Banglore,New Delhi,BLR → BOM → DEL,05:45,21:20,15:35,1,No Info,27992,01,03,2019,05,45,21,20,15,35
Jet Airways,9/05/2019,Kolkata,Banglore,CCU → DEL → BLR,17:00,18:00,25h,1,In-flight meal not included,7341,9,05,2019,17,00,18,00,25h,
SpiceJet,3/06/2019,Banglore,Delhi,BLR → DEL,09:30,12:20,2:50,0,No check-in baggage included,3919,3,06,2019,09,30,12,20,2,50
Jet Airways,27/03/2019,Delhi,Cochin,DEL → BOM → COK,15:05,04:25,13:20,1,No Info,12242,27,03,2019,15,05,04,25,13,20
Jet Airways,18/05/2019,Kolkata,Banglore,CCU → DEL → BLR,09:35,14:25,28:50,1,No Info,13067,18,05,2019,09,35,14,25,28,50
Jet Airways,24/06/2019,Delhi,Cochin,DEL → JDH → BOM → COK,11:40,19:00,7:20,2,No Info,18804,24,06,2019,11,40,19,00,7,20
Air Asia,21/04/2019,Kolkata,Banglore,CCU → BLR,22:50,01:20,2:30,0,No Info,5645,21,04,2019,22,50,01,20,2,30
IndiGo,24/06/2019,Chennai,Kolkata,MAA → CCU,19:35,21:55,2:20,0,No Info,3597,24,06,2019,19,35,21,55,2,20
Multiple carriers,9/06/2019,Delhi,Cochin,DEL → BOM → COK,16:00,01:30,9:30,1,No Info,13587,9,06,2019,16,00,01,30,9,30
IndiGo,21/06/2019,Chennai,Kolkata,MAA → CCU,13:15,15:35,2:20,0,No Info,3597,21,06,2019,13,15,15,35,2,20
Air India,18/05/2019,Delhi,Cochin,DEL → BOM → COK,10:00,19:15,9:15,1,No Info,8879,18,05,2019,10,00,19,15,9,15
SpiceJet,21/04/2019,Banglore,Delhi,BLR → DEL,05:55,08:35,2:40,0,No check-in baggage included,4319,21,04,2019,05,55,08,35,2,40
Air India,27/03/2019,Mumbai,Hyderabad,BOM → HYD,13:55,15:25,1:30,0,No Info,2050,27,03,2019,13,55,15,25,1,30
Jet Airways,3/06/2019,Mumbai,Hyderabad,BOM → HYD,07:05,08:30,1:25,0,No Info,8040,3,06,2019,07,05,08,30,1,25
Jet Airways,6/05/2019,Kolkata,Banglore,CCU → BOM → BLR,18:55,08:15,13:20,1,No Info,13584,6,05,2019,18,55,08,15,13,20
Jet Airways,6/06/2019,Delhi,Cochin,DEL → JAI → BOM → COK,19:30,04:25,8:55,2,No Info,13014,6,06,2019,19,30,04,25,8,55
Vistara,15/05/2019,Kolkata,Banglore,CCU → DEL → BLR,07:10,18:50,11:40,1,No Info,9345,15,05,2019,07,10,18,50,11,40
Jet Airways,3/06/2019,Delhi,Cochin,DEL → IDR → BOM → COK,09:35,12:35,27h,2,In-flight meal not included,11507,3,06,2019,09,35,12,35,27h,
Multiple carriers,6/06/2019,Delhi,Cochin,DEL → BOM → COK,06:00,19:15,13:15,1,No Info,8266,6,06,2019,06,00,19,15,13,15
Jet Airways,24/03/2019,Mumbai,Hyderabad,BOM → HYD,02:55,04:25,1:30,0,No Info,5678,24,03,2019,02,55,04,25,1,30
Multiple carriers,12/06/2019,Delhi,Cochin,DEL → BOM → COK,13:00,01:30,12:30,1,No Info,13377,12,06,2019,13,00,01,30,12,30
Vistara,21/05/2019,Kolkata,Banglore,CCU → DEL → BLR,07:10,18:50,11:40,1,No Info,9345,21,05,2019,07,10,18,50,11,40
IndiGo,15/05/2019,Delhi,Cochin,DEL → BOM → COK,18:35,01:30,6:55,1,No Info,7191,15,05,2019,18,35,01,30,6,55
Multiple carriers,27/03/2019,Delhi,Cochin,DEL → BOM → COK,17:45,01:35,7:50,1,No Info,7845,27,03,2019,17,45,01,35,7,50
Jet Airways,21/05/2019,Banglore,Delhi,BLR → DEL,11:10,14:05,2:55,0,No Info,7229,21,05,2019,11,10,14,05,2,55
Air India,01/03/2019,Banglore,New Delhi,BLR → HYD → DEL,17:00,08:50,15:50,1,1 Long layover,10981,01,03,2019,17,00,08,50,15,50
Jet Airways,9/06/2019,Kolkata,Banglore,CCU → BOM → BLR,14:05,04:40,14:35,1,No Info,14178,9,06,2019,14,05,04,40,14,35
IndiGo,21/03/2019,Delhi,Cochin,DEL → BOM → COK,07:30,21:00,13:30,1,No Info,8784,21,03,2019,07,30,21,00,13,30
Jet Airways,12/05/2019,Kolkata,Banglore,CCU → BOM → BLR,20:00,04:40,8:40,1,No Info,13941,12,05,2019,20,00,04,40,8,40
Jet Airways,21/05/2019,Kolkata,Banglore,CCU → DEL → BLR,20:25,19:10,22:45,1,No Info,13067,21,05,2019,20,25,19,10,22,45
Jet Airways,27/06/2019,Mumbai,Hyderabad,BOM → HYD,10:20,11:50,1:30,0,In-flight meal not included,4995,27,06,2019,10,20,11,50,1,30
Air India,3/06/2019,Delhi,Cochin,DEL → LKO → BOM → COK,18:30,19:15,24:45,2,No Info,12488,3,06,2019,18,30,19,15,24,45
Air Asia,9/06/2019,Kolkata,Banglore,CCU → DEL → BLR,07:35,23:30,15:55,1,No Info,7870,9,06,2019,07,35,23,30,15,55
Air India,12/05/2019,Delhi,Cochin,DEL → COK,05:10,08:00,2:50,0,No Info,6094,12,05,2019,05,10,08,00,2,50
Jet Airways,12/06/2019,Kolkata,Banglore,CCU → GAU → BLR,10:20,17:35,7:15,1,In-flight meal not included,5608,12,06,2019,10,20,17,35,7,15
GoAir,3/03/2019,Delhi,Cochin,DEL → HYD → COK,07:30,13:20,5:50,1,No Info,6112,3,03,2019,07,30,13,20,5,50
Jet Airways,06/03/2019,Banglore,New Delhi,BLR → BOM → DEL,16:55,08:15,15:20,1,No Info,16736,06,03,2019,16,55,08,15,15,20
Vistara,12/06/2019,Kolkata,Banglore,CCU → DEL → BLR,20:20,10:45,14:25,1,No Info,8452,12,06,2019,20,20,10,45,14,25
Jet Airways,9/05/2019,Kolkata,Banglore,CCU → DEL → BLR,17:00,14:25,21:25,1,In-flight meal not included,9314,9,05,2019,17,00,14,25,21,25
IndiGo,21/05/2019,Chennai,Kolkata,MAA → CCU,07:55,10:15,2:20,0,No Info,3850,21,05,2019,07,55,10,15,2,20
Jet Airways,21/03/2019,Delhi,Cochin,DEL → BOM → COK,19:45,04:25,8:40,1,In-flight meal not included,5963,21,03,2019,19,45,04,25,8,40
Air India,21/05/2019,Delhi,Cochin,DEL → AMD → BOM → COK,05:00,19:15,38:15,2,No Info,9968,21,05,2019,05,00,19,15,38,15
Jet Airways,18/05/2019,Delhi,Cochin,DEL → COK,11:00,14:15,3:15,0,No Info,9564,18,05,2019,11,00,14,15,3,15
IndiGo,6/03/2019,Delhi,Cochin,DEL → HYD → MAA → COK,06:40,21:20,14:40,2,No Info,6610,6,03,2019,06,40,21,20,14,40
IndiGo,09/03/2019,Banglore,New Delhi,BLR → HYD → DEL,15:40,20:35,4:55,1,No Info,5226,09,03,2019,15,40,20,35,4,55
Jet Airways,24/03/2019,Kolkata,Banglore,CCU → BOM → BLR,19:45,08:10,12:25,1,No Info,14231,24,03,2019,19,45,08,10,12,25
Jet Airways,15/06/2019,Delhi,Cochin,DEL → NAG → BOM → COK,14:35,12:35,22h,2,No Info,13376,15,06,2019,14,35,12,35,22h,
IndiGo,27/05/2019,Delhi,Cochin,DEL → HYD → COK,06:50,22:30,15:40,1,No Info,6674,27,05,2019,06,50,22,30,15,40
Multiple carriers,15/06/2019,Delhi,Cochin,DEL → BOM → COK,08:00,21:00,13h,1,No Info,7408,15,06,2019,08,00,21,00,13h,
Air India,24/05/2019,Kolkata,Banglore,CCU → GAU → DEL → BLR,09:50,08:55,23:5,2,No Info,15170,24,05,2019,09,50,08,55,23,5
IndiGo,1/06/2019,Chennai,Kolkata,MAA → CCU,19:35,21:55,2:20,0,No Info,3597,1,06,2019,19,35,21,55,2,20
Air India,12/03/2019,Banglore,New Delhi,BLR → BOM → NAG → DEL,17:25,10:15,16:50,2,No Info,12778,12,03,2019,17,25,10,15,16,50
Jet Airways,9/06/2019,Banglore,Delhi,BLR → DEL,17:45,20:45,3h,0,In-flight meal not included,7229,9,06,2019,17,45,20,45,3h,
Jet Airways,15/06/2019,Banglore,Delhi,BLR → DEL,08:20,11:20,3h,0,No Info,8016,15,06,2019,08,20,11,20,3h,
IndiGo,27/05/2019,Kolkata,Banglore,CCU → BLR,22:15,00:50,2:35,0,No Info,4804,27,05,2019,22,15,00,50,2,35
Jet Airways,21/06/2019,Banglore,Delhi,BLR → DEL,08:20,11:20,3h,0,No Info,8016,21,06,2019,08,20,11,20,3h,
Air Asia,9/06/2019,Kolkata,Banglore,CCU → BLR,10:20,12:55,2:35,0,No Info,5645,9,06,2019,10,20,12,55,2,35
Jet Airways,09/03/2019,Banglore,New Delhi,BLR → BOM → DEL,18:40,00:45,6:5,1,No Info,22270,09,03,2019,18,40,00,45,6,5
Jet Airways,6/06/2019,Kolkata,Banglore,CCU → DEL → BLR,09:35,19:10,9:35,1,No Info,14151,6,06,2019,09,35,19,10,9,35
Jet Airways,6/04/2019,Delhi,Cochin,DEL → BOM → COK,07:05,12:35,5:30,1,In-flight meal not included,5406,6,04,2019,07,05,12,35,5,30
Air India,24/03/2019,Kolkata,Banglore,CCU → HYD → BLR,19:00,11:05,16:5,1,No Info,5567,24,03,2019,19,00,11,05,16,5
IndiGo,27/03/2019,Delhi,Cochin,DEL → HYD → COK,04:55,16:10,11:15,1,No Info,6171,27,03,2019,04,55,16,10,11,15
SpiceJet,15/06/2019,Banglore,Delhi,BLR → DEL,05:55,08:35,2:40,0,No Info,4423,15,06,2019,05,55,08,35,2,40
Jet Airways,6/04/2019,Delhi,Cochin,DEL → BOM → COK,22:50,12:35,13:45,1,In-flight meal not included,5177,6,04,2019,22,50,12,35,13,45
Multiple carriers,12/06/2019,Delhi,Cochin,DEL → BOM → COK,17:45,01:30,7:45,1,No Info,6795,12,06,2019,17,45,01,30,7,45
SpiceJet,27/05/2019,Banglore,Delhi,BLR → DEL,09:30,12:20,2:50,0,No Info,3625,27,05,2019,09,30,12,20,2,50
Jet Airways,18/05/2019,Delhi,Cochin,DEL → BOM → COK,14:00,12:35,22:35,1,In-flight meal not included,12373,18,05,2019,14,00,12,35,22,35
SpiceJet,9/05/2019,Kolkata,Banglore,CCU → MAA → BLR,15:05,20:20,5:15,1,No Info,4963,9,05,2019,15,05,20,20,5,15
IndiGo,27/05/2019,Mumbai,Hyderabad,BOM → HYD,21:20,22:50,1:30,0,No Info,2227,27,05,2019,21,20,22,50,1,30
Multiple carriers,27/06/2019,Delhi,Cochin,DEL → BOM → COK,08:30,19:00,10:30,1,No Info,11200,27,06,2019,08,30,19,00,10,30
Air India,9/05/2019,Delhi,Cochin,DEL → BLR → COK,17:40,23:00,5:20,1,No Info,7174,9,05,2019,17,40,23,00,5,20
Air India,3/03/2019,Delhi,Cochin,DEL → BHO → BOM → COK,05:55,19:15,37:20,2,No Info,13748,3,03,2019,05,55,19,15,37,20
Multiple carriers,27/05/2019,Delhi,Cochin,DEL → HYD → COK,07:05,22:30,15:25,1,No Info,9856,27,05,2019,07,05,22,30,15,25
Air India,18/05/2019,Kolkata,Banglore,CCU → GAU → DEL → BLR,16:45,12:30,19:45,2,No Info,15170,18,05,2019,16,45,12,30,19,45
IndiGo,1/06/2019,Delhi,Cochin,DEL → HYD → COK,07:35,22:30,14:55,1,No Info,6442,1,06,2019,07,35,22,30,14,55
Jet Airways,27/05/2019,Delhi,Cochin,DEL → BOM → COK,17:30,19:00,25:30,1,In-flight meal not included,12898,27,05,2019,17,30,19,00,25,30
Jet Airways,1/06/2019,Banglore,Delhi,BLR → DEL,08:20,11:20,3h,0,In-flight meal not included,7229,1,06,2019,08,20,11,20,3h,
Air India,9/05/2019,Kolkata,Banglore,CCU → DEL → COK → BLR,10:00,01:20,15:20,2,No Info,13033,9,05,2019,10,00,01,20,15,20
Jet Airways,12/05/2019,Kolkata,Banglore,CCU → DEL → BLR,20:25,21:05,24:40,1,In-flight meal not included,10703,12,05,2019,20,25,21,05,24,40
IndiGo,9/03/2019,Chennai,Kolkata,MAA → CCU,13:20,15:35,2:15,0,No Info,6297,9,03,2019,13,20,15,35,2,15
Jet Airways,6/05/2019,Kolkata,Banglore,CCU → DEL → BLR,20:25,18:00,21:35,1,In-flight meal not included,9314,6,05,2019,20,25,18,00,21,35
Vistara,15/03/2019,Banglore,New Delhi,BLR → DEL,09:50,12:35,2:45,0,No Info,6138,15,03,2019,09,50,12,35,2,45
IndiGo,24/06/2019,Delhi,Cochin,DEL → BOM → COK,09:15,21:00,11:45,1,No Info,6838,24,06,2019,09,15,21,00,11,45
Jet Airways Business,6/03/2019,Delhi,Cochin,DEL → ATQ → BOM → COK,20:05,04:25,8:20,2,No Info,52285,6,03,2019,20,05,04,25,8,20
Multiple carriers,9/06/2019,Delhi,Cochin,DEL → BOM → COK,14:00,01:30,11:30,1,No Info,13377,9,06,2019,14,00,01,30,11,30
Air India,18/05/2019,Delhi,Cochin,DEL → HYD → MAA → COK,09:45,09:25,23:40,2,No Info,10975,18,05,2019,09,45,09,25,23,40
Jet Airways,12/03/2019,Banglore,New Delhi,BLR → BOM → DEL,05:45,21:20,15:35,1,No Info,13817,12,03,2019,05,45,21,20,15,35
Air India,21/03/2019,Delhi,Cochin,DEL → MAA → COK,06:05,09:25,27:20,1,No Info,7532,21,03,2019,06,05,09,25,27,20
Multiple carriers,15/05/2019,Delhi,Cochin,DEL → BOM → COK,03:50,19:00,15:10,1,No Info,10197,15,05,2019,03,50,19,00,15,10
Jet Airways,9/06/2019,Kolkata,Banglore,CCU → BOM → BLR,20:00,04:40,8:40,1,In-flight meal not included,9663,9,06,2019,20,00,04,40,8,40
Multiple carriers,15/05/2019,Delhi,Cochin,DEL → BOM → COK,13:00,21:00,8h,1,No Info,13727,15,05,2019,13,00,21,00,8h,
IndiGo,9/05/2019,Delhi,Cochin,DEL → BOM → COK,11:25,01:30,14:5,1,No Info,8330,9,05,2019,11,25,01,30,14,5
IndiGo,21/05/2019,Banglore,Delhi,BLR → DEL,07:10,10:05,2:55,0,No Info,4823,21,05,2019,07,10,10,05,2,55
IndiGo,27/05/2019,Delhi,Cochin,DEL → BOM → COK,17:10,01:30,8:20,1,No Info,6206,27,05,2019,17,10,01,30,8,20
Multiple carriers,6/06/2019,Delhi,Cochin,DEL → BOM → COK,11:25,19:00,7:35,1,No Info,10877,6,06,2019,11,25,19,00,7,35
Jet Airways,12/03/2019,Banglore,New Delhi,BLR → BOM → DEL,18:55,08:15,13:20,1,No Info,13817,12,03,2019,18,55,08,15,13,20
Jet Airways,27/06/2019,Banglore,Delhi,BLR → DEL,08:20,11:20,3h,0,In-flight meal not included,6478,27,06,2019,08,20,11,20,3h,
Air India,9/04/2019,Delhi,Cochin,DEL → HYD → BOM → COK,13:05,07:40,18:35,2,No Info,8577,9,04,2019,13,05,07,40,18,35
Jet Airways,21/05/2019,Delhi,Cochin,DEL → BOM → COK,21:50,19:00,21:10,1,No Info,16079,21,05,2019,21,50,19,00,21,10
Jet Airways,27/06/2019,Delhi,Cochin,DEL → AMD → BOM → COK,23:05,12:35,13:30,2,In-flight meal not included,11150,27,06,2019,23,05,12,35,13,30
Multiple carriers,6/03/2019,Delhi,Cochin,DEL → BOM → COK,06:40,19:15,12:35,1,No Info,15077,6,03,2019,06,40,19,15,12,35
Jet Airways,1/04/2019,Kolkata,Banglore,CCU → BOM → BLR,16:30,08:15,15:45,1,In-flight meal not included,7064,1,04,2019,16,30,08,15,15,45
Jet Airways,21/05/2019,Kolkata,Banglore,CCU → BOM → BLR,14:05,08:15,18:10,1,In-flight meal not included,9663,21,05,2019,14,05,08,15,18,10
Air India,6/03/2019,Delhi,Cochin,DEL → HYD → BOM → COK,21:30,19:15,21:45,2,No Info,11552,6,03,2019,21,30,19,15,21,45
Jet Airways,12/06/2019,Delhi,Cochin,DEL → BOM → COK,20:55,19:00,22:5,1,In-flight meal not included,10262,12,06,2019,20,55,19,00,22,5
SpiceJet,15/04/2019,Delhi,Cochin,DEL → MAA → COK,15:45,22:05,6:20,1,No Info,5899,15,04,2019,15,45,22,05,6,20
Jet Airways,1/06/2019,Delhi,Cochin,DEL → NAG → BOM → COK,14:35,12:35,22h,2,No Info,13376,1,06,2019,14,35,12,35,22h,
Jet Airways,12/03/2019,Banglore,New Delhi,BLR → BOM → DEL,18:55,10:25,15:30,1,No Info,13817,12,03,2019,18,55,10,25,15,30
Vistara,1/05/2019,Kolkata,Banglore,CCU → DEL → BLR,20:20,20:20,24h,1,No Info,8610,1,05,2019,20,20,20,20,24h,
Jet Airways,9/05/2019,Delhi,Cochin,DEL → BOM → COK,09:00,04:25,19:25,1,In-flight meal not included,12373,9,05,2019,09,00,04,25,19,25
SpiceJet,27/05/2019,Delhi,Cochin,DEL → BLR → COK,17:55,22:50,4:55,1,No Info,5673,27,05,2019,17,55,22,50,4,55
Vistara,1/04/2019,Kolkata,Banglore,CCU → DEL → BLR,20:20,18:50,22:30,1,No Info,7927,1,04,2019,20,20,18,50,22,30
Jet Airways,24/06/2019,Delhi,Cochin,DEL → BOM → COK,02:15,19:00,16:45,1,In-flight meal not included,10262,24,06,2019,02,15,19,00,16,45
Jet Airways,9/05/2019,Delhi,Cochin,DEL → BOM → COK,08:00,04:25,20:25,1,In-flight meal not included,12373,9,05,2019,08,00,04,25,20,25
Air India,01/03/2019,Banglore,New Delhi,BLR → BBI → DEL,09:30,12:05,26:35,1,No Info,12704,01,03,2019,09,30,12,05,26,35
Air India,9/05/2019,Kolkata,Banglore,CCU → BBI → BLR,12:00,13:15,25:15,1,No Info,6612,9,05,2019,12,00,13,15,25,15
IndiGo,9/06/2019,Banglore,Delhi,BLR → DEL,18:55,21:50,2:55,0,No Info,4823,9,06,2019,18,55,21,50,2,55
Jet Airways,3/06/2019,Delhi,Cochin,DEL → BOM → COK,10:00,19:00,9h,1,In-flight meal not included,10262,3,06,2019,10,00,19,00,9h,
IndiGo,21/03/2019,Delhi,Cochin,DEL → MAA → COK,07:20,12:30,5:10,1,No Info,6388,21,03,2019,07,20,12,30,5,10
GoAir,12/05/2019,Banglore,Delhi,BLR → DEL,07:45,10:40,2:55,0,No Info,3898,12,05,2019,07,45,10,40,2,55
Jet Airways,6/04/2019,Delhi,Cochin,DEL → BOM → COK,11:30,19:00,7:30,1,In-flight meal not included,5177,6,04,2019,11,30,19,00,7,30
Jet Airways,9/06/2019,Kolkata,Banglore,CCU → BOM → BLR,20:00,20:45,24:45,1,In-flight meal not included,10844,9,06,2019,20,00,20,45,24,45
IndiGo,1/06/2019,Banglore,Delhi,BLR → DEL,00:25,03:15,2:50,0,No Info,4077,1,06,2019,00,25,03,15,2,50
Jet Airways,24/03/2019,Kolkata,Banglore,CCU → BOM → BLR,16:55,09:15,16:20,1,No Info,14231,24,03,2019,16,55,09,15,16,20
Air India,12/03/2019,Banglore,New Delhi,BLR → BOM → BHO → DEL,08:50,23:25,14:35,2,No Info,13250,12,03,2019,08,50,23,25,14,35
Jet Airways,12/03/2019,Banglore,New Delhi,BLR → BOM → DEL,07:00,21:20,14:20,1,No Info,13817,12,03,2019,07,00,21,20,14,20
SpiceJet,09/03/2019,Banglore,New Delhi,BLR → DEL,20:30,23:20,2:50,0,No Info,6205,09,03,2019,20,30,23,20,2,50
Jet Airways,27/06/2019,Delhi,Cochin,DEL → AMD → BOM → COK,23:05,12:35,13:30,2,No Info,12819,27,06,2019,23,05,12,35,13,30
IndiGo,15/04/2019,Banglore,Delhi,BLR → DEL,13:00,15:50,2:50,0,No Info,4591,15,04,2019,13,00,15,50,2,50
SpiceJet,27/06/2019,Kolkata,Banglore,CCU → BLR,06:55,09:30,2:35,0,No check-in baggage included,3841,27,06,2019,06,55,09,30,2,35
SpiceJet,9/06/2019,Chennai,Kolkata,MAA → CCU,17:45,20:05,2:20,0,No Info,3597,9,06,2019,17,45,20,05,2,20
IndiGo,3/04/2019,Kolkata,Banglore,CCU → BLR,04:40,07:15,2:35,0,No Info,4174,3,04,2019,04,40,07,15,2,35
Vistara,27/05/2019,Delhi,Cochin,DEL → COK,06:00,09:10,3:10,0,No Info,6216,27,05,2019,06,00,09,10,3,10
Jet Airways,9/05/2019,Kolkata,Banglore,CCU → DEL → BLR,17:00,18:00,25h,1,No Info,10624,9,05,2019,17,00,18,00,25h,
Air Asia,24/06/2019,Delhi,Cochin,DEL → BLR → COK,07:55,22:25,14:30,1,No Info,6152,24,06,2019,07,55,22,25,14,30
IndiGo,9/03/2019,Delhi,Cochin,DEL → BOM → COK,20:30,01:35,5:5,1,No Info,6937,9,03,2019,20,30,01,35,5,5
Air India,1/06/2019,Delhi,Cochin,DEL → BOM → COK,17:00,19:15,26:15,1,No Info,8792,1,06,2019,17,00,19,15,26,15
Multiple carriers,27/05/2019,Delhi,Cochin,DEL → BOM → COK,12:50,21:00,8:10,1,No Info,7005,27,05,2019,12,50,21,00,8,10
Jet Airways,6/06/2019,Mumbai,Hyderabad,BOM → HYD,02:55,04:20,1:25,0,No Info,5678,6,06,2019,02,55,04,20,1,25
Air India,15/03/2019,Banglore,New Delhi,BLR → VGA → DEL,10:30,11:20,24:50,1,No Info,7013,15,03,2019,10,30,11,20,24,50
Jet Airways,21/05/2019,Delhi,Cochin,DEL → BOM → COK,15:00,19:00,28h,1,No Info,16079,21,05,2019,15,00,19,00,28h,
Jet Airways,6/06/2019,Kolkata,Banglore,CCU → DEL → BLR,09:35,18:00,8:25,1,In-flight meal not included,10539,6,06,2019,09,35,18,00,8,25
Jet Airways,6/05/2019,Kolkata,Banglore,CCU → BOM → BLR,16:30,23:35,7:5,1,In-flight meal not included,11841,6,05,2019,16,30,23,35,7,5
IndiGo,15/03/2019,Banglore,New Delhi,BLR → BOM → DEL,19:35,00:35,5h,1,No Info,10509,15,03,2019,19,35,00,35,5h,
IndiGo,3/06/2019,Chennai,Kolkata,MAA → CCU,13:15,15:35,2:20,0,No Info,3597,3,06,2019,13,15,15,35,2,20
Air India,1/05/2019,Kolkata,Banglore,CCU → BOM → COK → BLR,09:25,13:45,28:20,2,No Info,15532,1,05,2019,09,25,13,45,28,20
Multiple carriers,9/03/2019,Delhi,Cochin,DEL → BOM → COK,06:50,21:00,14:10,1,In-flight meal not included,14086,9,03,2019,06,50,21,00,14,10
Multiple carriers,27/03/2019,Delhi,Cochin,DEL → HYD → COK,14:35,22:20,7:45,1,In-flight meal not included,5883,27,03,2019,14,35,22,20,7,45
Multiple carriers,3/06/2019,Delhi,Cochin,DEL → BOM → COK,07:00,21:00,14h,1,No Info,7618,3,06,2019,07,00,21,00,14h,
Jet Airways,1/05/2019,Kolkata,Banglore,CCU → DEL → BLR,17:00,18:00,25h,1,In-flight meal not included,9314,1,05,2019,17,00,18,00,25h,
Jet Airways,9/06/2019,Kolkata,Banglore,CCU → DEL → BLR,09:35,21:05,11:30,1,In-flight meal not included,13994,9,06,2019,09,35,21,05,11,30
IndiGo,27/04/2019,Delhi,Cochin,DEL → HYD → COK,07:35,12:10,4:35,1,No Info,5073,27,04,2019,07,35,12,10,4,35
Air Asia,24/03/2019,Banglore,New Delhi,BLR → DEL,11:10,13:55,2:45,0,No Info,3383,24,03,2019,11,10,13,55,2,45
Multiple carriers,1/06/2019,Delhi,Cochin,DEL → BOM → COK,09:00,19:15,10:15,1,No Info,16108,1,06,2019,09,00,19,15,10,15
Multiple carriers,27/05/2019,Delhi,Cochin,DEL → BOM → COK,10:20,01:30,15:10,1,No Info,6795,27,05,2019,10,20,01,30,15,10
Jet Airways,1/04/2019,Kolkata,Banglore,CCU → BOM → BLR,16:30,04:40,12:10,1,No Info,12681,1,04,2019,16,30,04,40,12,10
Jet Airways,12/06/2019,Delhi,Cochin,DEL → BOM → COK,15:00,12:35,21:35,1,In-flight meal not included,10262,12,06,2019,15,00,12,35,21,35
Vistara,6/06/2019,Kolkata,Banglore,CCU → DEL → BLR,17:00,18:50,25:50,1,No Info,8820,6,06,2019,17,00,18,50,25,50
Jet Airways,09/03/2019,Banglore,New Delhi,BLR → BDQ → DEL,05:50,12:20,6:30,1,In-flight meal not included,10037,09,03,2019,05,50,12,20,6,30
Multiple carriers,12/06/2019,Delhi,Cochin,DEL → BOM → COK,06:00,12:35,6:35,1,No Info,11789,12,06,2019,06,00,12,35,6,35
GoAir,15/05/2019,Delhi,Cochin,DEL → BOM → COK,10:35,19:35,9h,1,No Info,7378,15,05,2019,10,35,19,35,9h,
IndiGo,24/05/2019,Banglore,Delhi,BLR → DEL,18:55,21:50,2:55,0,No Info,4823,24,05,2019,18,55,21,50,2,55
Jet Airways,24/06/2019,Banglore,Delhi,BLR → DEL,19:50,22:50,3h,0,In-flight meal not included,6478,24,06,2019,19,50,22,50,3h,
Jet Airways,1/06/2019,Delhi,Cochin,DEL → JAI → BOM → COK,09:40,04:25,18:45,2,No Info,13014,1,06,2019,09,40,04,25,18,45
Jet Airways,24/05/2019,Kolkata,Banglore,CCU → BOM → BLR,16:30,22:35,6:5,1,In-flight meal not included,10844,24,05,2019,16,30,22,35,6,5
Multiple carriers,27/06/2019,Delhi,Cochin,DEL → BOM → COK,08:00,21:00,13h,1,No Info,7408,27,06,2019,08,00,21,00,13h,
Multiple carriers,27/06/2019,Delhi,Cochin,DEL → HYD → COK,07:05,16:10,9:5,1,No Info,9646,27,06,2019,07,05,16,10,9,5
SpiceJet,6/05/2019,Chennai,Kolkata,MAA → CCU,17:45,20:05,2:20,0,No Info,3597,6,05,2019,17,45,20,05,2,20
SpiceJet,27/06/2019,Kolkata,Banglore,CCU → BLR,17:10,19:40,2:30,0,No Info,3873,27,06,2019,17,10,19,40,2,30
GoAir,27/06/2019,Delhi,Cochin,DEL → BOM → COK,14:25,19:35,5:10,1,No Info,7870,27,06,2019,14,25,19,35,5,10
Jet Airways,27/06/2019,Delhi,Cochin,DEL → BHO → BOM → COK,05:30,12:35,7:5,2,In-flight meal not included,13344,27,06,2019,05,30,12,35,7,5
Air India,12/06/2019,Mumbai,Hyderabad,BOM → HYD,19:30,20:45,1:15,0,No Info,3100,12,06,2019,19,30,20,45,1,15
Air India,18/03/2019,Banglore,New Delhi,BLR → DEL,21:05,23:55,2:50,0,No Info,4441,18,03,2019,21,05,23,55,2,50
IndiGo,27/03/2019,Delhi,Cochin,DEL → HYD → COK,04:55,12:00,7:5,1,No Info,6171,27,03,2019,04,55,12,00,7,5
Jet Airways,9/05/2019,Kolkata,Banglore,CCU → DEL → BLR,20:25,10:55,14:30,1,No Info,10953,9,05,2019,20,25,10,55,14,30
Air India,9/05/2019,Kolkata,Banglore,CCU → VNS → DEL → BLR,14:30,08:55,18:25,2,No Info,14214,9,05,2019,14,30,08,55,18,25
IndiGo,24/06/2019,Delhi,Cochin,DEL → BOM → COK,07:30,21:00,13:30,1,No Info,6093,24,06,2019,07,30,21,00,13,30
Air India,24/06/2019,Delhi,Cochin,DEL → JDH → BOM → COK,12:55,19:15,30:20,2,No Info,12436,24,06,2019,12,55,19,15,30,20
Jet Airways,18/05/2019,Delhi,Cochin,DEL → AMD → BOM → COK,13:25,19:00,29:35,2,No Info,15129,18,05,2019,13,25,19,00,29,35
Multiple carriers,3/06/2019,Delhi,Cochin,DEL → BOM → COK,06:00,12:35,6:35,1,No Info,13259,3,06,2019,06,00,12,35,6,35
Air India,24/05/2019,Kolkata,Banglore,CCU → GAU → DEL → BLR,09:50,12:30,26:40,2,No Info,15170,24,05,2019,09,50,12,30,26,40
Jet Airways,21/05/2019,Kolkata,Banglore,CCU → BOM → BLR,16:30,22:35,6:5,1,No Info,14781,21,05,2019,16,30,22,35,6,5
IndiGo,1/06/2019,Delhi,Cochin,DEL → BOM → COK,11:25,01:30,14:5,1,No Info,6206,1,06,2019,11,25,01,30,14,5
SpiceJet,9/05/2019,Kolkata,Banglore,CCU → BLR,17:10,19:40,2:30,0,No check-in baggage included,3841,9,05,2019,17,10,19,40,2,30
Jet Airways,15/06/2019,Delhi,Cochin,DEL → BOM → COK,11:30,19:00,7:30,1,No Info,14714,15,06,2019,11,30,19,00,7,30
IndiGo,9/06/2019,Delhi,Cochin,DEL → BOM → COK,04:55,21:00,16:5,1,No Info,6093,9,06,2019,04,55,21,00,16,5
Jet Airways,9/06/2019,Banglore,Delhi,BLR → DEL,11:10,14:05,2:55,0,No Info,8016,9,06,2019,11,10,14,05,2,55
Air India,27/03/2019,Delhi,Cochin,DEL → MAA → COK,06:05,09:25,27:20,1,No Info,5117,27,03,2019,06,05,09,25,27,20
Jet Airways,1/05/2019,Kolkata,Banglore,CCU → BOM → BLR,08:25,04:40,20:15,1,In-flight meal not included,8586,1,05,2019,08,25,04,40,20,15
IndiGo,9/03/2019,Delhi,Cochin,DEL → BOM → COK,15:00,01:35,10:35,1,No Info,13611,9,03,2019,15,00,01,35,10,35
IndiGo,9/05/2019,Delhi,Cochin,DEL → HYD → COK,16:10,22:30,6:20,1,No Info,6704,9,05,2019,16,10,22,30,6,20
IndiGo,9/05/2019,Kolkata,Banglore,CCU → MAA → BLR,06:20,10:20,4h,1,No Info,4226,9,05,2019,06,20,10,20,4h,
Air India,6/04/2019,Banglore,Delhi,BLR → DEL,17:00,19:45,2:45,0,No Info,4651,6,04,2019,17,00,19,45,2,45
SpiceJet,27/05/2019,Kolkata,Banglore,CCU → BLR,22:20,00:40,2:20,0,No Info,3873,27,05,2019,22,20,00,40,2,20
GoAir,03/03/2019,Banglore,New Delhi,BLR → DEL,20:55,23:50,2:55,0,No Info,7222,03,03,2019,20,55,23,50,2,55
Multiple carriers,15/05/2019,Delhi,Cochin,DEL → BOM → COK,11:30,21:00,9:30,1,No Info,13727,15,05,2019,11,30,21,00,9,30
IndiGo,27/03/2019,Delhi,Cochin,DEL → BOM → COK,09:10,15:30,6:20,1,No Info,10141,27,03,2019,09,10,15,30,6,20
SpiceJet,24/04/2019,Banglore,Delhi,BLR → DEL,21:10,00:05,2:55,0,No Info,3625,24,04,2019,21,10,00,05,2,55
IndiGo,15/04/2019,Delhi,Cochin,DEL → HYD → COK,07:35,16:10,8:35,1,No Info,6442,15,04,2019,07,35,16,10,8,35
Jet Airways,6/05/2019,Banglore,Delhi,BLR → DEL,17:45,20:45,3h,0,No Info,7229,6,05,2019,17,45,20,45,3h,
Air Asia,24/06/2019,Delhi,Cochin,DEL → BLR → COK,16:45,06:35,13:50,1,No Info,6752,24,06,2019,16,45,06,35,13,50
Jet Airways,24/03/2019,Kolkata,Banglore,CCU → BOM → BLR,21:10,18:10,21h,1,No Info,13759,24,03,2019,21,10,18,10,21h,
Air India,6/03/2019,Mumbai,Hyderabad,BOM → BBI → HYD,12:00,12:25,24:25,1,No Info,14408,6,03,2019,12,00,12,25,24,25
Air India,9/06/2019,Delhi,Cochin,DEL → CCU → BOM → COK,20:15,19:15,23h,2,No Info,13381,9,06,2019,20,15,19,15,23h,
Vistara,1/04/2019,Kolkata,Banglore,CCU → DEL → BLR,17:00,20:20,27:20,1,No Info,9135,1,04,2019,17,00,20,20,27,20
IndiGo,15/05/2019,Kolkata,Banglore,CCU → NAG → BLR,18:05,23:30,5:25,1,No Info,6218,15,05,2019,18,05,23,30,5,25
SpiceJet,27/04/2019,Kolkata,Banglore,CCU → BLR,09:00,11:25,2:25,0,No Info,4174,27,04,2019,09,00,11,25,2,25
Air India,6/06/2019,Kolkata,Banglore,CCU → HYD → BLR,19:00,11:05,16:5,1,No Info,6117,6,06,2019,19,00,11,05,16,5
Jet Airways,15/05/2019,Kolkata,Banglore,CCU → DEL → BLR,09:35,21:05,11:30,1,In-flight meal not included,10703,15,05,2019,09,35,21,05,11,30
Jet Airways,12/06/2019,Kolkata,Banglore,CCU → DEL → BLR,09:35,09:45,24:10,1,No Info,12692,12,06,2019,09,35,09,45,24,10
Jet Airways,6/06/2019,Kolkata,Banglore,CCU → DEL → BLR,17:00,10:55,17:55,1,In-flight meal not included,10539,6,06,2019,17,00,10,55,17,55
Jet Airways,24/03/2019,Kolkata,Banglore,CCU → BOM → BLR,13:55,19:40,5:45,1,In-flight meal not included,11134,24,03,2019,13,55,19,40,5,45
IndiGo,24/03/2019,Banglore,New Delhi,BLR → DEL,21:20,00:15,2:55,0,No Info,4777,24,03,2019,21,20,00,15,2,55
Jet Airways,18/05/2019,Delhi,Cochin,DEL → BOM → COK,11:30,12:35,25:5,1,In-flight meal not included,12373,18,05,2019,11,30,12,35,25,5
Multiple carriers,3/03/2019,Delhi,Cochin,DEL → HYD → MAA → COK,13:05,21:20,8:15,2,No Info,11966,3,03,2019,13,05,21,20,8,15
IndiGo,15/05/2019,Chennai,Kolkata,MAA → CCU,22:05,00:25,2:20,0,No Info,5277,15,05,2019,22,05,00,25,2,20
Air India,01/03/2019,Banglore,New Delhi,BLR → BOM → AMD → DEL,08:50,23:55,39:5,2,No Info,17135,01,03,2019,08,50,23,55,39,5
Jet Airways,6/06/2019,Delhi,Cochin,DEL → BOM → COK,14:00,19:00,5h,1,No Info,14714,6,06,2019,14,00,19,00,5h,
IndiGo,09/03/2019,Banglore,New Delhi,BLR → DEL,22:20,01:10,2:50,0,No Info,6144,09,03,2019,22,20,01,10,2,50
Air India,1/04/2019,Banglore,Delhi,BLR → DEL,13:20,16:10,2:50,0,No Info,5911,1,04,2019,13,20,16,10,2,50
Vistara,12/03/2019,Mumbai,Hyderabad,BOM → DEL → HYD,19:45,19:55,24:10,1,No Info,12080,12,03,2019,19,45,19,55,24,10
IndiGo,6/04/2019,Banglore,Delhi,BLR → DEL,10:30,13:20,2:50,0,No Info,4423,6,04,2019,10,30,13,20,2,50
Multiple carriers,27/05/2019,Delhi,Cochin,DEL → BOM → COK,09:00,21:00,12h,1,No Info,7618,27,05,2019,09,00,21,00,12h,
Air Asia,27/05/2019,Banglore,Delhi,BLR → DEL,11:10,13:55,2:45,0,No Info,3383,27,05,2019,11,10,13,55,2,45
Air India,6/03/2019,Delhi,Cochin,DEL → AMD → BOM → COK,19:45,19:15,23:30,2,No Info,12646,6,03,2019,19,45,19,15,23,30
Multiple carriers,18/05/2019,Delhi,Cochin,DEL → BOM → COK,06:00,21:00,15h,1,No Info,7670,18,05,2019,06,00,21,00,15h,
IndiGo,15/05/2019,Kolkata,Banglore,CCU → BLR,04:40,07:15,2:35,0,No Info,4804,15,05,2019,04,40,07,15,2,35
Jet Airways,12/03/2019,Banglore,New Delhi,BLR → BOM → DEL,20:35,18:25,21:50,1,In-flight meal not included,11087,12,03,2019,20,35,18,25,21,50
Jet Airways,18/04/2019,Banglore,Delhi,BLR → DEL,11:10,14:05,2:55,0,No Info,7229,18,04,2019,11,10,14,05,2,55
SpiceJet,3/03/2019,Chennai,Kolkata,MAA → CCU,08:20,10:35,2:15,0,No Info,7050,3,03,2019,08,20,10,35,2,15
Jet Airways,1/04/2019,Kolkata,Banglore,CCU → BOM → BLR,20:00,18:15,22:15,1,No Info,12681,1,04,2019,20,00,18,15,22,15
SpiceJet,3/04/2019,Delhi,Cochin,DEL → PNQ → COK,08:45,13:15,4:30,1,No check-in baggage included,4098,3,04,2019,08,45,13,15,4,30
SpiceJet,12/05/2019,Chennai,Kolkata,MAA → CCU,09:45,12:00,2:15,0,No check-in baggage included,3543,12,05,2019,09,45,12,00,2,15
Jet Airways,21/05/2019,Kolkata,Banglore,CCU → DEL → BLR,20:25,18:00,21:35,1,No Info,14151,21,05,2019,20,25,18,00,21,35
Jet Airways,24/03/2019,Kolkata,Banglore,CCU → BOM → BLR,06:30,22:35,16:5,1,No Info,13339,24,03,2019,06,30,22,35,16,5
Jet Airways,24/05/2019,Kolkata,Banglore,CCU → BOM → BLR,21:10,12:00,14:50,1,In-flight meal not included,9663,24,05,2019,21,10,12,00,14,50
Jet Airways,27/05/2019,Delhi,Cochin,DEL → BOM → COK,11:30,04:25,16:55,1,In-flight meal not included,12898,27,05,2019,11,30,04,25,16,55
Air India,3/06/2019,Delhi,Cochin,DEL → JAI → BOM → COK,12:00,19:15,7:15,2,No Info,8603,3,06,2019,12,00,19,15,7,15
Jet Airways,12/06/2019,Kolkata,Banglore,CCU → BOM → BLR,16:30,12:00,19:30,1,No Info,13044,12,06,2019,16,30,12,00,19,30
SpiceJet,6/03/2019,Kolkata,Banglore,CCU → BLR,17:15,19:45,2:30,0,No Info,4622,6,03,2019,17,15,19,45,2,30
Multiple carriers,21/03/2019,Delhi,Cochin,DEL → BOM → COK,14:00,21:00,7h,1,No Info,13062,21,03,2019,14,00,21,00,7h,
Multiple carriers,12/06/2019,Delhi,Cochin,DEL → BOM → COK,09:15,19:00,9:45,1,No Info,11622,12,06,2019,09,15,19,00,9,45
Jet Airways,12/03/2019,Banglore,New Delhi,BLR → BOM → DEL,20:35,20:20,23:45,1,In-flight meal not included,11087,12,03,2019,20,35,20,20,23,45
Multiple carriers,15/06/2019,Delhi,Cochin,DEL → BOM → COK,10:20,19:00,8:40,1,No Info,11789,15,06,2019,10,20,19,00,8,40
Jet Airways,9/05/2019,Kolkata,Banglore,CCU → BOM → BLR,18:55,09:20,14:25,1,In-flight meal not included,9663,9,05,2019,18,55,09,20,14,25
Jet Airways,06/03/2019,Banglore,New Delhi,BLR → BOM → DEL,08:55,16:10,7:15,1,No Info,19225,06,03,2019,08,55,16,10,7,15
Multiple carriers,27/06/2019,Delhi,Cochin,DEL → BOM → COK,11:40,01:30,13:50,1,In-flight meal not included,5797,27,06,2019,11,40,01,30,13,50
Multiple carriers,1/06/2019,Delhi,Cochin,DEL → BOM → COK,12:50,19:15,6:25,1,No Info,9526,1,06,2019,12,50,19,15,6,25
Jet Airways,9/04/2019,Banglore,Delhi,BLR → DEL,19:50,22:50,3h,0,No Info,7229,9,04,2019,19,50,22,50,3h,
Multiple carriers,9/04/2019,Delhi,Cochin,DEL → BOM → COK,08:30,19:00,10:30,1,No Info,10877,9,04,2019,08,30,19,00,10,30
Air India,06/03/2019,Banglore,New Delhi,BLR → HYD → VGA → DEL,08:15,22:55,14:40,2,No Info,13942,06,03,2019,08,15,22,55,14,40
Air Asia,9/05/2019,Banglore,Delhi,BLR → DEL,11:10,13:55,2:45,0,No Info,3383,9,05,2019,11,10,13,55,2,45
Jet Airways,15/06/2019,Delhi,Cochin,DEL → BOM → COK,14:00,04:25,14:25,1,In-flight meal not included,10262,15,06,2019,14,00,04,25,14,25
Air India,24/05/2019,Kolkata,Banglore,CCU → IXR → DEL → BLR,05:50,20:25,14:35,2,No Info,11201,24,05,2019,05,50,20,25,14,35
Jet Airways,1/06/2019,Delhi,Cochin,DEL → BOM → COK,19:15,04:25,9:10,1,In-flight meal not included,10262,1,06,2019,19,15,04,25,9,10
Air India,3/06/2019,Delhi,Cochin,DEL → GOI → BOM → COK,22:00,19:15,21:15,2,No Info,10231,3,06,2019,22,00,19,15,21,15
Jet Airways,15/03/2019,Banglore,New Delhi,BLR → BOM → DEL,14:05,08:15,18:10,1,In-flight meal not included,9134,15,03,2019,14,05,08,15,18,10
Air Asia,18/05/2019,Kolkata,Banglore,CCU → BLR,10:20,12:55,2:35,0,No Info,5645,18,05,2019,10,20,12,55,2,35
Jet Airways,1/06/2019,Delhi,Cochin,DEL → BOM → COK,15:00,04:25,13:25,1,No Info,14714,1,06,2019,15,00,04,25,13,25
Air India,6/03/2019,Delhi,Cochin,DEL → AMD → BOM → COK,16:40,19:15,26:35,2,No Info,12646,6,03,2019,16,40,19,15,26,35
Air India,3/06/2019,Delhi,Cochin,DEL → GOI → BOM → COK,10:55,19:15,8:20,2,No Info,12173,3,06,2019,10,55,19,15,8,20
IndiGo,12/06/2019,Mumbai,Hyderabad,BOM → HYD,21:20,22:50,1:30,0,No Info,2227,12,06,2019,21,20,22,50,1,30
Multiple carriers,6/05/2019,Delhi,Cochin,DEL → BOM → COK,07:30,19:00,11:30,1,No Info,10529,6,05,2019,07,30,19,00,11,30
Jet Airways,18/05/2019,Delhi,Cochin,DEL → COK,11:00,14:15,3:15,0,In-flight meal not included,7202,18,05,2019,11,00,14,15,3,15
Multiple carriers,27/05/2019,Delhi,Cochin,DEL → BOM → COK,09:00,21:00,12h,1,In-flight meal not included,7886,27,05,2019,09,00,21,00,12h,
SpiceJet,18/06/2019,Mumbai,Hyderabad,BOM → HYD,22:45,00:15,1:30,0,No Info,2017,18,06,2019,22,45,00,15,1,30
IndiGo,27/04/2019,Delhi,Cochin,DEL → HYD → COK,05:05,16:10,11:5,1,No Info,6171,27,04,2019,05,05,16,10,11,5
Jet Airways,3/06/2019,Mumbai,Hyderabad,BOM → HYD,02:55,04:20,1:25,0,In-flight meal not included,4050,3,06,2019,02,55,04,20,1,25
SpiceJet,9/05/2019,Kolkata,Banglore,CCU → KNU → BLR,11:35,18:50,7:15,1,No Info,8479,9,05,2019,11,35,18,50,7,15
Air Asia,18/05/2019,Banglore,Delhi,BLR → DEL,04:55,07:45,2:50,0,No Info,4282,18,05,2019,04,55,07,45,2,50
Vistara,24/05/2019,Kolkata,Banglore,CCU → DEL → BLR,20:20,20:20,24h,1,No Info,9345,24,05,2019,20,20,20,20,24h,
Air India,24/06/2019,Delhi,Cochin,DEL → TRV → COK,05:15,06:50,25:35,1,No Info,6587,24,06,2019,05,15,06,50,25,35
IndiGo,3/05/2019,Mumbai,Hyderabad,BOM → HYD,20:05,21:40,1:35,0,No Info,2754,3,05,2019,20,05,21,40,1,35
SpiceJet,21/06/2019,Banglore,Delhi,BLR → DEL,21:10,00:05,2:55,0,No check-in baggage included,3919,21,06,2019,21,10,00,05,2,55
Jet Airways,12/06/2019,Delhi,Cochin,DEL → JAI → BOM → COK,09:40,04:25,18:45,2,In-flight meal not included,10368,12,06,2019,09,40,04,25,18,45
Air India,03/03/2019,Banglore,New Delhi,BLR → BBI → DEL,09:30,16:20,6:50,1,No Info,11654,03,03,2019,09,30,16,20,6,50
GoAir,1/04/2019,Banglore,Delhi,BLR → DEL,20:55,23:40,2:45,0,No Info,4239,1,04,2019,20,55,23,40,2,45
IndiGo,27/05/2019,Delhi,Cochin,DEL → HYD → COK,06:50,16:10,9:20,1,No Info,6674,27,05,2019,06,50,16,10,9,20
Multiple carriers,24/06/2019,Delhi,Cochin,DEL → BOM → COK,13:00,01:30,12:30,1,No Info,7198,24,06,2019,13,00,01,30,12,30
IndiGo,12/06/2019,Kolkata,Banglore,CCU → PNQ → BLR,21:00,02:15,5:15,1,No Info,5930,12,06,2019,21,00,02,15,5,15
Jet Airways,9/05/2019,Banglore,Delhi,BLR → DEL,07:10,10:10,3h,0,No Info,7229,9,05,2019,07,10,10,10,3h,
Air India,1/04/2019,Kolkata,Banglore,CCU → DEL → COK → BLR,10:00,01:20,15:20,2,No Info,10408,1,04,2019,10,00,01,20,15,20
Air India,12/06/2019,Delhi,Cochin,DEL → LKO → BOM → COK,07:10,07:40,24:30,2,No Info,12488,12,06,2019,07,10,07,40,24,30
IndiGo,9/06/2019,Chennai,Kolkata,MAA → CCU,05:15,07:40,2:25,0,No Info,3540,9,06,2019,05,15,07,40,2,25
Jet Airways,12/06/2019,Kolkata,Banglore,CCU → BOM → BLR,20:00,09:20,13:20,1,In-flight meal not included,8529,12,06,2019,20,00,09,20,13,20
Jet Airways,24/06/2019,Delhi,Cochin,DEL → NAG → BOM → COK,14:35,04:25,13:50,2,No Info,13376,24,06,2019,14,35,04,25,13,50
GoAir,24/05/2019,Kolkata,Banglore,CCU → AMD → BLR,16:40,00:15,7:35,1,No Info,8855,24,05,2019,16,40,00,15,7,35
Jet Airways,15/05/2019,Kolkata,Banglore,CCU → BOM → BLR,06:30,19:50,13:20,1,No Info,14781,15,05,2019,06,30,19,50,13,20
IndiGo,27/06/2019,Delhi,Cochin,DEL → BOM → COK,17:10,01:30,8:20,1,No Info,5684,27,06,2019,17,10,01,30,8,20
Jet Airways,9/05/2019,Delhi,Cochin,DEL → JAI → BOM → COK,19:30,04:25,8:55,2,In-flight meal not included,13029,9,05,2019,19,30,04,25,8,55
Jet Airways,1/05/2019,Delhi,Cochin,DEL → AMD → BOM → COK,19:10,19:00,23:50,2,No Info,15129,1,05,2019,19,10,19,00,23,50
Air India,9/06/2019,Kolkata,Banglore,CCU → BOM → BLR,09:25,18:30,9:5,1,No Info,8576,9,06,2019,09,25,18,30,9,5
Jet Airways,09/03/2019,Banglore,New Delhi,BLR → BOM → DEL,08:55,11:25,26:30,1,In-flight meal not included,11087,09,03,2019,08,55,11,25,26,30
Jet Airways,9/06/2019,Mumbai,Hyderabad,BOM → HYD,10:20,11:50,1:30,0,No Info,5678,9,06,2019,10,20,11,50,1,30
Jet Airways,21/03/2019,Delhi,Cochin,DEL → BOM → COK,18:15,04:25,10:10,1,No Info,12557,21,03,2019,18,15,04,25,10,10
IndiGo,27/03/2019,Chennai,Kolkata,MAA → CCU,11:35,14:00,2:25,0,No Info,3858,27,03,2019,11,35,14,00,2,25
Jet Airways,9/05/2019,Delhi,Cochin,DEL → BOM → COK,14:00,12:35,22:35,1,In-flight meal not included,12373,9,05,2019,14,00,12,35,22,35
IndiGo,18/03/2019,Mumbai,Hyderabad,BOM → HYD,09:10,10:40,1:30,0,No Info,4049,18,03,2019,09,10,10,40,1,30
Jet Airways,15/03/2019,Banglore,New Delhi,BLR → BOM → DEL,16:55,00:45,7:50,1,No Info,21934,15,03,2019,16,55,00,45,7,50
Air India,27/06/2019,Kolkata,Banglore,CCU → BLR,14:15,16:45,2:30,0,No Info,5510,27,06,2019,14,15,16,45,2,30
Vistara,15/06/2019,Delhi,Cochin,DEL → COK,14:40,17:50,3:10,0,No Info,6216,15,06,2019,14,40,17,50,3,10
Air India,1/04/2019,Mumbai,Hyderabad,BOM → HYD,19:30,20:45,1:15,0,No Info,2050,1,04,2019,19,30,20,45,1,15
IndiGo,3/04/2019,Mumbai,Hyderabad,BOM → HYD,02:35,04:05,1:30,0,No Info,2754,3,04,2019,02,35,04,05,1,30
IndiGo,27/06/2019,Chennai,Kolkata,MAA → CCU,07:55,10:15,2:20,0,No Info,3850,27,06,2019,07,55,10,15,2,20
IndiGo,6/05/2019,Chennai,Kolkata,MAA → CCU,05:15,07:40,2:25,0,No Info,3540,6,05,2019,05,15,07,40,2,25
Jet Airways,1/05/2019,Kolkata,Banglore,CCU → BOM → BLR,06:30,08:15,25:45,1,In-flight meal not included,9663,1,05,2019,06,30,08,15,25,45
Air India,6/03/2019,Delhi,Cochin,DEL → HYD → MAA → COK,07:05,09:25,26:20,2,No Info,9190,6,03,2019,07,05,09,25,26,20
Jet Airways,27/05/2019,Delhi,Cochin,DEL → BOM → COK,15:00,19:00,28h,1,In-flight meal not included,12898,27,05,2019,15,00,19,00,28h,
GoAir,15/04/2019,Banglore,Delhi,BLR → DEL,07:45,10:40,2:55,0,No Info,4632,15,04,2019,07,45,10,40,2,55
SpiceJet,24/03/2019,Mumbai,Hyderabad,BOM → HYD,13:10,14:30,1:20,0,No Info,2753,24,03,2019,13,10,14,30,1,20
Air India,12/03/2019,Banglore,New Delhi,BLR → BOM → NAG → DEL,08:50,10:15,25:25,2,No Info,12778,12,03,2019,08,50,10,15,25,25
Air India,12/06/2019,Kolkata,Banglore,CCU → IXR → DEL → BLR,05:50,08:55,27:5,2,No Info,12723,12,06,2019,05,50,08,55,27,5
IndiGo,24/06/2019,Kolkata,Banglore,CCU → BLR,11:30,14:05,2:35,0,No Info,4804,24,06,2019,11,30,14,05,2,35
IndiGo,18/04/2019,Banglore,Delhi,BLR → DEL,20:00,22:50,2:50,0,No Info,4823,18,04,2019,20,00,22,50,2,50
Air Asia,27/06/2019,Delhi,Cochin,DEL → BLR → COK,07:55,13:25,5:30,1,No Info,6152,27,06,2019,07,55,13,25,5,30
Vistara,27/06/2019,Delhi,Cochin,DEL → COK,06:00,09:10,3:10,0,No Info,6216,27,06,2019,06,00,09,10,3,10
IndiGo,24/06/2019,Delhi,Cochin,DEL → BLR → COK,02:00,07:45,5:45,1,No Info,6016,24,06,2019,02,00,07,45,5,45
Multiple carriers,27/06/2019,Delhi,Cochin,DEL → BOM → COK,09:15,19:00,9:45,1,No Info,11622,27,06,2019,09,15,19,00,9,45
Air India,6/05/2019,Kolkata,Banglore,CCU → BBI → BOM → BLR,12:00,21:50,9:50,2,No Info,10151,6,05,2019,12,00,21,50,9,50
Jet Airways,27/03/2019,Delhi,Cochin,DEL → IXC → BOM → COK,06:20,04:25,22:5,2,No Info,12273,27,03,2019,06,20,04,25,22,5
Jet Airways,12/06/2019,Delhi,Cochin,DEL → ATQ → BOM → COK,20:00,04:25,8:25,2,In-flight meal not included,12410,12,06,2019,20,00,04,25,8,25
Jet Airways,12/03/2019,Banglore,New Delhi,BLR → BOM → DEL,05:45,08:15,26:30,1,No Info,12547,12,03,2019,05,45,08,15,26,30
Jet Airways,15/06/2019,Delhi,Cochin,DEL → BOM → COK,22:50,12:35,13:45,1,In-flight meal not included,10262,15,06,2019,22,50,12,35,13,45
Multiple carriers,9/05/2019,Delhi,Cochin,DEL → BOM → COK,11:30,19:15,7:45,1,No Info,14323,9,05,2019,11,30,19,15,7,45
Jet Airways,21/06/2019,Mumbai,Hyderabad,BOM → HYD,19:35,21:05,1:30,0,In-flight meal not included,3210,21,06,2019,19,35,21,05,1,30
Multiple carriers,3/03/2019,Delhi,Cochin,DEL → BOM → COK,10:00,21:00,11h,1,No Info,16863,3,03,2019,10,00,21,00,11h,
Multiple carriers,1/06/2019,Delhi,Cochin,DEL → BOM → COK,11:25,19:15,7:50,1,No Info,8937,1,06,2019,11,25,19,15,7,50
Jet Airways,27/03/2019,Delhi,Cochin,DEL → AMD → BOM → COK,19:10,04:25,33:15,2,No Info,10929,27,03,2019,19,10,04,25,33,15
IndiGo,9/06/2019,Delhi,Cochin,DEL → BOM → COK,10:35,01:30,14:55,1,No Info,6104,9,06,2019,10,35,01,30,14,55
SpiceJet,21/03/2019,Delhi,Cochin,DEL → MAA → COK,15:55,21:55,6h,1,No Info,5511,21,03,2019,15,55,21,55,6h,
Jet Airways,24/03/2019,Kolkata,Banglore,CCU → BOM → BLR,21:10,16:20,19:10,1,No Info,13759,24,03,2019,21,10,16,20,19,10
Air India,21/05/2019,Delhi,Cochin,DEL → NAG → BOM → COK,05:55,07:40,25:45,2,No Info,11543,21,05,2019,05,55,07,40,25,45
Jet Airways,18/05/2019,Kolkata,Banglore,CCU → DEL → BLR,09:35,19:10,9:35,1,No Info,13067,18,05,2019,09,35,19,10,9,35
Jet Airways,15/06/2019,Delhi,Cochin,DEL → BOM → COK,07:05,04:25,21:20,1,In-flight meal not included,10262,15,06,2019,07,05,04,25,21,20
Air India,6/06/2019,Delhi,Cochin,DEL → CCU → BOM → COK,16:55,19:15,26:20,2,No Info,13591,6,06,2019,16,55,19,15,26,20
Jet Airways,27/03/2019,Delhi,Cochin,DEL → AMD → BOM → COK,19:10,19:45,24:35,2,No Info,10929,27,03,2019,19,10,19,45,24,35
Jet Airways,27/04/2019,Banglore,Delhi,BLR → DEL,19:50,22:50,3h,0,No Info,7229,27,04,2019,19,50,22,50,3h,
Air Asia,15/05/2019,Delhi,Cochin,DEL → BLR → COK,07:55,13:25,5:30,1,No Info,6451,15,05,2019,07,55,13,25,5,30
IndiGo,3/03/2019,Chennai,Kolkata,MAA → CCU,11:35,14:00,2:25,0,No Info,7295,3,03,2019,11,35,14,00,2,25
IndiGo,3/06/2019,Banglore,Delhi,BLR → DEL,01:30,04:15,2:45,0,No Info,3943,3,06,2019,01,30,04,15,2,45
SpiceJet,15/05/2019,Banglore,Delhi,BLR → DEL,21:10,00:05,2:55,0,No check-in baggage included,3573,15,05,2019,21,10,00,05,2,55
Air India,24/06/2019,Delhi,Cochin,DEL → GOI → BOM → COK,22:00,19:15,21:15,2,No Info,9181,24,06,2019,22,00,19,15,21,15
Air India,3/03/2019,Delhi,Cochin,DEL → MAA → COK,09:45,09:25,23:40,1,No Info,24017,3,03,2019,09,45,09,25,23,40
Air India,9/03/2019,Delhi,Cochin,DEL → GOI → BOM → COK,10:55,19:15,32:20,2,No Info,17476,9,03,2019,10,55,19,15,32,20
Air India,9/04/2019,Kolkata,Banglore,CCU → HYD → BLR,19:00,11:05,16:5,1,No Info,4647,9,04,2019,19,00,11,05,16,5
IndiGo,27/05/2019,Delhi,Cochin,DEL → BOM → COK,11:25,21:00,9:35,1,No Info,6314,27,05,2019,11,25,21,00,9,35
Jet Airways,6/06/2019,Delhi,Cochin,DEL → NAG → BOM → COK,14:35,04:25,13:50,2,No Info,13376,6,06,2019,14,35,04,25,13,50
Jet Airways,18/03/2019,Banglore,New Delhi,BLR → BOM → DEL,05:45,16:10,10:25,1,No Info,12284,18,03,2019,05,45,16,10,10,25
Jet Airways,9/05/2019,Banglore,Delhi,BLR → DEL,08:20,11:20,3h,0,No Info,7229,9,05,2019,08,20,11,20,3h,
Multiple carriers,1/05/2019,Delhi,Cochin,DEL → BOM → COK,08:30,19:00,10:30,1,No Info,9627,1,05,2019,08,30,19,00,10,30
Air India,1/04/2019,Kolkata,Banglore,CCU → BBI → BOM → BLR,12:00,21:50,9:50,2,No Info,9258,1,04,2019,12,00,21,50,9,50
SpiceJet,3/06/2019,Kolkata,Banglore,CCU → BLR,09:00,11:25,2:25,0,No Info,3873,3,06,2019,09,00,11,25,2,25
SpiceJet,15/05/2019,Kolkata,Banglore,CCU → BLR,22:20,00:40,2:20,0,No check-in baggage included,3841,15,05,2019,22,20,00,40,2,20
Multiple carriers,27/05/2019,Delhi,Cochin,DEL → HYD → COK,09:45,22:30,12:45,1,No Info,10486,27,05,2019,09,45,22,30,12,45
Jet Airways,3/03/2019,Delhi,Cochin,DEL → BOM → COK,16:00,18:50,26:50,1,No Info,17234,3,03,2019,16,00,18,50,26,50
IndiGo,27/06/2019,Delhi,Cochin,DEL → BLR → COK,05:10,10:05,4:55,1,No Info,6496,27,06,2019,05,10,10,05,4,55
Multiple carriers,27/05/2019,Delhi,Cochin,DEL → BOM → COK,08:30,19:00,10:30,1,No Info,9627,27,05,2019,08,30,19,00,10,30
Air India,12/06/2019,Kolkata,Banglore,CCU → BOM → BLR,16:50,11:10,18:20,1,No Info,8366,12,06,2019,16,50,11,10,18,20
Jet Airways,27/05/2019,Delhi,Cochin,DEL → ATQ → BOM → COK,20:00,04:25,8:25,2,In-flight meal not included,15318,27,05,2019,20,00,04,25,8,25
SpiceJet,24/03/2019,Kolkata,Banglore,CCU → KNU → BLR,11:35,18:50,7:15,1,No Info,9923,24,03,2019,11,35,18,50,7,15
Jet Airways,1/04/2019,Kolkata,Banglore,CCU → GAU → BLR,10:20,17:35,7:15,1,In-flight meal not included,6077,1,04,2019,10,20,17,35,7,15
Air India,9/06/2019,Chennai,Kolkata,MAA → CCU,11:40,13:55,2:15,0,No Info,4667,9,06,2019,11,40,13,55,2,15
Multiple carriers,9/05/2019,Delhi,Cochin,DEL → BOM → COK,08:30,19:15,10:45,1,No Info,8099,9,05,2019,08,30,19,15,10,45
SpiceJet,1/05/2019,Mumbai,Hyderabad,BOM → HYD,13:15,14:45,1:30,0,No check-in baggage included,2385,1,05,2019,13,15,14,45,1,30
Multiple carriers,27/06/2019,Delhi,Cochin,DEL → IDR → BOM → COK,15:05,01:30,10:25,2,No Info,15965,27,06,2019,15,05,01,30,10,25
Jet Airways,6/05/2019,Kolkata,Banglore,CCU → BOM → BLR,06:30,18:15,11:45,1,In-flight meal not included,10844,6,05,2019,06,30,18,15,11,45
Air India,12/05/2019,Banglore,Delhi,BLR → DEL,13:20,16:10,2:50,0,No Info,6121,12,05,2019,13,20,16,10,2,50
IndiGo,24/04/2019,Banglore,Delhi,BLR → DEL,22:10,01:00,2:50,0,No Info,3625,24,04,2019,22,10,01,00,2,50
Multiple carriers,27/05/2019,Delhi,Cochin,DEL → BOM → COK,07:30,21:00,13:30,1,No Info,8475,27,05,2019,07,30,21,00,13,30
Jet Airways,27/05/2019,Delhi,Cochin,DEL → BOM → COK,07:05,19:00,11:55,1,In-flight meal not included,12898,27,05,2019,07,05,19,00,11,55
IndiGo,6/03/2019,Delhi,Cochin,DEL → MAA → COK,02:05,07:25,5:20,1,No Info,10851,6,03,2019,02,05,07,25,5,20
Air India,21/03/2019,Delhi,Cochin,DEL → BLR → COK,09:45,23:00,13:15,1,No Info,5704,21,03,2019,09,45,23,00,13,15
Vistara,18/03/2019,Banglore,New Delhi,BLR → DEL,21:10,00:05,2:55,0,No Info,11598,18,03,2019,21,10,00,05,2,55
Multiple carriers,27/05/2019,Delhi,Cochin,DEL → BOM → COK,08:30,19:15,10:45,1,No Info,9149,27,05,2019,08,30,19,15,10,45
Air India,15/06/2019,Kolkata,Banglore,CCU → BLR,20:45,23:20,2:35,0,No Info,4145,15,06,2019,20,45,23,20,2,35
GoAir,21/05/2019,Delhi,Cochin,DEL → BOM → COK,10:35,19:35,9h,1,No Info,6195,21,05,2019,10,35,19,35,9h,
IndiGo,9/05/2019,Delhi,Cochin,DEL → BOM → COK,11:25,21:00,9:35,1,No Info,6979,9,05,2019,11,25,21,00,9,35
Air India,15/03/2019,Banglore,New Delhi,BLR → DEL,13:20,16:10,2:50,0,No Info,7276,15,03,2019,13,20,16,10,2,50
SpiceJet,15/05/2019,Delhi,Cochin,DEL → PNQ → COK,08:45,13:15,4:30,1,No check-in baggage included,4760,15,05,2019,08,45,13,15,4,30
Vistara,18/06/2019,Chennai,Kolkata,MAA → CCU,17:45,20:05,2:20,0,No Info,11982,18,06,2019,17,45,20,05,2,20
IndiGo,27/03/2019,Chennai,Kolkata,MAA → CCU,22:05,00:25,2:20,0,No Info,5277,27,03,2019,22,05,00,25,2,20
Air India,9/06/2019,Delhi,Cochin,DEL → BOM → COK,20:00,07:40,11:40,1,No Info,8372,9,06,2019,20,00,07,40,11,40
IndiGo,1/04/2019,Kolkata,Banglore,CCU → BBI → BLR,19:35,23:15,3:40,1,No Info,4226,1,04,2019,19,35,23,15,3,40
IndiGo,18/06/2019,Chennai,Kolkata,MAA → CCU,19:35,21:55,2:20,0,No Info,3597,18,06,2019,19,35,21,55,2,20
Multiple carriers,15/06/2019,Delhi,Cochin,DEL → BOM → COK,08:45,21:00,12:15,1,No Info,7005,15,06,2019,08,45,21,00,12,15
Multiple carriers,9/05/2019,Delhi,Cochin,DEL → HYD → COK,07:05,16:10,9:5,1,No Info,8018,9,05,2019,07,05,16,10,9,5
Jet Airways,9/06/2019,Delhi,Cochin,DEL → BOM → COK,19:45,19:00,23:15,1,In-flight meal not included,10577,9,06,2019,19,45,19,00,23,15
Jet Airways,12/06/2019,Delhi,Cochin,DEL → IDR → BOM → COK,05:30,19:00,13:30,2,In-flight meal not included,11507,12,06,2019,05,30,19,00,13,30
Air India,9/05/2019,Delhi,Cochin,DEL → AMD → BOM → COK,05:00,19:15,38:15,2,No Info,9653,9,05,2019,05,00,19,15,38,15
Jet Airways,15/03/2019,Mumbai,Hyderabad,BOM → HYD,10:20,11:50,1:30,0,In-flight meal not included,4160,15,03,2019,10,20,11,50,1,30
Jet Airways,3/06/2019,Delhi,Cochin,DEL → BOM → COK,18:15,19:00,24:45,1,No Info,14714,3,06,2019,18,15,19,00,24,45
Jet Airways,9/05/2019,Mumbai,Hyderabad,BOM → HYD,02:55,04:20,1:25,0,No Info,5678,9,05,2019,02,55,04,20,1,25
Air India,18/05/2019,Kolkata,Banglore,CCU → DEL → COK → BLR,07:00,01:20,18:20,2,No Info,13873,18,05,2019,07,00,01,20,18,20
Multiple carriers,27/06/2019,Delhi,Cochin,DEL → BOM → COK,10:20,19:00,8:40,1,No Info,11264,27,06,2019,10,20,19,00,8,40
Jet Airways,24/03/2019,Kolkata,Banglore,CCU → BOM → BLR,13:55,20:40,6:45,1,In-flight meal not included,11134,24,03,2019,13,55,20,40,6,45
Air Asia,21/03/2019,Delhi,Cochin,DEL → BLR → COK,16:45,22:15,5:30,1,No Info,6151,21,03,2019,16,45,22,15,5,30
Jet Airways,18/05/2019,Kolkata,Banglore,CCU → BOM → BLR,05:45,19:50,14:5,1,In-flight meal not included,10844,18,05,2019,05,45,19,50,14,5
Jet Airways,3/06/2019,Delhi,Cochin,DEL → JAI → BOM → COK,09:40,12:35,26:55,2,No Info,13014,3,06,2019,09,40,12,35,26,55
Jet Airways,18/06/2019,Mumbai,Hyderabad,BOM → HYD,10:20,11:50,1:30,0,In-flight meal not included,4995,18,06,2019,10,20,11,50,1,30
IndiGo,18/04/2019,Kolkata,Banglore,CCU → BLR,15:30,18:05,2:35,0,No Info,4174,18,04,2019,15,30,18,05,2,35
Air India,03/03/2019,Banglore,New Delhi,BLR → DEL,13:20,16:10,2:50,0,No Info,12841,03,03,2019,13,20,16,10,2,50
Jet Airways,9/05/2019,Kolkata,Banglore,CCU → DEL → BLR,17:00,21:05,28:5,1,No Info,13067,9,05,2019,17,00,21,05,28,5
Jet Airways,24/06/2019,Delhi,Cochin,DEL → BOM → COK,16:00,19:00,27h,1,In-flight meal not included,10262,24,06,2019,16,00,19,00,27h,
IndiGo,6/04/2019,Banglore,Delhi,BLR → DEL,10:10,13:00,2:50,0,No Info,4423,6,04,2019,10,10,13,00,2,50
Jet Airways,1/05/2019,Kolkata,Banglore,CCU → BOM → BLR,18:55,04:40,9:45,1,In-flight meal not included,8586,1,05,2019,18,55,04,40,9,45
Jet Airways,15/05/2019,Kolkata,Banglore,CCU → BOM → BLR,21:10,09:20,12:10,1,In-flight meal not included,9663,15,05,2019,21,10,09,20,12,10
IndiGo,15/06/2019,Delhi,Cochin,DEL → BOM → COK,16:00,21:00,5h,1,No Info,6069,15,06,2019,16,00,21,00,5h,
Air India,6/05/2019,Chennai,Kolkata,MAA → CCU,11:40,13:55,2:15,0,No Info,4667,6,05,2019,11,40,13,55,2,15
Jet Airways,9/05/2019,Delhi,Cochin,DEL → BOM → COK,21:50,19:00,21:10,1,In-flight meal not included,12373,9,05,2019,21,50,19,00,21,10
Jet Airways,9/05/2019,Kolkata,Banglore,CCU → BOM → BLR,16:30,10:05,17:35,1,No Info,13941,9,05,2019,16,30,10,05,17,35
IndiGo,27/03/2019,Mumbai,Hyderabad,BOM → HYD,06:20,07:45,1:25,0,No Info,3175,27,03,2019,06,20,07,45,1,25
Air India,9/06/2019,Delhi,Cochin,DEL → BOM → COK,21:00,19:15,22:15,1,No Info,8372,9,06,2019,21,00,19,15,22,15
Vistara,6/04/2019,Banglore,Delhi,BLR → DEL,17:00,19:35,2:35,0,No Info,5613,6,04,2019,17,00,19,35,2,35
IndiGo,18/05/2019,Delhi,Cochin,DEL → HYD → COK,07:35,22:30,14:55,1,No Info,7144,18,05,2019,07,35,22,30,14,55
Jet Airways,6/06/2019,Kolkata,Banglore,CCU → BOM → BLR,06:30,16:20,9:50,1,No Info,14571,6,06,2019,06,30,16,20,9,50
IndiGo,24/03/2019,Chennai,Kolkata,MAA → CCU,22:05,00:25,2:20,0,No Info,5277,24,03,2019,22,05,00,25,2,20
Jet Airways,24/03/2019,Mumbai,Hyderabad,BOM → HYD,10:20,11:50,1:30,0,In-flight meal not included,2759,24,03,2019,10,20,11,50,1,30
Air Asia,9/05/2019,Kolkata,Banglore,CCU → DEL → BLR,07:35,23:30,15:55,1,No Info,5192,9,05,2019,07,35,23,30,15,55
Jet Airways,9/06/2019,Delhi,Cochin,DEL → BOM → COK,07:05,19:00,11:55,1,No Info,14714,9,06,2019,07,05,19,00,11,55
Air India,1/06/2019,Delhi,Cochin,DEL → JAI → BOM → COK,12:00,19:15,7:15,2,No Info,10336,1,06,2019,12,00,19,15,7,15
Air India,24/03/2019,Kolkata,Banglore,CCU → BLR,20:45,23:20,2:35,0,No Info,31945,24,03,2019,20,45,23,20,2,35
Jet Airways,1/04/2019,Kolkata,Banglore,CCU → BOM → BLR,06:30,23:35,17:5,1,In-flight meal not included,7064,1,04,2019,06,30,23,35,17,5
Jet Airways,9/06/2019,Delhi,Cochin,DEL → BHO → BOM → COK,05:30,12:35,7:5,2,No Info,14441,9,06,2019,05,30,12,35,7,5
Multiple carriers,3/03/2019,Delhi,Cochin,DEL → BOM → COK,13:00,01:35,12:35,1,No Info,17493,3,03,2019,13,00,01,35,12,35
Jet Airways,9/06/2019,Kolkata,Banglore,CCU → BOM → BLR,20:00,22:35,26:35,1,In-flight meal not included,10844,9,06,2019,20,00,22,35,26,35
SpiceJet,1/06/2019,Mumbai,Hyderabad,BOM → HYD,05:45,07:15,1:30,0,No Info,2753,1,06,2019,05,45,07,15,1,30
Jet Airways,21/05/2019,Delhi,Cochin,DEL → BOM → COK,08:00,04:25,20:25,1,In-flight meal not included,12898,21,05,2019,08,00,04,25,20,25
Jet Airways,15/04/2019,Banglore,Delhi,BLR → DEL,18:55,22:00,3:5,0,No Info,7229,15,04,2019,18,55,22,00,3,5
Air India,3/06/2019,Delhi,Cochin,DEL → JAI → BOM → COK,12:00,07:40,19:40,2,No Info,8603,3,06,2019,12,00,07,40,19,40
Jet Airways,18/05/2019,Delhi,Cochin,DEL → JAI → BOM → COK,05:30,04:25,22:55,2,No Info,15129,18,05,2019,05,30,04,25,22,55
Jet Airways,15/06/2019,Delhi,Cochin,DEL → JDH → BOM → COK,11:40,19:00,7:20,2,No Info,18804,15,06,2019,11,40,19,00,7,20
Air Asia,21/04/2019,Delhi,Cochin,DEL → BLR → COK,07:55,22:25,14:30,1,No Info,7452,21,04,2019,07,55,22,25,14,30
SpiceJet,24/04/2019,Banglore,Delhi,BLR → DEL,09:30,12:20,2:50,0,No Info,3971,24,04,2019,09,30,12,20,2,50
IndiGo,12/06/2019,Banglore,Delhi,BLR → DEL,10:10,13:00,2:50,0,No Info,3943,12,06,2019,10,10,13,00,2,50
IndiGo,15/03/2019,Banglore,New Delhi,BLR → AMD → DEL,14:25,19:25,5h,1,No Info,9165,15,03,2019,14,25,19,25,5h,
Jet Airways,24/06/2019,Delhi,Cochin,DEL → JAI → BOM → COK,05:30,19:00,13:30,2,No Info,13014,24,06,2019,05,30,19,00,13,30
SpiceJet,21/06/2019,Banglore,Delhi,BLR → DEL,09:30,12:20,2:50,0,No Info,3625,21,06,2019,09,30,12,20,2,50
Jet Airways,24/06/2019,Delhi,Cochin,DEL → BOM → COK,16:00,12:35,20:35,1,In-flight meal not included,10262,24,06,2019,16,00,12,35,20,35
Jet Airways,21/05/2019,Kolkata,Banglore,CCU → BOM → BLR,18:55,08:15,13:20,1,No Info,14388,21,05,2019,18,55,08,15,13,20
Multiple carriers,12/06/2019,Delhi,Cochin,DEL → BOM → COK,08:00,19:15,11:15,1,No Info,15058,12,06,2019,08,00,19,15,11,15
Air India,6/03/2019,Delhi,Cochin,DEL → BOM → COK,09:00,07:40,22:40,1,No Info,14882,6,03,2019,09,00,07,40,22,40
IndiGo,18/04/2019,Banglore,Delhi,BLR → DEL,10:10,13:00,2:50,0,No Info,4591,18,04,2019,10,10,13,00,2,50
SpiceJet,9/05/2019,Kolkata,Banglore,CCU → BLR,06:55,09:30,2:35,0,No check-in baggage included,3841,9,05,2019,06,55,09,30,2,35
Jet Airways,15/05/2019,Kolkata,Banglore,CCU → BOM → BLR,08:25,18:15,9:50,1,No Info,14781,15,05,2019,08,25,18,15,9,50
SpiceJet,9/04/2019,Kolkata,Banglore,CCU → BLR,22:20,00:40,2:20,0,No check-in baggage included,3841,9,04,2019,22,20,00,40,2,20
Multiple carriers,3/06/2019,Delhi,Cochin,DEL → BOM → COK,15:00,01:30,10:30,1,No Info,13377,3,06,2019,15,00,01,30,10,30
Jet Airways,12/06/2019,Delhi,Cochin,DEL → JAI → BOM → COK,19:30,04:25,8:55,2,No Info,13014,12,06,2019,19,30,04,25,8,55
Multiple carriers,21/05/2019,Delhi,Cochin,DEL → BOM → COK,13:00,19:15,6:15,1,No Info,14848,21,05,2019,13,00,19,15,6,15
Air India,9/05/2019,Kolkata,Banglore,CCU → BLR,20:45,23:20,2:35,0,No Info,4145,9,05,2019,20,45,23,20,2,35
IndiGo,12/06/2019,Chennai,Kolkata,MAA → CCU,07:55,10:15,2:20,0,No Info,3850,12,06,2019,07,55,10,15,2,20
Air India,24/05/2019,Kolkata,Banglore,CCU → DEL → BLR,07:00,20:25,13:25,1,No Info,10413,24,05,2019,07,00,20,25,13,25
IndiGo,3/06/2019,Delhi,Cochin,DEL → BOM → COK,15:00,01:30,10:30,1,No Info,6104,3,06,2019,15,00,01,30,10,30
IndiGo,1/06/2019,Banglore,Delhi,BLR → DEL,10:30,13:20,2:50,0,No Info,3943,1,06,2019,10,30,13,20,2,50
Jet Airways,12/06/2019,Kolkata,Banglore,CCU → BOM → BLR,21:10,08:15,11:5,1,In-flight meal not included,8529,12,06,2019,21,10,08,15,11,5
Jet Airways,24/06/2019,Delhi,Cochin,DEL → BOM → COK,22:50,12:35,13:45,1,In-flight meal not included,10262,24,06,2019,22,50,12,35,13,45
Jet Airways,18/05/2019,Kolkata,Banglore,CCU → DEL → BLR,20:25,22:05,25:40,1,No Info,14151,18,05,2019,20,25,22,05,25,40
Air Asia,9/05/2019,Kolkata,Banglore,CCU → IXR → DEL → BLR,15:10,23:30,8:20,2,No Info,5192,9,05,2019,15,10,23,30,8,20
Jet Airways,21/05/2019,Kolkata,Banglore,CCU → BOM → BLR,14:05,04:40,14:35,1,In-flight meal not included,9663,21,05,2019,14,05,04,40,14,35
GoAir,24/04/2019,Banglore,Delhi,BLR → DEL,07:45,10:40,2:55,0,No Info,4632,24,04,2019,07,45,10,40,2,55
IndiGo,6/04/2019,Delhi,Cochin,DEL → BOM → COK,20:25,01:30,5:5,1,No Info,5073,6,04,2019,20,25,01,30,5,5
Multiple carriers,15/06/2019,Delhi,Cochin,DEL → BOM → COK,10:20,19:15,8:55,1,No Info,9526,15,06,2019,10,20,19,15,8,55
IndiGo,15/04/2019,Banglore,Delhi,BLR → DEL,04:00,06:50,2:50,0,No Info,4423,15,04,2019,04,00,06,50,2,50
IndiGo,12/05/2019,Mumbai,Hyderabad,BOM → HYD,20:05,21:40,1:35,0,No Info,2227,12,05,2019,20,05,21,40,1,35
Vistara,21/03/2019,Banglore,New Delhi,BLR → DEL,11:30,14:10,2:40,0,No Info,5403,21,03,2019,11,30,14,10,2,40
IndiGo,27/03/2019,Chennai,Kolkata,MAA → CCU,19:35,21:55,2:20,0,No Info,3858,27,03,2019,19,35,21,55,2,20
Jet Airways,9/03/2019,Delhi,Cochin,DEL → IXC → BOM → COK,13:45,18:50,29:5,2,No Info,18752,9,03,2019,13,45,18,50,29,5
Jet Airways,21/05/2019,Kolkata,Banglore,CCU → BOM → BLR,06:30,12:00,5:30,1,In-flight meal not included,9663,21,05,2019,06,30,12,00,5,30
Jet Airways,24/06/2019,Delhi,Cochin,DEL → AMD → BOM → COK,19:10,12:35,17:25,2,No Info,12819,24,06,2019,19,10,12,35,17,25
Multiple carriers,27/03/2019,Delhi,Cochin,DEL → BOM → COK,09:00,21:00,12h,1,No Info,6883,27,03,2019,09,00,21,00,12h,
Multiple carriers,27/05/2019,Delhi,Cochin,DEL → BOM → COK,19:00,01:30,6:30,1,No Info,7198,27,05,2019,19,00,01,30,6,30
Air India,09/03/2019,Banglore,New Delhi,BLR → DEL,10:00,12:45,2:45,0,No Info,7801,09,03,2019,10,00,12,45,2,45
IndiGo,21/04/2019,Banglore,Delhi,BLR → DEL,18:25,21:20,2:55,0,No Info,4823,21,04,2019,18,25,21,20,2,55
Jet Airways,24/05/2019,Kolkata,Banglore,CCU → BOM → BLR,06:30,09:20,26:50,1,In-flight meal not included,9663,24,05,2019,06,30,09,20,26,50
Jet Airways,12/05/2019,Kolkata,Banglore,CCU → DEL → BLR,20:25,21:05,24:40,1,No Info,12121,12,05,2019,20,25,21,05,24,40
Vistara,12/05/2019,Kolkata,Banglore,CCU → DEL → BLR,20:20,23:25,27:5,1,No Info,8085,12,05,2019,20,20,23,25,27,5
IndiGo,03/03/2019,Banglore,New Delhi,BLR → IDR → DEL,13:40,18:35,4:55,1,No Info,8662,03,03,2019,13,40,18,35,4,55
Jet Airways,21/03/2019,Delhi,Cochin,DEL → BOM → COK,22:00,18:50,20:50,1,In-flight meal not included,6017,21,03,2019,22,00,18,50,20,50
SpiceJet,3/05/2019,Chennai,Kolkata,MAA → CCU,09:45,12:00,2:15,0,No check-in baggage included,3859,3,05,2019,09,45,12,00,2,15
Multiple carriers,18/05/2019,Delhi,Cochin,DEL → BOM → COK,04:55,19:15,14:20,1,No Info,7564,18,05,2019,04,55,19,15,14,20
SpiceJet,21/06/2019,Banglore,Delhi,BLR → DEL,05:55,08:35,2:40,0,No check-in baggage included,3919,21,06,2019,05,55,08,35,2,40
Jet Airways,18/05/2019,Delhi,Cochin,DEL → JAI → BOM → COK,05:30,04:25,22:55,2,No Info,15129,18,05,2019,05,30,04,25,22,55
Jet Airways,01/03/2019,Banglore,New Delhi,BLR → BOM → DEL,07:00,13:15,6:15,1,No Info,26890,01,03,2019,07,00,13,15,6,15
Jet Airways,15/04/2019,Delhi,Cochin,DEL → COK,11:00,14:15,3:15,0,In-flight meal not included,5443,15,04,2019,11,00,14,15,3,15
IndiGo,09/03/2019,Banglore,New Delhi,BLR → DEL,10:05,13:00,2:55,0,No Info,6860,09,03,2019,10,05,13,00,2,55
Jet Airways,1/04/2019,Kolkata,Banglore,CCU → BOM → BLR,14:05,20:45,6:40,1,No Info,13364,1,04,2019,14,05,20,45,6,40
Jet Airways,27/05/2019,Delhi,Cochin,DEL → BOM → COK,08:00,19:00,11h,1,In-flight meal not included,12239,27,05,2019,08,00,19,00,11h,
IndiGo,9/04/2019,Kolkata,Banglore,CCU → MAA → BLR,11:30,16:05,4:35,1,No Info,4966,9,04,2019,11,30,16,05,4,35
IndiGo,03/03/2019,Banglore,New Delhi,BLR → DEL,06:00,08:45,2:45,0,No Info,6144,03,03,2019,06,00,08,45,2,45
Jet Airways,9/05/2019,Delhi,Cochin,DEL → BOM → COK,15:00,19:00,28h,1,In-flight meal not included,12373,9,05,2019,15,00,19,00,28h,
Air India,18/03/2019,Banglore,New Delhi,BLR → BOM → UDR → DEL,08:50,16:30,31:40,2,No Info,10835,18,03,2019,08,50,16,30,31,40
Air India,6/06/2019,Delhi,Cochin,DEL → MAA → COK,06:05,09:25,27:20,1,No Info,7952,6,06,2019,06,05,09,25,27,20
IndiGo,9/04/2019,Banglore,Delhi,BLR → DEL,01:30,04:15,2:45,0,No Info,3419,9,04,2019,01,30,04,15,2,45
Multiple carriers,27/05/2019,Delhi,Cochin,DEL → BOM → COK,03:50,12:35,8:45,1,No Info,10197,27,05,2019,03,50,12,35,8,45
IndiGo,3/06/2019,Delhi,Cochin,DEL → BOM → COK,10:35,01:30,14:55,1,No Info,5883,3,06,2019,10,35,01,30,14,55
Air India,18/05/2019,Chennai,Kolkata,MAA → CCU,11:40,13:55,2:15,0,No Info,4667,18,05,2019,11,40,13,55,2,15
IndiGo,21/03/2019,Delhi,Cochin,DEL → HYD → MAA → COK,04:55,21:20,16:25,2,No Info,6223,21,03,2019,04,55,21,20,16,25
Jet Airways,6/05/2019,Kolkata,Banglore,CCU → BOM → BLR,21:10,08:15,11:5,1,In-flight meal not included,7757,6,05,2019,21,10,08,15,11,5
IndiGo,03/03/2019,Banglore,New Delhi,BLR → AMD → DEL,14:25,19:25,5h,1,No Info,11873,03,03,2019,14,25,19,25,5h,
Jet Airways,6/06/2019,Kolkata,Banglore,CCU → BOM → BLR,21:10,08:15,11:5,1,In-flight meal not included,10844,6,06,2019,21,10,08,15,11,5
IndiGo,15/05/2019,Delhi,Cochin,DEL → LKO → COK,21:50,03:35,5:45,1,No Info,7189,15,05,2019,21,50,03,35,5,45
Jet Airways,27/06/2019,Delhi,Cochin,DEL → BOM → COK,21:50,12:35,14:45,1,In-flight meal not included,10262,27,06,2019,21,50,12,35,14,45
Air Asia,1/05/2019,Kolkata,Banglore,CCU → BLR,19:55,22:25,2:30,0,No Info,5989,1,05,2019,19,55,22,25,2,30
IndiGo,24/06/2019,Mumbai,Hyderabad,BOM → HYD,21:20,22:50,1:30,0,No Info,2227,24,06,2019,21,20,22,50,1,30
Jet Airways,6/06/2019,Mumbai,Hyderabad,BOM → HYD,10:20,11:50,1:30,0,In-flight meal not included,4995,6,06,2019,10,20,11,50,1,30
Jet Airways,24/03/2019,Kolkata,Banglore,CCU → BOM → BLR,13:55,18:10,28:15,1,No Info,14231,24,03,2019,13,55,18,10,28,15
Jet Airways,18/05/2019,Kolkata,Banglore,CCU → BOM → BLR,18:55,18:15,23:20,1,In-flight meal not included,10844,18,05,2019,18,55,18,15,23,20
GoAir,3/03/2019,Delhi,Cochin,DEL → HYD → COK,05:45,13:20,7:35,1,No Info,5628,3,03,2019,05,45,13,20,7,35
Jet Airways,9/06/2019,Kolkata,Banglore,CCU → BOM → BLR,18:55,16:20,21:25,1,In-flight meal not included,10844,9,06,2019,18,55,16,20,21,25
Multiple carriers,15/06/2019,Delhi,Cochin,DEL → BOM → COK,08:30,19:15,10:45,1,No Info,8937,15,06,2019,08,30,19,15,10,45
IndiGo,6/03/2019,Kolkata,Banglore,CCU → BLR,14:20,16:55,2:35,0,No Info,5618,6,03,2019,14,20,16,55,2,35
Air India,9/04/2019,Delhi,Cochin,DEL → BOM → COK,07:00,19:15,12:15,1,No Info,6674,9,04,2019,07,00,19,15,12,15
GoAir,24/04/2019,Banglore,Delhi,BLR → DEL,11:40,14:30,2:50,0,No Info,3898,24,04,2019,11,40,14,30,2,50
Jet Airways,24/05/2019,Kolkata,Banglore,CCU → BOM → BLR,18:55,20:45,25:50,1,In-flight meal not included,10844,24,05,2019,18,55,20,45,25,50
Air India,3/06/2019,Delhi,Cochin,DEL → CCU → BOM → COK,20:15,19:15,23h,2,No Info,13381,3,06,2019,20,15,19,15,23h,
Air India,21/05/2019,Delhi,Cochin,DEL → HYD → BOM → COK,17:15,19:15,26h,2,No Info,11972,21,05,2019,17,15,19,15,26h,
Jet Airways,3/03/2019,Delhi,Cochin,DEL → BOM → COK,17:30,04:25,10:55,1,No Info,17024,3,03,2019,17,30,04,25,10,55
IndiGo,9/04/2019,Delhi,Cochin,DEL → LKO → COK,21:50,03:35,5:45,1,No Info,7398,9,04,2019,21,50,03,35,5,45
Air India,01/03/2019,Banglore,New Delhi,BLR → VGA → VTZ → DEL,10:30,17:45,7:15,2,Change airports,17461,01,03,2019,10,30,17,45,7,15
Jet Airways,24/05/2019,Kolkata,Banglore,CCU → BOM → BLR,20:00,08:15,12:15,1,No Info,13731,24,05,2019,20,00,08,15,12,15
Jet Airways,18/03/2019,Banglore,New Delhi,BLR → BOM → DEL,16:55,08:15,15:20,1,No Info,13555,18,03,2019,16,55,08,15,15,20
IndiGo,27/04/2019,Kolkata,Banglore,CCU → BLR,17:15,19:50,2:35,0,No Info,4804,27,04,2019,17,15,19,50,2,35
Jet Airways,21/05/2019,Delhi,Cochin,DEL → BOM → COK,07:05,19:00,11:55,1,No Info,16289,21,05,2019,07,05,19,00,11,55
IndiGo,18/05/2019,Delhi,Cochin,DEL → HYD → COK,05:05,12:10,7:5,1,No Info,7520,18,05,2019,05,05,12,10,7,5
IndiGo,18/05/2019,Delhi,Cochin,DEL → BOM → COK,10:35,01:30,14:55,1,No Info,7503,18,05,2019,10,35,01,30,14,55
Multiple carriers,27/03/2019,Delhi,Cochin,DEL → BOM → COK,08:25,19:15,10:50,1,No Info,8601,27,03,2019,08,25,19,15,10,50
Jet Airways,1/04/2019,Kolkata,Banglore,CCU → BOM → BLR,08:25,12:00,27:35,1,In-flight meal not included,7064,1,04,2019,08,25,12,00,27,35
Air Asia,6/05/2019,Kolkata,Banglore,CCU → DEL → BLR,07:35,19:25,11:50,1,No Info,5192,6,05,2019,07,35,19,25,11,50
SpiceJet,9/06/2019,Kolkata,Banglore,CCU → IXB → BLR,15:55,21:25,5:30,1,No Info,9158,9,06,2019,15,55,21,25,5,30
Multiple carriers,6/03/2019,Delhi,Cochin,DEL → BOM → COK,17:00,01:35,8:35,1,No Info,24318,6,03,2019,17,00,01,35,8,35
Multiple carriers,21/05/2019,Delhi,Cochin,DEL → HYD → COK,07:10,18:10,11h,1,No Info,7038,21,05,2019,07,10,18,10,11h,
IndiGo,24/03/2019,Banglore,New Delhi,BLR → DEL,22:20,01:10,2:50,0,No Info,7303,24,03,2019,22,20,01,10,2,50
IndiGo,15/03/2019,Banglore,New Delhi,BLR → LKO → DEL,05:25,10:10,4:45,1,No Info,8021,15,03,2019,05,25,10,10,4,45
Multiple carriers,15/05/2019,Delhi,Cochin,DEL → BOM → COK,10:00,19:15,9:15,1,No Info,14323,15,05,2019,10,00,19,15,9,15
Air India,6/06/2019,Kolkata,Banglore,CCU → DEL → BLR,07:00,20:25,13:25,1,No Info,10203,6,06,2019,07,00,20,25,13,25
Multiple carriers,15/06/2019,Delhi,Cochin,DEL → BOM → COK,19:00,01:30,6:30,1,No Info,7408,15,06,2019,19,00,01,30,6,30
IndiGo,27/03/2019,Mumbai,Hyderabad,BOM → HYD,21:20,22:45,1:25,0,No Info,2227,27,03,2019,21,20,22,45,1,25
Multiple carriers,15/06/2019,Delhi,Cochin,DEL → BOM → COK,11:30,19:15,7:45,1,No Info,16108,15,06,2019,11,30,19,15,7,45
Jet Airways,15/06/2019,Delhi,Cochin,DEL → BOM → COK,18:15,12:35,18:20,1,In-flight meal not included,10262,15,06,2019,18,15,12,35,18,20
Jet Airways,9/06/2019,Delhi,Cochin,DEL → BOM → COK,09:00,19:00,10h,1,No Info,14714,9,06,2019,09,00,19,00,10h,
Jet Airways,3/06/2019,Delhi,Cochin,DEL → BOM → COK,22:50,19:00,20:10,1,In-flight meal not included,10262,3,06,2019,22,50,19,00,20,10
IndiGo,18/05/2019,Delhi,Cochin,DEL → HYD → COK,14:20,22:30,8:10,1,No Info,7640,18,05,2019,14,20,22,30,8,10
Vistara,12/06/2019,Kolkata,Banglore,CCU → DEL → BLR,07:10,18:50,11:40,1,No Info,8610,12,06,2019,07,10,18,50,11,40
Jet Airways,21/03/2019,Delhi,Cochin,DEL → BOM → COK,08:00,18:50,10:50,1,No Info,12767,21,03,2019,08,00,18,50,10,50
IndiGo,12/06/2019,Delhi,Cochin,DEL → BOM → COK,08:50,21:00,12:10,1,No Info,6093,12,06,2019,08,50,21,00,12,10
IndiGo,27/04/2019,Delhi,Cochin,DEL → HYD → COK,06:50,16:10,9:20,1,No Info,6442,27,04,2019,06,50,16,10,9,20
Jet Airways,9/05/2019,Banglore,Delhi,BLR → DEL,06:00,08:45,2:45,0,In-flight meal not included,4030,9,05,2019,06,00,08,45,2,45
Multiple carriers,6/06/2019,Delhi,Cochin,DEL → BOM → COK,13:00,21:00,8h,1,No Info,7408,6,06,2019,13,00,21,00,8h,
Multiple carriers,3/06/2019,Delhi,Cochin,DEL → HYD → COK,07:05,16:10,9:5,1,No Info,10696,3,06,2019,07,05,16,10,9,5
SpiceJet,12/03/2019,Kolkata,Banglore,CCU → BLR,09:00,11:30,2:30,0,No Info,6982,12,03,2019,09,00,11,30,2,30
IndiGo,9/06/2019,Mumbai,Hyderabad,BOM → HYD,19:05,20:35,1:30,0,No Info,2754,9,06,2019,19,05,20,35,1,30
Air India,01/03/2019,Banglore,New Delhi,BLR → BOM → DEL,06:45,12:15,5:30,1,No Info,23677,01,03,2019,06,45,12,15,5,30
Air India,1/05/2019,Kolkata,Banglore,CCU → GAU → DEL → BLR,09:50,08:55,23:5,2,No Info,13227,1,05,2019,09,50,08,55,23,5
IndiGo,27/03/2019,Mumbai,Hyderabad,BOM → HYD,12:00,13:25,1:25,0,No Info,2754,27,03,2019,12,00,13,25,1,25
IndiGo,18/05/2019,Delhi,Cochin,DEL → BOM → COK,04:55,21:00,16:5,1,No Info,6758,18,05,2019,04,55,21,00,16,5
Air India,18/05/2019,Delhi,Cochin,DEL → COK,14:10,17:10,3h,0,No Info,6934,18,05,2019,14,10,17,10,3h,
Jet Airways,3/03/2019,Delhi,Cochin,DEL → IDR → BOM → COK,05:25,18:50,13:25,2,No Info,18799,3,03,2019,05,25,18,50,13,25
Jet Airways,6/05/2019,Mumbai,Hyderabad,BOM → HYD,19:35,21:05,1:30,0,No Info,5678,6,05,2019,19,35,21,05,1,30
Jet Airways,01/03/2019,Banglore,New Delhi,BLR → BOM → DEL,07:00,20:20,13:20,1,No Info,27992,01,03,2019,07,00,20,20,13,20
Jet Airways,1/04/2019,Banglore,Delhi,BLR → DEL,19:50,22:50,3h,0,In-flight meal not included,4544,1,04,2019,19,50,22,50,3h,
Jet Airways,6/05/2019,Kolkata,Banglore,CCU → BOM → BLR,18:55,16:20,21:25,1,In-flight meal not included,7757,6,05,2019,18,55,16,20,21,25
IndiGo,27/05/2019,Delhi,Cochin,DEL → BLR → COK,17:05,22:15,5:10,1,No Info,6373,27,05,2019,17,05,22,15,5,10
Jet Airways,15/06/2019,Delhi,Cochin,DEL → NAG → BOM → COK,14:35,12:35,22h,2,No Info,13376,15,06,2019,14,35,12,35,22h,
IndiGo,3/06/2019,Kolkata,Banglore,CCU → BLR,14:25,16:55,2:30,0,No Info,5644,3,06,2019,14,25,16,55,2,30
Jet Airways,6/05/2019,Kolkata,Banglore,CCU → DEL → BLR,20:25,21:05,24:40,1,No Info,13067,6,05,2019,20,25,21,05,24,40
Multiple carriers,15/05/2019,Delhi,Cochin,DEL → HYD → COK,07:10,16:10,9h,1,No Info,6513,15,05,2019,07,10,16,10,9h,
IndiGo,9/05/2019,Mumbai,Hyderabad,BOM → HYD,12:00,13:30,1:30,0,No Info,4392,9,05,2019,12,00,13,30,1,30
IndiGo,6/03/2019,Kolkata,Banglore,CCU → BLR,05:30,08:20,2:50,0,No Info,4778,6,03,2019,05,30,08,20,2,50
Jet Airways,18/05/2019,Kolkata,Banglore,CCU → BOM → BLR,20:00,20:45,24:45,1,In-flight meal not included,10844,18,05,2019,20,00,20,45,24,45
Air India,24/05/2019,Kolkata,Banglore,CCU → IXR → DEL → BLR,05:50,12:30,30:40,2,No Info,12723,24,05,2019,05,50,12,30,30,40
Jet Airways,24/03/2019,Kolkata,Banglore,CCU → BOM → BLR,21:10,09:15,12:5,1,In-flight meal not included,11134,24,03,2019,21,10,09,15,12,5
Jet Airways,9/05/2019,Banglore,Delhi,BLR → DEL,18:55,22:00,3:5,0,No Info,7229,9,05,2019,18,55,22,00,3,5
Jet Airways,6/06/2019,Delhi,Cochin,DEL → BOM → COK,11:30,04:25,16:55,1,In-flight meal not included,10262,6,06,2019,11,30,04,25,16,55
IndiGo,24/03/2019,Kolkata,Banglore,CCU → BLR,05:30,08:20,2:50,0,No Info,4778,24,03,2019,05,30,08,20,2,50
IndiGo,15/03/2019,Banglore,New Delhi,BLR → DEL,23:30,02:20,2:50,0,No Info,8033,15,03,2019,23,30,02,20,2,50
Air India,27/05/2019,Delhi,Cochin,DEL → TRV → COK,05:15,06:50,25:35,1,No Info,8425,27,05,2019,05,15,06,50,25,35
Jet Airways,3/06/2019,Delhi,Cochin,DEL → NAG → BOM → COK,14:35,12:35,22h,2,In-flight meal not included,10919,3,06,2019,14,35,12,35,22h,
Multiple carriers,6/03/2019,Delhi,Cochin,DEL → BOM → COK,08:55,18:50,9:55,1,No Info,15411,6,03,2019,08,55,18,50,9,55
Air India,12/06/2019,Delhi,Cochin,DEL → HYD → MAA → COK,13:05,09:25,20:20,2,No Info,10975,12,06,2019,13,05,09,25,20,20
Air India,24/03/2019,Kolkata,Banglore,CCU → GAU → BLR,16:45,21:05,28:20,1,No Info,6535,24,03,2019,16,45,21,05,28,20
Jet Airways,9/05/2019,Kolkata,Banglore,CCU → GAU → BLR,10:20,17:35,7:15,1,No Info,8355,9,05,2019,10,20,17,35,7,15
SpiceJet,18/06/2019,Chennai,Kolkata,MAA → CCU,17:45,20:05,2:20,0,No check-in baggage included,3543,18,06,2019,17,45,20,05,2,20
Vistara,24/03/2019,Kolkata,Banglore,CCU → DEL → BLR,20:20,18:45,22:25,1,No Info,12102,24,03,2019,20,20,18,45,22,25
Jet Airways,1/05/2019,Kolkata,Banglore,CCU → DEL → BLR,17:00,09:45,16:45,1,In-flight meal not included,9314,1,05,2019,17,00,09,45,16,45
IndiGo,18/05/2019,Delhi,Cochin,DEL → BOM → COK,18:35,01:30,6:55,1,No Info,7503,18,05,2019,18,35,01,30,6,55
SpiceJet,3/03/2019,Delhi,Cochin,DEL → MAA → COK,06:10,11:20,5:10,1,No Info,9748,3,03,2019,06,10,11,20,5,10
IndiGo,27/06/2019,Kolkata,Banglore,CCU → BLR,17:15,19:50,2:35,0,No Info,4804,27,06,2019,17,15,19,50,2,35
Jet Airways,9/05/2019,Kolkata,Banglore,CCU → BOM → BLR,06:30,16:20,9:50,1,In-flight meal not included,8586,9,05,2019,06,30,16,20,9,50
Jet Airways,24/06/2019,Delhi,Cochin,DEL → LKO → BOM → COK,09:25,12:35,27:10,2,No Info,13882,24,06,2019,09,25,12,35,27,10
Jet Airways,21/05/2019,Banglore,Delhi,BLR → DEL,15:50,18:45,2:55,0,No Info,7229,21,05,2019,15,50,18,45,2,55
Air India,24/03/2019,Mumbai,Hyderabad,BOM → HYD,06:20,07:40,1:20,0,No Info,2575,24,03,2019,06,20,07,40,1,20
IndiGo,21/05/2019,Banglore,Delhi,BLR → DEL,21:15,00:15,3h,0,No Info,3943,21,05,2019,21,15,00,15,3h,
SpiceJet,24/04/2019,Delhi,Cochin,DEL → PNQ → COK,08:45,13:15,4:30,1,No check-in baggage included,4760,24,04,2019,08,45,13,15,4,30
Jet Airways,24/03/2019,Kolkata,Banglore,CCU → BOM → BLR,06:30,22:35,16:5,1,In-flight meal not included,8824,24,03,2019,06,30,22,35,16,5
Air India,21/03/2019,Delhi,Cochin,DEL → BOM → COK,09:00,19:15,10:15,1,No Info,6902,21,03,2019,09,00,19,15,10,15
Air Asia,21/03/2019,Delhi,Cochin,DEL → BLR → COK,16:45,07:10,14:25,1,No Info,6151,21,03,2019,16,45,07,10,14,25
Air India,21/05/2019,Kolkata,Banglore,CCU → BOM → GOI → BLR,16:50,05:35,12:45,2,No Info,12324,21,05,2019,16,50,05,35,12,45
Jet Airways,09/03/2019,Banglore,New Delhi,BLR → BOM → DEL,05:45,10:25,4:40,1,In-flight meal not included,11087,09,03,2019,05,45,10,25,4,40
Air Asia,3/03/2019,Kolkata,Banglore,CCU → BLR,19:35,22:05,2:30,0,No Info,5964,3,03,2019,19,35,22,05,2,30
Jet Airways,1/05/2019,Kolkata,Banglore,CCU → DEL → BLR,20:25,22:05,25:40,1,No Info,14151,1,05,2019,20,25,22,05,25,40
Jet Airways,15/05/2019,Kolkata,Banglore,CCU → DEL → BLR,09:35,14:25,28:50,1,No Info,11467,15,05,2019,09,35,14,25,28,50
SpiceJet,21/05/2019,Kolkata,Banglore,CCU → BLR,22:20,00:40,2:20,0,No Info,3873,21,05,2019,22,20,00,40,2,20
Multiple carriers,21/03/2019,Delhi,Cochin,DEL → BOM → COK,15:00,01:35,10:35,1,No Info,13542,21,03,2019,15,00,01,35,10,35
Jet Airways,21/05/2019,Kolkata,Banglore,CCU → BOM → BLR,20:00,08:15,12:15,1,In-flight meal not included,10844,21,05,2019,20,00,08,15,12,15
IndiGo,03/03/2019,Banglore,New Delhi,BLR → DEL,01:30,04:15,2:45,0,No Info,6144,03,03,2019,01,30,04,15,2,45
Jet Airways,27/06/2019,Delhi,Cochin,DEL → BOM → COK,14:00,19:00,5h,1,In-flight meal not included,10262,27,06,2019,14,00,19,00,5h,
Air Asia,6/04/2019,Banglore,Delhi,BLR → DEL,11:10,13:55,2:45,0,No Info,3383,6,04,2019,11,10,13,55,2,45
Air India,9/06/2019,Kolkata,Banglore,CCU → DEL → BLR,17:30,20:25,26:55,1,No Info,10413,9,06,2019,17,30,20,25,26,55
Jet Airways,9/06/2019,Kolkata,Banglore,CCU → DEL → BLR,09:35,19:10,9:35,1,In-flight meal not included,13994,9,06,2019,09,35,19,10,9,35
Air India,21/05/2019,Kolkata,Banglore,CCU → IXR → DEL → BLR,05:50,23:15,17:25,2,No Info,13143,21,05,2019,05,50,23,15,17,25
Multiple carriers,21/03/2019,Delhi,Cochin,DEL → BOM → COK,08:25,18:50,10:25,1,No Info,13069,21,03,2019,08,25,18,50,10,25
Jet Airways,27/05/2019,Delhi,Cochin,DEL → AMD → BOM → COK,19:10,12:35,17:25,2,No Info,15129,27,05,2019,19,10,12,35,17,25
GoAir,9/06/2019,Banglore,Delhi,BLR → DEL,20:55,23:40,2:45,0,No Info,3898,9,06,2019,20,55,23,40,2,45
Jet Airways,9/05/2019,Kolkata,Banglore,CCU → BOM → BLR,08:25,16:20,7:55,1,No Info,13941,9,05,2019,08,25,16,20,7,55
Air India,21/03/2019,Banglore,New Delhi,BLR → VGA → DEL,10:30,11:20,24:50,1,No Info,6383,21,03,2019,10,30,11,20,24,50
Multiple carriers,1/06/2019,Delhi,Cochin,DEL → BOM → COK,07:05,21:00,13:55,1,In-flight meal not included,10406,1,06,2019,07,05,21,00,13,55
IndiGo,6/06/2019,Delhi,Cochin,DEL → BOM → COK,15:00,01:30,10:30,1,No Info,5883,6,06,2019,15,00,01,30,10,30
IndiGo,27/03/2019,Delhi,Cochin,DEL → BOM → COK,10:45,21:00,10:15,1,No Info,6838,27,03,2019,10,45,21,00,10,15
Jet Airways,21/05/2019,Kolkata,Banglore,CCU → BOM → BLR,06:30,19:50,13:20,1,No Info,14781,21,05,2019,06,30,19,50,13,20
Jet Airways,9/06/2019,Delhi,Cochin,DEL → BOM → COK,19:45,04:25,8:40,1,In-flight meal not included,10577,9,06,2019,19,45,04,25,8,40
Multiple carriers,15/05/2019,Delhi,Cochin,DEL → HYD → COK,13:05,22:30,9:25,1,No Info,9646,15,05,2019,13,05,22,30,9,25
Vistara,6/06/2019,Delhi,Cochin,DEL → COK,06:00,09:10,3:10,0,No Info,6216,6,06,2019,06,00,09,10,3,10
Jet Airways,12/05/2019,Delhi,Cochin,DEL → COK,11:00,14:15,3:15,0,No Info,9564,12,05,2019,11,00,14,15,3,15
Jet Airways,1/05/2019,Kolkata,Banglore,CCU → BOM → BLR,21:10,04:40,7:30,1,No Info,14781,1,05,2019,21,10,04,40,7,30
Jet Airways,6/05/2019,Banglore,Delhi,BLR → DEL,07:10,10:10,3h,0,No Info,7229,6,05,2019,07,10,10,10,3h,
IndiGo,9/03/2019,Kolkata,Banglore,CCU → BLR,22:10,00:55,2:45,0,No Info,4148,9,03,2019,22,10,00,55,2,45
Multiple carriers,27/06/2019,Delhi,Cochin,DEL → BOM → COK,11:40,19:15,7:35,1,In-flight meal not included,7268,27,06,2019,11,40,19,15,7,35
Air India,1/06/2019,Kolkata,Banglore,CCU → BLR,14:15,16:45,2:30,0,No Info,6245,1,06,2019,14,15,16,45,2,30
Jet Airways,1/06/2019,Delhi,Cochin,DEL → NAG → BOM → COK,06:45,04:25,21:40,2,No Info,13376,1,06,2019,06,45,04,25,21,40
Air Asia,18/04/2019,Banglore,Delhi,BLR → DEL,23:55,02:45,2:50,0,No Info,4483,18,04,2019,23,55,02,45,2,50
Jet Airways,3/06/2019,Delhi,Cochin,DEL → BOM → COK,02:15,04:25,26:10,1,In-flight meal not included,11627,3,06,2019,02,15,04,25,26,10
Vistara,24/03/2019,Kolkata,Banglore,CCU → DEL → BLR,17:00,09:10,16:10,1,No Info,13310,24,03,2019,17,00,09,10,16,10
Jet Airways,21/06/2019,Banglore,Delhi,BLR → DEL,18:55,22:00,3:5,0,In-flight meal not included,7754,21,06,2019,18,55,22,00,3,5
IndiGo,1/04/2019,Mumbai,Hyderabad,BOM → HYD,19:05,20:35,1:30,0,No Info,2754,1,04,2019,19,05,20,35,1,30
Air India,12/06/2019,Delhi,Cochin,DEL → GOI → BOM → COK,22:00,19:15,21:15,2,No Info,10231,12,06,2019,22,00,19,15,21,15
Jet Airways,3/06/2019,Delhi,Cochin,DEL → JAI → BOM → COK,09:40,12:35,26:55,2,In-flight meal not included,10368,3,06,2019,09,40,12,35,26,55
Air India,6/06/2019,Delhi,Cochin,DEL → HYD → MAA → COK,07:05,09:25,26:20,2,No Info,11447,6,06,2019,07,05,09,25,26,20
Jet Airways,3/03/2019,Delhi,Cochin,DEL → IDR → BOM → COK,05:25,04:25,23h,2,No Info,18799,3,03,2019,05,25,04,25,23h,
IndiGo,9/03/2019,Kolkata,Banglore,CCU → BLR,15:10,17:45,2:35,0,No Info,4462,9,03,2019,15,10,17,45,2,35
Jet Airways,12/05/2019,Kolkata,Banglore,CCU → DEL → BLR,20:25,19:10,22:45,1,No Info,13067,12,05,2019,20,25,19,10,22,45
Jet Airways,1/04/2019,Kolkata,Banglore,CCU → BOM → BLR,18:55,19:50,24:55,1,No Info,12681,1,04,2019,18,55,19,50,24,55
Vistara,3/06/2019,Chennai,Kolkata,MAA → CCU,07:05,09:20,2:15,0,No Info,3687,3,06,2019,07,05,09,20,2,15
IndiGo,27/03/2019,Delhi,Cochin,DEL → BOM → COK,17:30,01:35,8:5,1,No Info,6628,27,03,2019,17,30,01,35,8,5
Air India,9/03/2019,Delhi,Cochin,DEL → BOM → COK,21:40,07:40,10h,1,No Info,13832,9,03,2019,21,40,07,40,10h,
IndiGo,03/03/2019,Banglore,New Delhi,BLR → DEL,08:30,11:30,3h,0,No Info,6860,03,03,2019,08,30,11,30,3h,
Air India,12/05/2019,Kolkata,Banglore,CCU → BBI → BOM → BLR,12:00,11:10,23:10,2,No Info,10676,12,05,2019,12,00,11,10,23,10
Jet Airways,3/06/2019,Delhi,Cochin,DEL → BOM → COK,22:50,04:25,5:35,1,No Info,14714,3,06,2019,22,50,04,25,5,35
Jet Airways,12/06/2019,Delhi,Cochin,DEL → BOM → COK,19:45,19:00,23:15,1,In-flight meal not included,10262,12,06,2019,19,45,19,00,23,15
IndiGo,21/05/2019,Mumbai,Hyderabad,BOM → HYD,19:05,20:35,1:30,0,No Info,2754,21,05,2019,19,05,20,35,1,30
Air Asia,24/03/2019,Kolkata,Banglore,CCU → DEL → BLR,07:35,22:55,15:20,1,No Info,6785,24,03,2019,07,35,22,55,15,20
Multiple carriers,21/05/2019,Delhi,Cochin,DEL → BOM → COK,16:00,01:30,9:30,1,No Info,14067,21,05,2019,16,00,01,30,9,30
Jet Airways,21/05/2019,Delhi,Cochin,DEL → ATQ → BOM → COK,20:00,04:25,8:25,2,In-flight meal not included,15318,21,05,2019,20,00,04,25,8,25
Jet Airways,9/03/2019,Delhi,Cochin,DEL → BOM → COK,18:15,04:25,10:10,1,In-flight meal not included,14053,9,03,2019,18,15,04,25,10,10
Jet Airways,27/06/2019,Mumbai,Hyderabad,BOM → HYD,07:05,08:30,1:25,0,No Info,8040,27,06,2019,07,05,08,30,1,25
Air India,6/06/2019,Kolkata,Banglore,CCU → IXR → DEL → BLR,05:50,08:55,27:5,2,No Info,12723,6,06,2019,05,50,08,55,27,5
Jet Airways,27/06/2019,Delhi,Cochin,DEL → BOM → COK,14:00,12:35,22:35,1,In-flight meal not included,10262,27,06,2019,14,00,12,35,22,35
Air Asia,27/03/2019,Delhi,Cochin,DEL → BLR → COK,16:45,07:10,14:25,1,No Info,6151,27,03,2019,16,45,07,10,14,25
SpiceJet,3/06/2019,Delhi,Cochin,DEL → BLR → COK,17:55,22:50,4:55,1,No Info,5409,3,06,2019,17,55,22,50,4,55
Vistara,21/05/2019,Kolkata,Banglore,CCU → DEL → BLR,20:20,20:20,24h,1,No Info,9345,21,05,2019,20,20,20,20,24h,
Air India,15/06/2019,Delhi,Cochin,DEL → JDH → BOM → COK,12:55,19:15,30:20,2,No Info,12646,15,06,2019,12,55,19,15,30,20
Jet Airways,27/06/2019,Delhi,Cochin,DEL → AMD → BOM → COK,13:25,12:35,23:10,2,In-flight meal not included,11150,27,06,2019,13,25,12,35,23,10
IndiGo,6/03/2019,Mumbai,Hyderabad,BOM → HYD,16:55,18:25,1:30,0,No Info,4784,6,03,2019,16,55,18,25,1,30
Jet Airways,27/03/2019,Delhi,Cochin,DEL → BOM → COK,21:50,04:25,6:35,1,No Info,12242,27,03,2019,21,50,04,25,6,35
Air Asia,9/06/2019,Kolkata,Banglore,CCU → DEL → BLR,22:40,10:40,12h,1,No Info,11323,9,06,2019,22,40,10,40,12h,
Air Asia,18/04/2019,Kolkata,Banglore,CCU → BLR,19:55,22:25,2:30,0,No Info,4409,18,04,2019,19,55,22,25,2,30
Jet Airways,06/03/2019,Banglore,New Delhi,BLR → BOM → DEL,08:55,21:20,12:25,1,No Info,16736,06,03,2019,08,55,21,20,12,25
Air India,27/05/2019,Mumbai,Hyderabad,BOM → HYD,19:30,20:45,1:15,0,No Info,3100,27,05,2019,19,30,20,45,1,15
Jet Airways,18/05/2019,Delhi,Cochin,DEL → JAI → BOM → COK,05:30,19:00,13:30,2,In-flight meal not included,13029,18,05,2019,05,30,19,00,13,30
IndiGo,12/06/2019,Kolkata,Banglore,CCU → BLR,14:25,16:55,2:30,0,No Info,4804,12,06,2019,14,25,16,55,2,30
Vistara,24/05/2019,Kolkata,Banglore,CCU → DEL → BLR,07:10,20:20,13:10,1,No Info,9555,24,05,2019,07,10,20,20,13,10
Jet Airways,27/06/2019,Delhi,Cochin,DEL → BOM → COK,15:00,12:35,21:35,1,In-flight meal not included,10262,27,06,2019,15,00,12,35,21,35
Air Asia,24/03/2019,Kolkata,Banglore,CCU → BLR,19:35,22:05,2:30,0,No Info,5964,24,03,2019,19,35,22,05,2,30
IndiGo,12/06/2019,Delhi,Cochin,DEL → BLR → COK,02:00,07:45,5:45,1,No Info,6386,12,06,2019,02,00,07,45,5,45
Air India,9/04/2019,Delhi,Cochin,DEL → BOM → COK,08:00,19:15,11:15,1,No Info,6377,9,04,2019,08,00,19,15,11,15
SpiceJet,18/03/2019,Chennai,Kolkata,MAA → CCU,08:20,10:35,2:15,0,No check-in baggage included,3807,18,03,2019,08,20,10,35,2,15
Multiple carriers,3/06/2019,Delhi,Cochin,DEL → BOM → COK,16:00,01:30,9:30,1,No Info,13377,3,06,2019,16,00,01,30,9,30
SpiceJet,12/04/2019,Kolkata,Banglore,CCU → BLR,09:00,11:25,2:25,0,No check-in baggage included,3841,12,04,2019,09,00,11,25,2,25
Air India,6/06/2019,Kolkata,Banglore,CCU → MAA → BLR,14:35,14:35,24h,1,No Info,6528,6,06,2019,14,35,14,35,24h,
Air India,24/05/2019,Mumbai,Hyderabad,BOM → HYD,06:20,07:40,1:20,0,No Info,3100,24,05,2019,06,20,07,40,1,20
Vistara,24/06/2019,Chennai,Kolkata,MAA → CCU,07:45,10:00,2:15,0,No Info,3687,24,06,2019,07,45,10,00,2,15
Jet Airways,06/03/2019,Banglore,New Delhi,BLR → BOM → DEL,08:00,05:05,21:5,1,No Info,14815,06,03,2019,08,00,05,05,21,5
IndiGo,12/06/2019,Banglore,Delhi,BLR → DEL,04:00,06:50,2:50,0,No Info,3943,12,06,2019,04,00,06,50,2,50
Jet Airways,12/06/2019,Delhi,Cochin,DEL → BOM → COK,20:55,04:25,7:30,1,No Info,14714,12,06,2019,20,55,04,25,7,30
SpiceJet,24/04/2019,Kolkata,Banglore,CCU → MAA → BLR,15:05,20:20,5:15,1,No Info,4859,24,04,2019,15,05,20,20,5,15
Jet Airways,18/05/2019,Kolkata,Banglore,CCU → BOM → BLR,14:05,22:35,8:30,1,In-flight meal not included,10844,18,05,2019,14,05,22,35,8,30
IndiGo,18/03/2019,Banglore,New Delhi,BLR → HYD → DEL,12:10,17:05,4:55,1,No Info,4410,18,03,2019,12,10,17,05,4,55
IndiGo,21/05/2019,Mumbai,Hyderabad,BOM → HYD,02:35,04:05,1:30,0,No Info,2754,21,05,2019,02,35,04,05,1,30
Jet Airways,6/04/2019,Banglore,Delhi,BLR → DEL,19:50,22:50,3h,0,No Info,7229,6,04,2019,19,50,22,50,3h,
IndiGo,09/03/2019,Banglore,New Delhi,BLR → DEL,23:30,02:20,2:50,0,No Info,5694,09,03,2019,23,30,02,20,2,50
Multiple carriers,9/05/2019,Delhi,Cochin,DEL → BOM → COK,17:00,01:30,8:30,1,No Info,9424,9,05,2019,17,00,01,30,8,30
Jet Airways,15/06/2019,Delhi,Cochin,DEL → BOM → COK,19:45,19:00,23:15,1,In-flight meal not included,10262,15,06,2019,19,45,19,00,23,15
Air India,9/06/2019,Delhi,Cochin,DEL → HYD → BOM → COK,17:15,07:40,14:25,2,No Info,12199,9,06,2019,17,15,07,40,14,25
Vistara,6/05/2019,Banglore,Delhi,BLR → DEL,11:30,14:20,2:50,0,No Info,4668,6,05,2019,11,30,14,20,2,50
Jet Airways,21/03/2019,Banglore,New Delhi,BLR → BOM → DEL,05:45,00:45,19h,1,In-flight meal not included,7832,21,03,2019,05,45,00,45,19h,
SpiceJet,21/03/2019,Banglore,New Delhi,BLR → DEL,09:35,12:30,2:55,0,No Info,4945,21,03,2019,09,35,12,30,2,55
Air India,03/03/2019,Banglore,New Delhi,BLR → CCU → GAU → DEL,05:50,22:10,40:20,2,No Info,11791,03,03,2019,05,50,22,10,40,20
SpiceJet,12/04/2019,Kolkata,Banglore,CCU → BLR,06:55,09:30,2:35,0,No check-in baggage included,3841,12,04,2019,06,55,09,30,2,35
GoAir,3/04/2019,Banglore,Delhi,BLR → DEL,20:55,23:40,2:45,0,No Info,4239,3,04,2019,20,55,23,40,2,45
Jet Airways,06/03/2019,Banglore,New Delhi,BLR → BOM → DEL,14:05,00:45,10:40,1,No Info,14815,06,03,2019,14,05,00,45,10,40
Jet Airways,9/06/2019,Delhi,Cochin,DEL → JAI → BOM → COK,09:40,19:00,9:20,2,No Info,13014,9,06,2019,09,40,19,00,9,20
Multiple carriers,9/06/2019,Delhi,Cochin,DEL → BOM → COK,10:20,19:00,8:40,1,No Info,11789,9,06,2019,10,20,19,00,8,40
Jet Airways,24/03/2019,Kolkata,Banglore,CCU → BOM → BLR,19:45,04:45,9h,1,In-flight meal not included,10031,24,03,2019,19,45,04,45,9h,
Air India,15/05/2019,Kolkata,Banglore,CCU → BOM → HBX → BLR,09:25,17:20,31:55,2,No Info,13616,15,05,2019,09,25,17,20,31,55
Multiple carriers,21/03/2019,Delhi,Cochin,DEL → BOM → COK,19:00,01:35,6:35,1,No Info,6838,21,03,2019,19,00,01,35,6,35
Jet Airways,24/05/2019,Banglore,Delhi,BLR → DEL,17:45,20:45,3h,0,No Info,7229,24,05,2019,17,45,20,45,3h,
IndiGo,12/04/2019,Banglore,Delhi,BLR → DEL,06:05,08:50,2:45,0,No Info,4990,12,04,2019,06,05,08,50,2,45
GoAir,27/05/2019,Delhi,Cochin,DEL → BOM → COK,07:00,12:55,5:55,1,No Info,5752,27,05,2019,07,00,12,55,5,55
Multiple carriers,9/05/2019,Delhi,Cochin,DEL → IDR → BOM → COK,15:05,01:30,10:25,2,No Info,18191,9,05,2019,15,05,01,30,10,25
Jet Airways,12/06/2019,Kolkata,Banglore,CCU → DEL → BLR,20:25,09:45,13:20,1,In-flight meal not included,10539,12,06,2019,20,25,09,45,13,20
Air Asia,9/03/2019,Delhi,Cochin,DEL → BLR → COK,16:45,07:10,14:25,1,No Info,8327,9,03,2019,16,45,07,10,14,25
Jet Airways,24/05/2019,Kolkata,Banglore,CCU → BOM → BLR,14:05,22:35,8:30,1,In-flight meal not included,10844,24,05,2019,14,05,22,35,8,30
SpiceJet,12/06/2019,Kolkata,Banglore,CCU → BLR,22:20,00:40,2:20,0,No Info,3873,12,06,2019,22,20,00,40,2,20
Jet Airways,18/03/2019,Banglore,New Delhi,BLR → BOM → DEL,21:25,10:25,13h,1,No Info,13555,18,03,2019,21,25,10,25,13h,
Jet Airways,24/05/2019,Kolkata,Banglore,CCU → BOM → BLR,20:00,18:15,22:15,1,In-flight meal not included,10844,24,05,2019,20,00,18,15,22,15
Vistara,1/04/2019,Banglore,Delhi,BLR → DEL,21:00,23:50,2:50,0,No Info,5403,1,04,2019,21,00,23,50,2,50
Air India,21/05/2019,Kolkata,Banglore,CCU → BLR,20:45,23:20,2:35,0,No Info,4145,21,05,2019,20,45,23,20,2,35
Jet Airways,9/06/2019,Delhi,Cochin,DEL → BOM → COK,19:15,19:00,23:45,1,In-flight meal not included,10577,9,06,2019,19,15,19,00,23,45
Air India,9/05/2019,Delhi,Cochin,DEL → HYD → MAA → COK,09:45,09:25,23:40,2,No Info,9925,9,05,2019,09,45,09,25,23,40
IndiGo,15/06/2019,Mumbai,Hyderabad,BOM → HYD,19:05,20:35,1:30,0,No Info,2754,15,06,2019,19,05,20,35,1,30
Air India,9/05/2019,Kolkata,Banglore,CCU → GAU → BLR,16:45,21:05,28:20,1,No Info,7662,9,05,2019,16,45,21,05,28,20
Jet Airways,12/03/2019,Mumbai,Hyderabad,BOM → DEL → HYD,03:00,16:35,13:35,1,No Info,22294,12,03,2019,03,00,16,35,13,35
IndiGo,15/03/2019,Banglore,New Delhi,BLR → DEL,13:00,15:50,2:50,0,No Info,6144,15,03,2019,13,00,15,50,2,50
Jet Airways,6/03/2019,Mumbai,Hyderabad,BOM → BDQ → DEL → HYD,19:50,16:50,21h,2,No Info,24210,6,03,2019,19,50,16,50,21h,
Multiple carriers,27/03/2019,Delhi,Cochin,DEL → BOM → COK,13:00,01:35,12:35,1,No Info,12327,27,03,2019,13,00,01,35,12,35
SpiceJet,18/03/2019,Mumbai,Hyderabad,BOM → HYD,13:10,14:30,1:20,0,No Info,2437,18,03,2019,13,10,14,30,1,20
SpiceJet,12/06/2019,Mumbai,Hyderabad,BOM → HYD,05:45,07:15,1:30,0,No Info,2753,12,06,2019,05,45,07,15,1,30
Jet Airways,21/05/2019,Kolkata,Banglore,CCU → DEL → BLR,09:35,23:35,14h,1,No Info,14151,21,05,2019,09,35,23,35,14h,
Vistara,21/06/2019,Chennai,Kolkata,MAA → CCU,17:45,20:05,2:20,0,No Info,11982,21,06,2019,17,45,20,05,2,20
IndiGo,3/03/2019,Delhi,Cochin,DEL → HYD → MAA → COK,11:55,21:20,9:25,2,No Info,9413,3,03,2019,11,55,21,20,9,25
Air India,15/05/2019,Delhi,Cochin,DEL → HYD → BOM → COK,17:15,19:15,26h,2,No Info,13022,15,05,2019,17,15,19,15,26h,
GoAir,9/06/2019,Kolkata,Banglore,CCU → HYD → BLR,06:40,14:35,7:55,1,No Info,3673,9,06,2019,06,40,14,35,7,55
Jet Airways,6/03/2019,Delhi,Cochin,DEL → BOM → COK,22:20,04:25,6:5,1,No Info,15764,6,03,2019,22,20,04,25,6,5
Jet Airways,24/06/2019,Delhi,Cochin,DEL → IDR → BOM → COK,21:25,12:35,15:10,2,No Info,12609,24,06,2019,21,25,12,35,15,10
Jet Airways Business,01/03/2019,Banglore,New Delhi,BLR → MAA → DEL,09:45,14:25,4:40,1,Business class,57209,01,03,2019,09,45,14,25,4,40
Vistara,6/04/2019,Banglore,Delhi,BLR → DEL,09:45,12:35,2:50,0,No Info,5613,6,04,2019,09,45,12,35,2,50
Multiple carriers,21/03/2019,Delhi,Cochin,DEL → BOM → COK,04:45,19:15,14:30,1,No Info,6630,21,03,2019,04,45,19,15,14,30
Jet Airways,27/06/2019,Mumbai,Hyderabad,BOM → HYD,19:35,21:05,1:30,0,No Info,5678,27,06,2019,19,35,21,05,1,30
Jet Airways,21/03/2019,Banglore,New Delhi,BLR → BOM → DEL,22:50,07:40,8:50,1,In-flight meal not included,7045,21,03,2019,22,50,07,40,8,50
IndiGo,9/03/2019,Kolkata,Banglore,CCU → BLR,14:20,16:55,2:35,0,No Info,4148,9,03,2019,14,20,16,55,2,35
Air India,03/03/2019,Banglore,New Delhi,BLR → VGA → DEL,10:30,22:55,12:25,1,No Info,11003,03,03,2019,10,30,22,55,12,25
Air India,18/05/2019,Delhi,Cochin,DEL → MAA → COK,06:05,09:25,27:20,1,No Info,7480,18,05,2019,06,05,09,25,27,20
IndiGo,12/05/2019,Kolkata,Banglore,CCU → BLR,22:15,00:50,2:35,0,No Info,4804,12,05,2019,22,15,00,50,2,35
Jet Airways,12/05/2019,Mumbai,Hyderabad,BOM → HYD,02:55,04:20,1:25,0,In-flight meal not included,4050,12,05,2019,02,55,04,20,1,25
Air India,27/06/2019,Banglore,Delhi,BLR → DEL,10:00,12:45,2:45,0,No Info,6961,27,06,2019,10,00,12,45,2,45
Jet Airways,3/06/2019,Delhi,Cochin,DEL → BOM → COK,16:00,19:00,27h,1,In-flight meal not included,10262,3,06,2019,16,00,19,00,27h,
Air Asia,12/06/2019,Banglore,Delhi,BLR → DEL,23:55,02:45,2:50,0,No Info,3383,12,06,2019,23,55,02,45,2,50
Air India,9/03/2019,Delhi,Cochin,DEL → BLR → COK,20:30,23:00,26:30,1,No Info,8119,9,03,2019,20,30,23,00,26,30
Jet Airways,6/06/2019,Delhi,Cochin,DEL → BOM → COK,02:15,19:00,16:45,1,No Info,14714,6,06,2019,02,15,19,00,16,45
Multiple carriers,3/06/2019,Delhi,Cochin,DEL → BOM → COK,06:00,19:00,13h,1,No Info,13259,3,06,2019,06,00,19,00,13h,
GoAir,03/03/2019,Banglore,New Delhi,BLR → DEL,07:45,10:40,2:55,0,No Info,7222,03,03,2019,07,45,10,40,2,55
Air Asia,9/05/2019,Delhi,Cochin,DEL → BLR → COK,16:45,07:10,14:25,1,No Info,7353,9,05,2019,16,45,07,10,14,25
Jet Airways,24/05/2019,Kolkata,Banglore,CCU → BOM → BLR,21:10,08:15,11:5,1,No Info,14178,24,05,2019,21,10,08,15,11,5
Jet Airways,01/03/2019,Banglore,New Delhi,BLR → BOM → DEL,07:00,05:05,22:5,1,No Info,26890,01,03,2019,07,00,05,05,22,5
Air India,12/05/2019,Mumbai,Hyderabad,BOM → HYD,19:30,20:45,1:15,0,No Info,3625,12,05,2019,19,30,20,45,1,15
Multiple carriers,3/06/2019,Delhi,Cochin,DEL → BOM → COK,11:40,19:15,7:35,1,No Info,9001,3,06,2019,11,40,19,15,7,35
Air India,27/05/2019,Kolkata,Banglore,CCU → BLR,20:45,23:20,2:35,0,No Info,4145,27,05,2019,20,45,23,20,2,35
Jet Airways,9/05/2019,Delhi,Cochin,DEL → BHO → BOM → COK,05:30,12:35,7:5,2,In-flight meal not included,15544,9,05,2019,05,30,12,35,7,5
SpiceJet,15/06/2019,Mumbai,Hyderabad,BOM → HYD,13:15,14:45,1:30,0,No Info,2017,15,06,2019,13,15,14,45,1,30
Air India,15/05/2019,Kolkata,Banglore,CCU → DEL → AMD → BLR,10:00,05:25,19:25,2,No Info,14424,15,05,2019,10,00,05,25,19,25
GoAir,15/06/2019,Kolkata,Banglore,CCU → BLR,15:20,17:55,2:35,0,No Info,3514,15,06,2019,15,20,17,55,2,35
IndiGo,27/05/2019,Delhi,Cochin,DEL → BOM → COK,18:35,01:30,6:55,1,No Info,6628,27,05,2019,18,35,01,30,6,55
Jet Airways,15/06/2019,Delhi,Cochin,DEL → AMD → BOM → COK,23:05,04:25,29:20,2,No Info,15339,15,06,2019,23,05,04,25,29,20
Air India,09/03/2019,Banglore,New Delhi,BLR → DEL,21:10,23:55,2:45,0,No Info,7591,09,03,2019,21,10,23,55,2,45
Jet Airways,1/06/2019,Delhi,Cochin,DEL → BOM → COK,11:30,04:25,16:55,1,In-flight meal not included,10262,1,06,2019,11,30,04,25,16,55
Jet Airways,21/05/2019,Kolkata,Banglore,CCU → BOM → BLR,06:30,16:20,9:50,1,In-flight meal not included,10844,21,05,2019,06,30,16,20,9,50
Jet Airways,6/06/2019,Delhi,Cochin,DEL → JAI → BOM → COK,09:40,04:25,18:45,2,No Info,13014,6,06,2019,09,40,04,25,18,45
Air India,18/05/2019,Kolkata,Banglore,CCU → GAU → BLR,16:45,21:05,28:20,1,No Info,7872,18,05,2019,16,45,21,05,28,20
IndiGo,15/05/2019,Delhi,Cochin,DEL → COK,14:25,17:40,3:15,0,No Info,6541,15,05,2019,14,25,17,40,3,15
Air India,15/03/2019,Banglore,New Delhi,BLR → COK → DEL,06:55,23:20,16:25,1,No Info,6987,15,03,2019,06,55,23,20,16,25
IndiGo,1/06/2019,Banglore,Delhi,BLR → DEL,18:55,21:50,2:55,0,No Info,4823,1,06,2019,18,55,21,50,2,55
Air India,21/05/2019,Banglore,Delhi,BLR → DEL,05:45,08:45,3h,0,No Info,6961,21,05,2019,05,45,08,45,3h,
Jet Airways,12/06/2019,Kolkata,Banglore,CCU → BOM → BLR,06:30,18:15,11:45,1,In-flight meal not included,9899,12,06,2019,06,30,18,15,11,45
Jet Airways,12/03/2019,Banglore,New Delhi,BLR → MAA → DEL,09:45,16:00,6:15,1,No Info,12295,12,03,2019,09,45,16,00,6,15
Air India,12/06/2019,Kolkata,Banglore,CCU → BBI → HYD → BLR,09:10,11:05,25:55,2,No Info,6117,12,06,2019,09,10,11,05,25,55
SpiceJet,1/05/2019,Chennai,Kolkata,MAA → CCU,09:45,12:00,2:15,0,No check-in baggage included,3543,1,05,2019,09,45,12,00,2,15
Air India,6/03/2019,Delhi,Cochin,DEL → AMD → BOM → COK,16:40,19:15,26:35,2,No Info,12646,6,03,2019,16,40,19,15,26,35
SpiceJet,18/05/2019,Banglore,Delhi,BLR → DEL,21:10,00:05,2:55,0,No check-in baggage included,3919,18,05,2019,21,10,00,05,2,55
Air India,15/03/2019,Banglore,New Delhi,BLR → MAA → DEL,11:50,11:35,23:45,1,No Info,6982,15,03,2019,11,50,11,35,23,45
Vistara,24/03/2019,Kolkata,Banglore,CCU → DEL → BLR,17:00,18:45,25:45,1,No Info,13100,24,03,2019,17,00,18,45,25,45
Jet Airways,27/05/2019,Delhi,Cochin,DEL → BOM → COK,09:00,19:00,10h,1,No Info,16079,27,05,2019,09,00,19,00,10h,
Multiple carriers,9/03/2019,Delhi,Cochin,DEL → BOM → COK,06:40,19:15,12:35,1,No Info,13082,9,03,2019,06,40,19,15,12,35
Air India,3/05/2019,Banglore,Delhi,BLR → DEL,13:20,16:10,2:50,0,No Info,6121,3,05,2019,13,20,16,10,2,50
IndiGo,12/06/2019,Banglore,Delhi,BLR → DEL,16:55,19:55,3h,0,No Info,4823,12,06,2019,16,55,19,55,3h,
Jet Airways,18/05/2019,Kolkata,Banglore,CCU → BOM → BLR,18:55,04:40,9:45,1,No Info,13941,18,05,2019,18,55,04,40,9,45
Jet Airways,3/04/2019,Banglore,Delhi,BLR → DEL,18:55,22:00,3:5,0,In-flight meal not included,4544,3,04,2019,18,55,22,00,3,5
Air India,15/04/2019,Kolkata,Banglore,CCU → BLR,20:45,23:20,2:35,0,No Info,4145,15,04,2019,20,45,23,20,2,35
SpiceJet,6/04/2019,Banglore,Delhi,BLR → DEL,21:10,00:05,2:55,0,No check-in baggage included,3919,6,04,2019,21,10,00,05,2,55
Vistara,1/06/2019,Chennai,Kolkata,MAA → CCU,17:45,20:05,2:20,0,No Info,11982,1,06,2019,17,45,20,05,2,20
IndiGo,27/06/2019,Delhi,Cochin,DEL → MAA → COK,02:00,07:25,5:25,1,No Info,5636,27,06,2019,02,00,07,25,5,25
Air India,27/03/2019,Delhi,Cochin,DEL → AMD → BOM → COK,16:40,19:15,26:35,2,No Info,8656,27,03,2019,16,40,19,15,26,35
Jet Airways,12/05/2019,Kolkata,Banglore,CCU → BOM → BLR,16:30,22:35,6:5,1,In-flight meal not included,10844,12,05,2019,16,30,22,35,6,5
Multiple carriers,24/06/2019,Delhi,Cochin,DEL → HYD → COK,07:05,16:10,9:5,1,No Info,9856,24,06,2019,07,05,16,10,9,5
IndiGo,9/04/2019,Banglore,Delhi,BLR → DEL,04:00,06:50,2:50,0,No Info,3943,9,04,2019,04,00,06,50,2,50
Air India,03/03/2019,Banglore,New Delhi,BLR → BOM → AMD → DEL,17:25,08:45,15:20,2,No Info,11570,03,03,2019,17,25,08,45,15,20
Air Asia,12/04/2019,Kolkata,Banglore,CCU → BLR,19:55,22:25,2:30,0,No Info,4409,12,04,2019,19,55,22,25,2,30
Air India,1/06/2019,Delhi,Cochin,DEL → COK,14:10,17:10,3h,0,No Info,6934,1,06,2019,14,10,17,10,3h,
Jet Airways,12/03/2019,Banglore,New Delhi,BLR → BOM → DEL,22:55,10:25,11:30,1,No Info,13817,12,03,2019,22,55,10,25,11,30
Jet Airways,9/05/2019,Kolkata,Banglore,CCU → DEL → BLR,09:35,09:45,24:10,1,No Info,12121,9,05,2019,09,35,09,45,24,10
IndiGo,18/06/2019,Kolkata,Banglore,CCU → BLR,17:15,19:50,2:35,0,No Info,4804,18,06,2019,17,15,19,50,2,35
Jet Airways,12/06/2019,Banglore,Delhi,BLR → DEL,08:20,11:20,3h,0,In-flight meal not included,5769,12,06,2019,08,20,11,20,3h,
SpiceJet,18/05/2019,Kolkata,Banglore,CCU → BLR,14:55,17:25,2:30,0,No Info,4174,18,05,2019,14,55,17,25,2,30
SpiceJet,24/03/2019,Banglore,New Delhi,BLR → DEL,09:35,12:30,2:55,0,No Info,6309,24,03,2019,09,35,12,30,2,55
SpiceJet,18/05/2019,Mumbai,Hyderabad,BOM → HYD,05:45,07:15,1:30,0,No check-in baggage included,1965,18,05,2019,05,45,07,15,1,30
Multiple carriers,27/05/2019,Delhi,Cochin,DEL → BOM → COK,07:05,21:00,13:55,1,In-flight meal not included,10406,27,05,2019,07,05,21,00,13,55
Air India,12/05/2019,Kolkata,Banglore,CCU → BBI → BLR,09:10,13:15,4:5,1,No Info,8996,12,05,2019,09,10,13,15,4,5
Jet Airways,1/05/2019,Kolkata,Banglore,CCU → BOM → BLR,08:25,18:15,9:50,1,In-flight meal not included,10844,1,05,2019,08,25,18,15,9,50
Multiple carriers,27/06/2019,Delhi,Cochin,DEL → BOM → COK,18:15,01:30,7:15,1,No Info,13377,27,06,2019,18,15,01,30,7,15
SpiceJet,1/05/2019,Kolkata,Banglore,CCU → KNU → BLR,11:35,18:50,7:15,1,No Info,8479,1,05,2019,11,35,18,50,7,15
Jet Airways,01/03/2019,Banglore,New Delhi,BLR → BOM → DEL,18:40,09:00,14:20,1,No Info,31825,01,03,2019,18,40,09,00,14,20
GoAir,24/03/2019,Banglore,New Delhi,BLR → DEL,20:55,23:50,2:55,0,No Info,5706,24,03,2019,20,55,23,50,2,55
Jet Airways,18/03/2019,Banglore,New Delhi,BLR → BOM → DEL,11:40,08:15,20:35,1,No Info,12284,18,03,2019,11,40,08,15,20,35
Jet Airways,24/04/2019,Banglore,Delhi,BLR → DEL,08:20,11:20,3h,0,In-flight meal not included,4544,24,04,2019,08,20,11,20,3h,
Jet Airways,27/03/2019,Delhi,Cochin,DEL → BOM → COK,11:30,18:50,7:20,1,In-flight meal not included,6017,27,03,2019,11,30,18,50,7,20
Jet Airways,21/05/2019,Kolkata,Banglore,CCU → BOM → BLR,08:25,16:20,7:55,1,No Info,14781,21,05,2019,08,25,16,20,7,55
Air India,6/06/2019,Delhi,Cochin,DEL → JDH → BOM → COK,12:55,19:15,30:20,2,No Info,12646,6,06,2019,12,55,19,15,30,20
IndiGo,9/06/2019,Chennai,Kolkata,MAA → CCU,11:35,14:00,2:25,0,No Info,3858,9,06,2019,11,35,14,00,2,25
SpiceJet,1/04/2019,Delhi,Cochin,DEL → BLR → COK,17:55,22:50,4:55,1,No Info,4957,1,04,2019,17,55,22,50,4,55
Jet Airways,24/06/2019,Delhi,Cochin,DEL → BOM → COK,17:30,12:35,19:5,1,In-flight meal not included,10262,24,06,2019,17,30,12,35,19,5
Jet Airways,24/03/2019,Kolkata,Banglore,CCU → BOM → BLR,19:45,23:25,27:40,1,In-flight meal not included,10031,24,03,2019,19,45,23,25,27,40
Jet Airways,12/05/2019,Kolkata,Banglore,CCU → BOM → BLR,18:55,09:20,14:25,1,No Info,14388,12,05,2019,18,55,09,20,14,25
Jet Airways,15/05/2019,Kolkata,Banglore,CCU → BOM → BLR,18:55,22:35,27:40,1,In-flight meal not included,10844,15,05,2019,18,55,22,35,27,40
Jet Airways,27/03/2019,Delhi,Cochin,DEL → AMD → BOM → COK,19:10,19:45,24:35,2,In-flight meal not included,8882,27,03,2019,19,10,19,45,24,35
Jet Airways,24/06/2019,Delhi,Cochin,DEL → JAI → BOM → COK,09:40,12:35,26:55,2,No Info,13014,24,06,2019,09,40,12,35,26,55
Air India,6/06/2019,Kolkata,Banglore,CCU → BOM → BLR,09:25,18:30,9:5,1,No Info,8366,6,06,2019,09,25,18,30,9,5
IndiGo,1/06/2019,Delhi,Cochin,DEL → COK,14:25,17:40,3:15,0,No Info,6015,1,06,2019,14,25,17,40,3,15
Jet Airways,6/03/2019,Delhi,Cochin,DEL → AMD → BOM → COK,19:10,18:50,47:40,2,No Info,20694,6,03,2019,19,10,18,50,47,40
Jet Airways,3/03/2019,Delhi,Cochin,DEL → BOM → COK,07:05,18:50,11:45,1,No Info,17024,3,03,2019,07,05,18,50,11,45
Multiple carriers,1/03/2019,Delhi,Cochin,DEL → HYD → COK,14:35,22:20,7:45,1,No Info,14762,1,03,2019,14,35,22,20,7,45
Air India,1/05/2019,Mumbai,Hyderabad,BOM → HYD,06:20,07:40,1:20,0,No Info,3625,1,05,2019,06,20,07,40,1,20
IndiGo,18/03/2019,Mumbai,Hyderabad,BOM → HYD,20:05,21:35,1:30,0,No Info,2227,18,03,2019,20,05,21,35,1,30
IndiGo,24/04/2019,Kolkata,Banglore,CCU → BLR,09:35,12:20,2:45,0,No Info,4804,24,04,2019,09,35,12,20,2,45
Jet Airways,9/06/2019,Mumbai,Hyderabad,BOM → HYD,02:55,04:20,1:25,0,No Info,5678,9,06,2019,02,55,04,20,1,25
Jet Airways,24/03/2019,Mumbai,Hyderabad,BOM → HYD,07:10,08:35,1:25,0,In-flight meal not included,2470,24,03,2019,07,10,08,35,1,25
Jet Airways,18/03/2019,Banglore,New Delhi,BLR → BOM → DEL,11:40,18:25,6:45,1,No Info,12284,18,03,2019,11,40,18,25,6,45
IndiGo,12/06/2019,Banglore,Delhi,BLR → DEL,22:10,01:00,2:50,0,No Info,3419,12,06,2019,22,10,01,00,2,50
Jet Airways,21/03/2019,Delhi,Cochin,DEL → BOM → COK,15:00,04:25,13:25,1,No Info,12767,21,03,2019,15,00,04,25,13,25
Vistara,18/05/2019,Banglore,Delhi,BLR → DEL,21:00,23:50,2:50,0,No Info,4668,18,05,2019,21,00,23,50,2,50
SpiceJet,15/05/2019,Banglore,Delhi,BLR → DEL,21:10,00:05,2:55,0,No Info,3625,15,05,2019,21,10,00,05,2,55
SpiceJet,27/05/2019,Chennai,Kolkata,MAA → CCU,09:45,12:00,2:15,0,No Info,3597,27,05,2019,09,45,12,00,2,15
IndiGo,21/04/2019,Kolkata,Banglore,CCU → BLR,15:15,17:45,2:30,0,No Info,5224,21,04,2019,15,15,17,45,2,30
IndiGo,15/06/2019,Delhi,Cochin,DEL → BLR → COK,17:05,22:25,5:20,1,No Info,6147,15,06,2019,17,05,22,25,5,20
Jet Airways,18/06/2019,Banglore,Delhi,BLR → DEL,15:50,18:45,2:55,0,No Info,8016,18,06,2019,15,50,18,45,2,55
Air India,1/05/2019,Kolkata,Banglore,CCU → BBI → BOM → BLR,12:00,11:10,23:10,2,No Info,11148,1,05,2019,12,00,11,10,23,10
Jet Airways,15/06/2019,Delhi,Cochin,DEL → NAG → BOM → COK,14:35,04:25,13:50,2,No Info,13376,15,06,2019,14,35,04,25,13,50
Air India,12/06/2019,Delhi,Cochin,DEL → LKO → BOM → COK,18:30,19:15,24:45,2,No Info,12488,12,06,2019,18,30,19,15,24,45
Jet Airways,21/03/2019,Delhi,Cochin,DEL → BOM → COK,15:00,04:25,13:25,1,In-flight meal not included,6017,21,03,2019,15,00,04,25,13,25
IndiGo,15/06/2019,Banglore,Delhi,BLR → DEL,08:30,11:20,2:50,0,No Info,4823,15,06,2019,08,30,11,20,2,50
Air India,21/03/2019,Delhi,Cochin,DEL → MAA → COK,09:45,09:25,23:40,1,No Info,7532,21,03,2019,09,45,09,25,23,40
Air India,9/06/2019,Kolkata,Banglore,CCU → BOM → GOI → BLR,09:25,05:35,20:10,2,No Info,11432,9,06,2019,09,25,05,35,20,10
Vistara,6/06/2019,Banglore,Delhi,BLR → DEL,19:30,22:15,2:45,0,No Info,5088,6,06,2019,19,30,22,15,2,45
SpiceJet,27/03/2019,Delhi,Cochin,DEL → MAA → COK,06:10,11:20,5:10,1,No Info,5351,27,03,2019,06,10,11,20,5,10
Vistara,12/06/2019,Kolkata,Banglore,CCU → DEL → BLR,07:10,23:25,16:15,1,No Info,8610,12,06,2019,07,10,23,25,16,15
Jet Airways,6/03/2019,Delhi,Cochin,DEL → BHO → BOM → COK,05:40,04:25,22:45,2,In-flight meal not included,17271,6,03,2019,05,40,04,25,22,45
Jet Airways,21/05/2019,Kolkata,Banglore,CCU → DEL → BLR,17:00,14:25,21:25,1,In-flight meal not included,9314,21,05,2019,17,00,14,25,21,25
SpiceJet,27/03/2019,Kolkata,Banglore,CCU → BLR,22:20,00:40,2:20,0,No Info,3847,27,03,2019,22,20,00,40,2,20
Air India,15/05/2019,Delhi,Cochin,DEL → BOM → COK,09:00,19:15,10:15,1,No Info,8372,15,05,2019,09,00,19,15,10,15
Multiple carriers,15/06/2019,Delhi,Cochin,DEL → BOM → COK,10:35,19:00,8:25,1,No Info,10877,15,06,2019,10,35,19,00,8,25
SpiceJet,12/05/2019,Banglore,Delhi,BLR → DEL,09:30,12:20,2:50,0,No Info,4423,12,05,2019,09,30,12,20,2,50
IndiGo,15/03/2019,Chennai,Kolkata,MAA → CCU,22:05,00:30,2:25,0,No Info,6297,15,03,2019,22,05,00,30,2,25
Vistara,27/06/2019,Delhi,Cochin,DEL → COK,14:40,17:50,3:10,0,No Info,6216,27,06,2019,14,40,17,50,3,10
Multiple carriers,6/06/2019,Delhi,Cochin,DEL → BOM → COK,10:00,21:00,11h,1,No Info,7933,6,06,2019,10,00,21,00,11h,
Multiple carriers,15/06/2019,Delhi,Cochin,DEL → BOM → COK,04:55,12:35,7:40,1,No Info,10678,15,06,2019,04,55,12,35,7,40
SpiceJet,18/03/2019,Mumbai,Hyderabad,BOM → HYD,22:45,00:10,1:25,0,No Info,2017,18,03,2019,22,45,00,10,1,25
IndiGo,18/06/2019,Delhi,Cochin,DEL → COK,14:20,17:35,3:15,0,No Info,5000,18,06,2019,14,20,17,35,3,15
Air India,9/03/2019,Delhi,Cochin,DEL → BHO → BOM → COK,05:55,19:15,13:20,2,No Info,18736,9,03,2019,05,55,19,15,13,20
Jet Airways,1/05/2019,Banglore,Delhi,BLR → DEL,07:10,10:10,3h,0,In-flight meal not included,4030,1,05,2019,07,10,10,10,3h,
Jet Airways,18/05/2019,Delhi,Cochin,DEL → JAI → BOM → COK,19:30,12:35,17:5,2,In-flight meal not included,10368,18,05,2019,19,30,12,35,17,5
Jet Airways,6/05/2019,Kolkata,Banglore,CCU → BOM → BLR,16:30,09:20,16:50,1,In-flight meal not included,9663,6,05,2019,16,30,09,20,16,50
Vistara,15/04/2019,Banglore,Delhi,BLR → DEL,19:30,22:15,2:45,0,No Info,5613,15,04,2019,19,30,22,15,2,45
Jet Airways,9/05/2019,Kolkata,Banglore,CCU → BOM → BLR,14:05,08:15,18:10,1,In-flight meal not included,7757,9,05,2019,14,05,08,15,18,10
IndiGo,15/06/2019,Delhi,Cochin,DEL → HYD → COK,07:35,16:10,8:35,1,No Info,6442,15,06,2019,07,35,16,10,8,35
IndiGo,6/05/2019,Mumbai,Hyderabad,BOM → HYD,19:05,20:35,1:30,0,No Info,2754,6,05,2019,19,05,20,35,1,30
Air India,24/03/2019,Banglore,New Delhi,BLR → DEL,06:10,08:55,2:45,0,No Info,3758,24,03,2019,06,10,08,55,2,45
Air Asia,12/06/2019,Delhi,Cochin,DEL → BLR → COK,07:55,22:25,14:30,1,No Info,6152,12,06,2019,07,55,22,25,14,30
Multiple carriers,21/03/2019,Delhi,Cochin,DEL → BOM → COK,07:00,21:00,14h,1,No Info,7618,21,03,2019,07,00,21,00,14h,
Air India,3/03/2019,Delhi,Cochin,DEL → AMD → BOM → COK,19:45,19:15,23:30,2,No Info,12646,3,03,2019,19,45,19,15,23,30
Jet Airways,15/05/2019,Kolkata,Banglore,CCU → BOM → BLR,14:05,22:35,8:30,1,No Info,14781,15,05,2019,14,05,22,35,8,30
Multiple carriers,27/06/2019,Delhi,Cochin,DEL → BOM → COK,10:00,01:30,15:30,1,No Info,13377,27,06,2019,10,00,01,30,15,30
Jet Airways,27/05/2019,Delhi,Cochin,DEL → COK,11:00,14:15,3:15,0,No Info,9564,27,05,2019,11,00,14,15,3,15
GoAir,15/03/2019,Banglore,New Delhi,BLR → DEL,11:40,14:35,2:55,0,No Info,6113,15,03,2019,11,40,14,35,2,55
Air India,01/03/2019,Banglore,New Delhi,BLR → BOM → BHO → DEL,06:45,09:25,26:40,2,2 Long layover,26480,01,03,2019,06,45,09,25,26,40
Jet Airways,12/06/2019,Banglore,Delhi,BLR → DEL,07:10,10:10,3h,0,In-flight meal not included,5769,12,06,2019,07,10,10,10,3h,
SpiceJet,27/03/2019,Mumbai,Hyderabad,BOM → HYD,05:45,07:05,1:20,0,No Info,1759,27,03,2019,05,45,07,05,1,20
IndiGo,12/06/2019,Delhi,Cochin,DEL → BOM → COK,17:10,01:30,8:20,1,No Info,5883,12,06,2019,17,10,01,30,8,20
Air India,3/04/2019,Banglore,Delhi,BLR → DEL,10:00,12:45,2:45,0,No Info,5176,3,04,2019,10,00,12,45,2,45
IndiGo,27/06/2019,Kolkata,Banglore,CCU → BLR,20:25,23:10,2:45,0,No Info,4804,27,06,2019,20,25,23,10,2,45
GoAir,21/06/2019,Banglore,Delhi,BLR → DEL,11:40,14:30,2:50,0,No Info,3398,21,06,2019,11,40,14,30,2,50
Air India,24/05/2019,Kolkata,Banglore,CCU → BBI → BOM → BLR,12:00,07:55,19:55,2,No Info,9416,24,05,2019,12,00,07,55,19,55
SpiceJet,21/06/2019,Kolkata,Banglore,CCU → BLR,06:55,09:30,2:35,0,No check-in baggage included,3841,21,06,2019,06,55,09,30,2,35
Jet Airways,27/06/2019,Delhi,Cochin,DEL → BOM → COK,20:55,19:00,22:5,1,In-flight meal not included,10262,27,06,2019,20,55,19,00,22,5
IndiGo,24/06/2019,Kolkata,Banglore,CCU → BLR,22:15,00:50,2:35,0,No Info,4804,24,06,2019,22,15,00,50,2,35
Jet Airways,3/04/2019,Delhi,Cochin,DEL → BOM → COK,02:15,12:35,10:20,1,In-flight meal not included,5177,3,04,2019,02,15,12,35,10,20
IndiGo,9/05/2019,Mumbai,Hyderabad,BOM → HYD,20:05,21:40,1:35,0,No Info,2437,9,05,2019,20,05,21,40,1,35
GoAir,9/03/2019,Delhi,Cochin,DEL → AMD → COK,06:00,13:20,7:20,1,No Info,8422,9,03,2019,06,00,13,20,7,20
Multiple carriers,24/06/2019,Delhi,Cochin,DEL → BOM → COK,08:00,21:00,13h,1,No Info,13797,24,06,2019,08,00,21,00,13h,
Jet Airways,6/06/2019,Delhi,Cochin,DEL → JAI → BOM → COK,09:40,04:25,18:45,2,In-flight meal not included,10368,6,06,2019,09,40,04,25,18,45
IndiGo,18/05/2019,Delhi,Cochin,DEL → BOM → COK,17:10,01:30,8:20,1,No Info,7081,18,05,2019,17,10,01,30,8,20
IndiGo,3/03/2019,Delhi,Cochin,DEL → HYD → COK,04:55,16:10,11:15,1,No Info,8513,3,03,2019,04,55,16,10,11,15
Jet Airways,12/04/2019,Banglore,Delhi,BLR → DEL,07:10,10:10,3h,0,No Info,7229,12,04,2019,07,10,10,10,3h,
Air India,03/03/2019,Banglore,New Delhi,BLR → HYD → DEL,08:15,12:15,4h,1,No Info,6273,03,03,2019,08,15,12,15,4h,
Air India,9/06/2019,Mumbai,Hyderabad,BOM → HYD,15:00,16:25,1:25,0,No Info,3100,9,06,2019,15,00,16,25,1,25
IndiGo,18/06/2019,Kolkata,Banglore,CCU → BLR,22:15,00:50,2:35,0,No Info,4804,18,06,2019,22,15,00,50,2,35
Jet Airways,24/03/2019,Banglore,New Delhi,BLR → DEL,19:55,22:35,2:40,0,No Info,7229,24,03,2019,19,55,22,35,2,40
SpiceJet,18/04/2019,Kolkata,Banglore,CCU → BLR,09:00,11:25,2:25,0,No check-in baggage included,3841,18,04,2019,09,00,11,25,2,25
Jet Airways,18/05/2019,Kolkata,Banglore,CCU → BOM → BLR,20:00,08:15,12:15,1,In-flight meal not included,8586,18,05,2019,20,00,08,15,12,15
Multiple carriers,15/06/2019,Delhi,Cochin,DEL → BOM → COK,08:30,19:00,10:30,1,No Info,11200,15,06,2019,08,30,19,00,10,30
Multiple carriers,6/03/2019,Delhi,Cochin,DEL → BOM → COK,07:05,13:20,6:15,1,No Info,17267,6,03,2019,07,05,13,20,6,15
Jet Airways,9/05/2019,Kolkata,Banglore,CCU → BOM → BLR,18:55,10:05,15:10,1,In-flight meal not included,8586,9,05,2019,18,55,10,05,15,10
Air India,9/05/2019,Kolkata,Banglore,CCU → BOM → GOI → BLR,16:50,05:35,12:45,2,No Info,11432,9,05,2019,16,50,05,35,12,45
Air India,1/06/2019,Delhi,Cochin,DEL → JAI → BOM → COK,18:45,19:15,24:30,2,No Info,12940,1,06,2019,18,45,19,15,24,30
IndiGo,1/03/2019,Mumbai,Hyderabad,BOM → HYD,21:20,22:45,1:25,0,No Info,12475,1,03,2019,21,20,22,45,1,25
Jet Airways,24/03/2019,Kolkata,Banglore,CCU → BOM → BLR,16:55,22:35,5:40,1,In-flight meal not included,11134,24,03,2019,16,55,22,35,5,40
IndiGo,18/04/2019,Kolkata,Banglore,CCU → BLR,09:35,12:20,2:45,0,No Info,5644,18,04,2019,09,35,12,20,2,45
Multiple carriers,12/06/2019,Delhi,Cochin,DEL → BOM → COK,11:25,19:00,7:35,1,No Info,10877,12,06,2019,11,25,19,00,7,35
Jet Airways,21/04/2019,Banglore,Delhi,BLR → DEL,06:00,08:45,2:45,0,No Info,7229,21,04,2019,06,00,08,45,2,45
Jet Airways,9/05/2019,Kolkata,Banglore,CCU → BOM → BLR,16:30,18:15,25:45,1,In-flight meal not included,8586,9,05,2019,16,30,18,15,25,45
Jet Airways,12/06/2019,Delhi,Cochin,DEL → JAI → BOM → COK,05:30,19:00,13:30,2,In-flight meal not included,10368,12,06,2019,05,30,19,00,13,30
Air India,1/06/2019,Delhi,Cochin,DEL → AMD → BOM → COK,16:40,19:15,26:35,2,No Info,9863,1,06,2019,16,40,19,15,26,35
IndiGo,12/06/2019,Kolkata,Banglore,CCU → BBI → BLR,07:10,12:40,5:30,1,No Info,4864,12,06,2019,07,10,12,40,5,30
Air Asia,12/03/2019,Kolkata,Banglore,CCU → BLR,19:35,22:05,2:30,0,No Info,4384,12,03,2019,19,35,22,05,2,30
Air India,18/05/2019,Delhi,Cochin,DEL → CCU → BOM → COK,06:50,07:40,24:50,2,No Info,13591,18,05,2019,06,50,07,40,24,50
Jet Airways,15/05/2019,Kolkata,Banglore,CCU → DEL → BLR,09:35,19:10,9:35,1,In-flight meal not included,12384,15,05,2019,09,35,19,10,9,35
Jet Airways,18/05/2019,Delhi,Cochin,DEL → BOM → COK,15:00,04:25,13:25,1,In-flight meal not included,12373,18,05,2019,15,00,04,25,13,25
Jet Airways,6/06/2019,Delhi,Cochin,DEL → JAI → BOM → COK,05:30,19:00,13:30,2,In-flight meal not included,10368,6,06,2019,05,30,19,00,13,30
Air India,1/05/2019,Kolkata,Banglore,CCU → IXR → DEL → BLR,05:50,12:30,30:40,2,No Info,12723,1,05,2019,05,50,12,30,30,40
Jet Airways,21/03/2019,Delhi,Cochin,DEL → BOM → COK,22:00,18:50,20:50,1,No Info,12242,21,03,2019,22,00,18,50,20,50
Jet Airways,12/06/2019,Banglore,Delhi,BLR → DEL,11:10,14:05,2:55,0,In-flight meal not included,5769,12,06,2019,11,10,14,05,2,55
IndiGo,21/05/2019,Delhi,Cochin,DEL → BOM → COK,07:30,21:00,13:30,1,No Info,7006,21,05,2019,07,30,21,00,13,30
Air India,27/05/2019,Delhi,Cochin,DEL → BOM → COK,21:00,19:15,22:15,1,No Info,8372,27,05,2019,21,00,19,15,22,15
Jet Airways,24/05/2019,Kolkata,Banglore,CCU → BOM → BLR,14:05,09:20,19:15,1,No Info,14178,24,05,2019,14,05,09,20,19,15
Jet Airways,01/03/2019,Banglore,New Delhi,BLR → BOM → DEL,14:05,09:00,18:55,1,No Info,20800,01,03,2019,14,05,09,00,18,55
Vistara,1/05/2019,Kolkata,Banglore,CCU → DEL → BLR,07:10,09:05,25:55,1,No Info,8452,1,05,2019,07,10,09,05,25,55
Jet Airways,12/05/2019,Kolkata,Banglore,CCU → BOM → BLR,21:10,18:15,21:5,1,In-flight meal not included,10844,12,05,2019,21,10,18,15,21,5
Vistara,12/05/2019,Banglore,Delhi,BLR → DEL,21:00,23:50,2:50,0,No Info,4668,12,05,2019,21,00,23,50,2,50
Jet Airways,1/04/2019,Kolkata,Banglore,CCU → BOM → BLR,16:30,20:45,28:15,1,No Info,12681,1,04,2019,16,30,20,45,28,15
Air India,6/04/2019,Delhi,Cochin,DEL → MAA → COK,06:05,09:25,27:20,1,No Info,4487,6,04,2019,06,05,09,25,27,20
Jet Airways,9/06/2019,Kolkata,Banglore,CCU → BOM → BLR,14:05,19:50,5:45,1,No Info,14571,9,06,2019,14,05,19,50,5,45
SpiceJet,27/04/2019,Kolkata,Banglore,CCU → BLR,22:20,00:40,2:20,0,No check-in baggage included,3841,27,04,2019,22,20,00,40,2,20
SpiceJet,3/06/2019,Kolkata,Banglore,CCU → BLR,22:20,00:40,2:20,0,No Info,3873,3,06,2019,22,20,00,40,2,20
Air India,1/05/2019,Kolkata,Banglore,CCU → BOM → COK → BLR,16:50,13:45,20:55,2,No Info,16372,1,05,2019,16,50,13,45,20,55
Air India,24/05/2019,Kolkata,Banglore,CCU → BOM → AMD → BLR,09:25,05:25,20h,2,No Info,14897,24,05,2019,09,25,05,25,20h,
Multiple carriers,15/06/2019,Delhi,Cochin,DEL → BOM → COK,10:35,19:15,8:40,1,No Info,8614,15,06,2019,10,35,19,15,8,40
Air India,27/06/2019,Delhi,Cochin,DEL → AMD → BOM → COK,16:40,19:15,26:35,2,No Info,9653,27,06,2019,16,40,19,15,26,35
IndiGo,21/05/2019,Kolkata,Banglore,CCU → HYD → BLR,19:20,23:45,4:25,1,No Info,3574,21,05,2019,19,20,23,45,4,25
Jet Airways,1/04/2019,Kolkata,Banglore,CCU → BOM → BLR,20:00,16:20,20:20,1,In-flight meal not included,7064,1,04,2019,20,00,16,20,20,20
IndiGo,21/06/2019,Mumbai,Hyderabad,BOM → HYD,09:10,10:40,1:30,0,No Info,5755,21,06,2019,09,10,10,40,1,30
Air India,18/05/2019,Kolkata,Banglore,CCU → BOM → COK → BLR,16:50,13:45,20:55,2,No Info,13432,18,05,2019,16,50,13,45,20,55
Air India,9/05/2019,Delhi,Cochin,DEL → BOM → COK,07:00,19:15,12:15,1,No Info,8669,9,05,2019,07,00,19,15,12,15
Multiple carriers,3/03/2019,Delhi,Cochin,DEL → BOM → COK,02:15,11:30,9:15,1,No Info,17057,3,03,2019,02,15,11,30,9,15
Jet Airways,06/03/2019,Banglore,New Delhi,BLR → BOM → DEL,14:05,09:30,19:25,1,No Info,17261,06,03,2019,14,05,09,30,19,25
Multiple carriers,6/06/2019,Delhi,Cochin,DEL → BOM → COK,15:15,01:30,10:15,1,No Info,6795,6,06,2019,15,15,01,30,10,15
Jet Airways,6/05/2019,Kolkata,Banglore,CCU → BOM → BLR,14:05,20:45,6:40,1,In-flight meal not included,9663,6,05,2019,14,05,20,45,6,40
Multiple carriers,15/06/2019,Delhi,Cochin,DEL → BOM → COK,08:45,19:00,10:15,1,No Info,11789,15,06,2019,08,45,19,00,10,15
Jet Airways,24/06/2019,Delhi,Cochin,DEL → BOM → COK,18:15,19:00,24:45,1,In-flight meal not included,10262,24,06,2019,18,15,19,00,24,45
SpiceJet,15/05/2019,Kolkata,Banglore,CCU → IXB → BLR,11:15,18:30,7:15,1,No Info,8844,15,05,2019,11,15,18,30,7,15
Jet Airways,12/05/2019,Banglore,Delhi,BLR → DEL,15:15,18:10,2:55,0,In-flight meal not included,4544,12,05,2019,15,15,18,10,2,55
Multiple carriers,27/03/2019,Delhi,Cochin,DEL → BOM → COK,07:00,13:20,6:20,1,No Info,6148,27,03,2019,07,00,13,20,6,20
IndiGo,27/05/2019,Mumbai,Hyderabad,BOM → HYD,20:05,21:40,1:35,0,No Info,2227,27,05,2019,20,05,21,40,1,35
Jet Airways,12/06/2019,Delhi,Cochin,DEL → IDR → BOM → COK,05:30,04:25,22:55,2,No Info,13292,12,06,2019,05,30,04,25,22,55
Air Asia,24/03/2019,Banglore,New Delhi,BLR → DEL,23:25,02:10,2:45,0,No Info,3383,24,03,2019,23,25,02,10,2,45
Jet Airways,12/06/2019,Delhi,Cochin,DEL → ATQ → BOM → COK,20:00,19:00,23h,2,No Info,14300,12,06,2019,20,00,19,00,23h,
Jet Airways,21/05/2019,Kolkata,Banglore,CCU → BOM → BLR,18:55,12:00,17:5,1,In-flight meal not included,10844,21,05,2019,18,55,12,00,17,5
SpiceJet,12/06/2019,Delhi,Cochin,DEL → PNQ → COK,08:45,13:15,4:30,1,No check-in baggage included,5158,12,06,2019,08,45,13,15,4,30
Jet Airways,27/06/2019,Delhi,Cochin,DEL → AMD → BOM → COK,23:05,12:35,13:30,2,No Info,12819,27,06,2019,23,05,12,35,13,30
IndiGo,3/06/2019,Delhi,Cochin,DEL → BOM → COK,16:00,01:30,9:30,1,No Info,6628,3,06,2019,16,00,01,30,9,30
Jet Airways,1/06/2019,Delhi,Cochin,DEL → BOM → COK,10:00,12:35,26:35,1,In-flight meal not included,10262,1,06,2019,10,00,12,35,26,35
Jet Airways,21/04/2019,Banglore,Delhi,BLR → DEL,15:15,18:10,2:55,0,In-flight meal not included,4544,21,04,2019,15,15,18,10,2,55
Jet Airways,9/05/2019,Delhi,Cochin,DEL → BOM → COK,18:15,19:00,24:45,1,In-flight meal not included,12373,9,05,2019,18,15,19,00,24,45
Air India,15/05/2019,Delhi,Cochin,DEL → AMD → BOM → COK,05:00,07:40,26:40,2,No Info,11281,15,05,2019,05,00,07,40,26,40
IndiGo,3/06/2019,Delhi,Cochin,DEL → HYD → COK,14:20,22:30,8:10,1,No Info,6938,3,06,2019,14,20,22,30,8,10
Multiple carriers,6/03/2019,Delhi,Cochin,DEL → BOM → COK,10:20,21:00,10:40,1,No Info,15147,6,03,2019,10,20,21,00,10,40
Air India,18/05/2019,Delhi,Cochin,DEL → AMD → BOM → COK,05:00,07:40,26:40,2,No Info,11228,18,05,2019,05,00,07,40,26,40
IndiGo,9/06/2019,Delhi,Cochin,DEL → MAA → COK,02:00,07:25,5:25,1,No Info,5636,9,06,2019,02,00,07,25,5,25
SpiceJet,12/05/2019,Banglore,Delhi,BLR → DEL,09:30,12:20,2:50,0,No check-in baggage included,4319,12,05,2019,09,30,12,20,2,50
IndiGo,21/03/2019,Banglore,New Delhi,BLR → DEL,20:00,22:55,2:55,0,No Info,6144,21,03,2019,20,00,22,55,2,55
Jet Airways,1/05/2019,Kolkata,Banglore,CCU → BOM → BLR,08:25,19:50,11:25,1,No Info,14781,1,05,2019,08,25,19,50,11,25
IndiGo,21/03/2019,Delhi,Cochin,DEL → BOM → COK,09:10,01:35,16:25,1,No Info,8765,21,03,2019,09,10,01,35,16,25
Jet Airways,12/05/2019,Kolkata,Banglore,CCU → BOM → BLR,06:30,04:40,22:10,1,In-flight meal not included,8586,12,05,2019,06,30,04,40,22,10
IndiGo,12/05/2019,Mumbai,Hyderabad,BOM → HYD,12:00,13:30,1:30,0,No Info,2754,12,05,2019,12,00,13,30,1,30
IndiGo,21/05/2019,Chennai,Kolkata,MAA → CCU,13:15,15:35,2:20,0,No Info,3597,21,05,2019,13,15,15,35,2,20
Jet Airways,18/05/2019,Mumbai,Hyderabad,BOM → HYD,07:05,08:30,1:25,0,In-flight meal not included,4050,18,05,2019,07,05,08,30,1,25
Jet Airways,09/03/2019,Banglore,New Delhi,BLR → BOM → DEL,08:00,21:20,13:20,1,In-flight meal not included,11087,09,03,2019,08,00,21,20,13,20
Jet Airways,3/06/2019,Banglore,Delhi,BLR → DEL,18:55,22:00,3:5,0,No Info,8016,3,06,2019,18,55,22,00,3,5
Multiple carriers,6/03/2019,Delhi,Cochin,DEL → BOM → COK,10:20,01:35,15:15,1,No Info,15147,6,03,2019,10,20,01,35,15,15
Jet Airways,1/04/2019,Banglore,Delhi,BLR → DEL,15:15,18:10,2:55,0,No Info,7229,1,04,2019,15,15,18,10,2,55
Jet Airways,1/06/2019,Delhi,Cochin,DEL → JAI → BOM → COK,09:40,12:35,26:55,2,No Info,13014,1,06,2019,09,40,12,35,26,55
IndiGo,27/05/2019,Mumbai,Hyderabad,BOM → HYD,02:35,04:05,1:30,0,No Info,2754,27,05,2019,02,35,04,05,1,30
Vistara,12/04/2019,Banglore,Delhi,BLR → DEL,17:00,19:35,2:35,0,No Info,5613,12,04,2019,17,00,19,35,2,35
IndiGo,27/04/2019,Delhi,Cochin,DEL → LKO → COK,21:50,03:35,5:45,1,No Info,6307,27,04,2019,21,50,03,35,5,45
IndiGo,6/04/2019,Kolkata,Banglore,CCU → BLR,17:15,19:50,2:35,0,No Info,4174,6,04,2019,17,15,19,50,2,35
IndiGo,27/06/2019,Kolkata,Banglore,CCU → BLR,22:15,00:50,2:35,0,No Info,4804,27,06,2019,22,15,00,50,2,35
Air India,15/05/2019,Kolkata,Banglore,CCU → GAU → DEL → BLR,16:45,08:55,16:10,2,No Info,14960,15,05,2019,16,45,08,55,16,10
Jet Airways,9/04/2019,Delhi,Cochin,DEL → AMD → BOM → COK,23:05,19:00,19:55,2,No Info,9483,9,04,2019,23,05,19,00,19,55
Vistara,6/06/2019,Kolkata,Banglore,CCU → DEL → BLR,20:20,22:40,26:20,1,No Info,8662,6,06,2019,20,20,22,40,26,20
Jet Airways,9/05/2019,Delhi,Cochin,DEL → JDH → BOM → COK,11:40,19:00,7:20,2,In-flight meal not included,19644,9,05,2019,11,40,19,00,7,20
GoAir,24/03/2019,Banglore,New Delhi,BLR → DEL,11:40,14:35,2:55,0,No Info,4340,24,03,2019,11,40,14,35,2,55
Jet Airways,21/05/2019,Kolkata,Banglore,CCU → BOM → BLR,20:00,18:15,22:15,1,In-flight meal not included,10844,21,05,2019,20,00,18,15,22,15
SpiceJet,9/05/2019,Kolkata,Banglore,CCU → IXB → BLR,15:55,21:25,5:30,1,No Info,8224,9,05,2019,15,55,21,25,5,30
Multiple carriers,3/03/2019,Delhi,Cochin,DEL → HYD → COK,07:05,16:10,9:5,1,No Info,7905,3,03,2019,07,05,16,10,9,5
Jet Airways,24/03/2019,Kolkata,Banglore,CCU → BOM → BLR,16:55,19:40,26:45,1,In-flight meal not included,11134,24,03,2019,16,55,19,40,26,45
IndiGo,15/05/2019,Delhi,Cochin,DEL → BLR → COK,02:00,07:45,5:45,1,No Info,6037,15,05,2019,02,00,07,45,5,45
Jet Airways,6/06/2019,Kolkata,Banglore,CCU → DEL → BLR,17:00,10:55,17:55,1,No Info,12692,6,06,2019,17,00,10,55,17,55
Multiple carriers,27/05/2019,Delhi,Cochin,DEL → BOM → COK,18:15,01:30,7:15,1,In-flight meal not included,7308,27,05,2019,18,15,01,30,7,15
Jet Airways,6/06/2019,Delhi,Cochin,DEL → JAI → BOM → COK,09:40,12:35,26:55,2,In-flight meal not included,11733,6,06,2019,09,40,12,35,26,55
Jet Airways,1/06/2019,Delhi,Cochin,DEL → BOM → COK,22:50,12:35,13:45,1,No Info,14714,1,06,2019,22,50,12,35,13,45
Jet Airways,15/05/2019,Kolkata,Banglore,CCU → BOM → BLR,06:30,12:00,5:30,1,No Info,14388,15,05,2019,06,30,12,00,5,30
Jet Airways,24/04/2019,Banglore,Delhi,BLR → DEL,18:55,22:00,3:5,0,No Info,7229,24,04,2019,18,55,22,00,3,5
Jet Airways,21/03/2019,Banglore,New Delhi,BLR → BOM → DEL,21:25,11:25,14h,1,In-flight meal not included,7832,21,03,2019,21,25,11,25,14h,
Air India,3/06/2019,Delhi,Cochin,DEL → RPR → NAG → BOM → COK,05:15,19:15,38h,3,No Info,10493,3,06,2019,05,15,19,15,38h,
Jet Airways,9/03/2019,Delhi,Cochin,DEL → BOM → COK,18:15,18:50,24:35,1,In-flight meal not included,14053,9,03,2019,18,15,18,50,24,35
IndiGo,6/03/2019,Chennai,Kolkata,MAA → CCU,07:55,10:15,2:20,0,No Info,7295,6,03,2019,07,55,10,15,2,20
Air India,21/05/2019,Kolkata,Banglore,CCU → JAI → BOM → BLR,08:20,11:10,26:50,2,No Info,11222,21,05,2019,08,20,11,10,26,50
Multiple carriers,18/05/2019,Delhi,Cochin,DEL → BOM → COK,19:00,01:30,6:30,1,No Info,7670,18,05,2019,19,00,01,30,6,30
Multiple carriers,6/06/2019,Delhi,Cochin,DEL → BOM → COK,10:35,19:00,8:25,1,No Info,10877,6,06,2019,10,35,19,00,8,25
Multiple carriers,3/03/2019,Delhi,Cochin,DEL → BOM → COK,07:05,15:30,8:25,1,No Info,17057,3,03,2019,07,05,15,30,8,25
Jet Airways,6/06/2019,Delhi,Cochin,DEL → IDR → BOM → COK,05:30,19:00,13:30,2,In-flight meal not included,11507,6,06,2019,05,30,19,00,13,30
Jet Airways,18/06/2019,Delhi,Cochin,DEL → COK,09:50,13:05,3:15,0,In-flight meal not included,4466,18,06,2019,09,50,13,05,3,15
Air India,1/06/2019,Delhi,Cochin,DEL → CCU → BOM → COK,16:55,19:15,26:20,2,No Info,13801,1,06,2019,16,55,19,15,26,20
IndiGo,1/03/2019,Kolkata,Banglore,CCU → BLR,21:25,00:05,2:40,0,No Info,4778,1,03,2019,21,25,00,05,2,40
Jet Airways,15/05/2019,Kolkata,Banglore,CCU → DEL → BLR,09:35,18:00,8:25,1,In-flight meal not included,12384,15,05,2019,09,35,18,00,8,25
Multiple carriers,27/06/2019,Delhi,Cochin,DEL → BOM → COK,04:55,12:35,7:40,1,No Info,10678,27,06,2019,04,55,12,35,7,40
Air India,9/03/2019,Delhi,Cochin,DEL → TRV → COK,05:15,06:50,25:35,1,No Info,9790,9,03,2019,05,15,06,50,25,35
Jet Airways,1/05/2019,Kolkata,Banglore,CCU → BOM → BLR,14:05,12:00,21:55,1,No Info,14388,1,05,2019,14,05,12,00,21,55
SpiceJet,12/06/2019,Banglore,Delhi,BLR → DEL,05:55,08:35,2:40,0,No check-in baggage included,4319,12,06,2019,05,55,08,35,2,40
Jet Airways,3/05/2019,Mumbai,Hyderabad,BOM → HYD,02:55,04:20,1:25,0,No Info,5678,3,05,2019,02,55,04,20,1,25
Vistara,6/04/2019,Banglore,Delhi,BLR → DEL,07:00,09:40,2:40,0,No Info,5613,6,04,2019,07,00,09,40,2,40
Jet Airways,6/05/2019,Kolkata,Banglore,CCU → BOM → BLR,20:00,09:20,13:20,1,In-flight meal not included,9663,6,05,2019,20,00,09,20,13,20
Jet Airways,18/06/2019,Banglore,Delhi,BLR → DEL,11:10,14:05,2:55,0,In-flight meal not included,5769,18,06,2019,11,10,14,05,2,55
Vistara,1/05/2019,Banglore,Delhi,BLR → DEL,21:00,23:50,2:50,0,No Info,4668,1,05,2019,21,00,23,50,2,50
Vistara,21/03/2019,Banglore,New Delhi,BLR → DEL,21:10,00:05,2:55,0,No Info,4878,21,03,2019,21,10,00,05,2,55
Air India,9/05/2019,Delhi,Cochin,DEL → BOM → COK,13:00,19:15,6:15,1,No Info,8372,9,05,2019,13,00,19,15,6,15
Air India,24/03/2019,Kolkata,Banglore,CCU → BOM → GOI → BLR,09:25,05:35,20:10,2,No Info,12352,24,03,2019,09,25,05,35,20,10
Jet Airways,6/06/2019,Delhi,Cochin,DEL → JAI → BOM → COK,19:30,12:35,17:5,2,In-flight meal not included,11733,6,06,2019,19,30,12,35,17,5
IndiGo,9/04/2019,Banglore,Delhi,BLR → DEL,18:55,21:50,2:55,0,No Info,4823,9,04,2019,18,55,21,50,2,55
IndiGo,27/04/2019,Kolkata,Banglore,CCU → BLR,15:15,17:45,2:30,0,No Info,4804,27,04,2019,15,15,17,45,2,30
Jet Airways,12/06/2019,Delhi,Cochin,DEL → BOM → COK,18:15,19:00,24:45,1,In-flight meal not included,10262,12,06,2019,18,15,19,00,24,45
Jet Airways,12/03/2019,Banglore,New Delhi,BLR → BOM → DEL,22:55,20:20,21:25,1,In-flight meal not included,11087,12,03,2019,22,55,20,20,21,25
Jet Airways,9/05/2019,Delhi,Cochin,DEL → JDH → BOM → COK,11:40,19:00,7:20,2,No Info,21219,9,05,2019,11,40,19,00,7,20
Air India,15/06/2019,Delhi,Cochin,DEL → BOM → COK,08:00,19:15,11:15,1,No Info,9929,15,06,2019,08,00,19,15,11,15
Air India,12/05/2019,Kolkata,Banglore,CCU → IXR → DEL → BLR,05:50,23:15,17:25,2,No Info,11411,12,05,2019,05,50,23,15,17,25
Air India,6/06/2019,Mumbai,Hyderabad,BOM → HYD,21:05,22:25,1:20,0,No Info,3100,6,06,2019,21,05,22,25,1,20
Jet Airways,27/06/2019,Delhi,Cochin,DEL → AMD → BOM → COK,23:05,19:00,19:55,2,In-flight meal not included,11150,27,06,2019,23,05,19,00,19,55
Jet Airways,27/05/2019,Delhi,Cochin,DEL → AMD → BOM → COK,13:25,04:25,15h,2,No Info,16704,27,05,2019,13,25,04,25,15h,
Jet Airways,12/03/2019,Banglore,New Delhi,BLR → BOM → DEL,20:35,21:20,24:45,1,In-flight meal not included,11087,12,03,2019,20,35,21,20,24,45
Air India,9/06/2019,Mumbai,Hyderabad,BOM → HYD,06:20,07:40,1:20,0,No Info,3100,9,06,2019,06,20,07,40,1,20
Multiple carriers,1/05/2019,Delhi,Cochin,DEL → BOM → COK,10:20,19:00,8:40,1,No Info,9794,1,05,2019,10,20,19,00,8,40
SpiceJet,21/05/2019,Banglore,Delhi,BLR → DEL,05:55,08:35,2:40,0,No check-in baggage included,3257,21,05,2019,05,55,08,35,2,40
Air Asia,9/04/2019,Kolkata,Banglore,CCU → BLR,19:55,22:25,2:30,0,No Info,4107,9,04,2019,19,55,22,25,2,30
Air India,27/04/2019,Kolkata,Banglore,CCU → BLR,20:45,23:20,2:35,0,No Info,4145,27,04,2019,20,45,23,20,2,35
Jet Airways,27/04/2019,Banglore,Delhi,BLR → DEL,08:20,11:20,3h,0,No Info,7229,27,04,2019,08,20,11,20,3h,
Vistara,01/03/2019,Banglore,New Delhi,BLR → DEL,11:30,14:10,2:40,0,No Info,12648,01,03,2019,11,30,14,10,2,40
Air India,9/05/2019,Delhi,Cochin,DEL → GOI → BOM → COK,10:55,19:15,8:20,2,No Info,11753,9,05,2019,10,55,19,15,8,20
